--------------------
BDMEP - INMET
--------------------
Estação           : ARAXA - MG (OMM: 83579)
Latitude  (graus) : -19.6
Longitude (graus) : -46.94
Altitude  (metros): 1023.61
Estação Operante
Inicio de operação: 07/09/1916
Periodo solicitado dos dados: 01/01/2018 a 30/03/2019
Os dados listados abaixo são os que encontram-se digitados no BDMEP
Hora em UTC
--------------------
Obs.: Os dados aparecem separados por ; (ponto e vírgula) no formato txt.
      Para o formato planilha XLS, siga as instruções <http://www.inmet.gov.br/projetos/rede/pesquisa/instrucao.html>
--------------------
Estacao;Data;Hora;Precipitacao;TempMaxima;TempMinima;Velocidade do Vento Media;
83579;01/01/2018;0000;;;;2.2;
83579;01/01/2018;1200;1.4;;18;;
83579;02/01/2018;0000;;;;1.9;
83579;02/01/2018;1200;10.8;;19.6;;
83579;03/01/2018;0000;;;;1.333333;
83579;03/01/2018;1200;19.8;;18.2;;
83579;04/01/2018;0000;;;;1.333333;
83579;04/01/2018;1200;2.8;;19.4;;
83579;05/01/2018;0000;;;;1.9;
83579;05/01/2018;1200;17.8;;19.2;;
83579;06/01/2018;0000;;;;1.633333;
83579;06/01/2018;1200;19.6;;18.8;;
83579;07/01/2018;0000;;;;1.066667;
83579;07/01/2018;1200;3.4;;19;;
83579;08/01/2018;0000;;;;1.366667;
83579;08/01/2018;1200;7.8;;18;;
83579;09/01/2018;0000;;;;1.6;
83579;09/01/2018;1200;2.2;;18.2;;
83579;10/01/2018;0000;;;;1.9;
83579;10/01/2018;1200;0;;19;;
83579;11/01/2018;0000;;;;1.333333;
83579;11/01/2018;1200;0;;19.6;;
83579;12/01/2018;0000;;;;1.066667;
83579;12/01/2018;1200;0;;18.6;;
83579;13/01/2018;0000;;;;1.066667;
83579;13/01/2018;1200;0;;18.2;;
83579;14/01/2018;0000;;;;3;
83579;14/01/2018;1200;0.4;;19.4;;
83579;15/01/2018;0000;;;;1.333333;
83579;15/01/2018;1200;1;;18.2;;
83579;16/01/2018;0000;;;;1.066667;
83579;16/01/2018;1200;4.4;;18.6;;
83579;17/01/2018;0000;;;;1.6;
83579;17/01/2018;1200;0;;20.6;;
83579;18/01/2018;0000;;;;1.9;
83579;18/01/2018;1200;0;;20;;
83579;19/01/2018;0000;;;;1.066667;
83579;19/01/2018;1200;0;;19;;
83579;20/01/2018;0000;;;;1.333333;
83579;20/01/2018;1200;0;;19.4;;
83579;21/01/2018;0000;;;;1.066667;
83579;21/01/2018;1200;0;;20.8;;
83579;22/01/2018;0000;;;;1.333333;
83579;22/01/2018;1200;0;;21.2;;
83579;23/01/2018;0000;;;;1.066667;
83579;23/01/2018;1200;0;;20.6;;
83579;24/01/2018;0000;;;;1.066667;
83579;24/01/2018;1200;2.8;;19.6;;
83579;25/01/2018;0000;;;;1.066667;
83579;25/01/2018;1200;1.2;;19.4;;
83579;26/01/2018;0000;;;;1.333333;
83579;26/01/2018;1200;0.2;;20.2;;
83579;27/01/2018;0000;;;;1.333333;
83579;27/01/2018;1200;0;;20.2;;
83579;28/01/2018;0000;;;;1.6;
83579;28/01/2018;1200;5.4;;20.2;;
83579;29/01/2018;0000;;;;1.633333;
83579;29/01/2018;1200;0;;19.8;;
83579;30/01/2018;0000;;;;1.633333;
83579;30/01/2018;1200;62.8;;19.2;;
83579;31/01/2018;0000;;;;1.133333;
83579;31/01/2018;1200;9.4;;20;;
83579;01/02/2018;0000;;;;1.333333;
83579;01/02/2018;1200;18.2;;19.8;;
83579;02/02/2018;0000;;;;1.066667;
83579;02/02/2018;1200;28.6;;20;;
83579;03/02/2018;0000;;;;1.6;
83579;03/02/2018;1200;14.8;;19.4;;
83579;04/02/2018;0000;;;;1.633333;
83579;04/02/2018;1200;10.8;;18.2;;
83579;05/02/2018;0000;;;;1.9;
83579;05/02/2018;1200;9.8;;18;;
83579;06/02/2018;0000;;;;1.333333;
83579;06/02/2018;1200;7.2;;18;;
83579;07/02/2018;0000;;;;1.066667;
83579;07/02/2018;1200;11.6;;17;;
83579;08/02/2018;0000;;;;1.066667;
83579;08/02/2018;1200;0;;18;;
83579;09/02/2018;0000;;;;1.066667;
83579;09/02/2018;1200;0;;20;;
83579;10/02/2018;0000;;;;0.8;
83579;10/02/2018;1200;11.6;;18;;
83579;11/02/2018;0000;;;;1.066667;
83579;11/02/2018;1200;0;;19.4;;
83579;12/02/2018;0000;;;;2.166667;
83579;12/02/2018;1200;0;;20.4;;
83579;13/02/2018;0000;;;;1.333333;
83579;13/02/2018;1200;8.4;;21.4;;
83579;14/02/2018;0000;;;;2.2;
83579;14/02/2018;1200;0.2;;20.2;;
83579;15/02/2018;0000;;;;1.9;
83579;15/02/2018;1200;0;;20;;
83579;16/02/2018;0000;;;;2.2;
83579;16/02/2018;1200;0;;19.2;;
83579;17/02/2018;0000;;;;2.166667;
83579;17/02/2018;1200;0;;19.2;;
83579;18/02/2018;0000;;;;2.2;
83579;18/02/2018;1200;0;;18.6;;
83579;19/02/2018;0000;;;;1.333333;
83579;19/02/2018;1200;34.4;;18.2;;
83579;20/02/2018;0000;;;;1.333333;
83579;20/02/2018;1200;22;;19;;
83579;21/02/2018;0000;;;;1.066667;
83579;21/02/2018;1200;0;;19.4;;
83579;22/02/2018;0000;;;;1.9;
83579;22/02/2018;1200;5.4;;19.6;;
83579;23/02/2018;0000;;;;0.8;
83579;23/02/2018;1200;0;;19;;
83579;24/02/2018;0000;;;;1.066667;
83579;24/02/2018;1200;0;;19;;
83579;25/02/2018;0000;;;;1.6;
83579;25/02/2018;1200;35;;18.8;;
83579;26/02/2018;0000;;;;0.8;
83579;26/02/2018;1200;2.6;;18.6;;
83579;27/02/2018;0000;;;;2.166667;
83579;27/02/2018;1200;27.2;;18.6;;
83579;28/02/2018;0000;;;;1.066667;
83579;28/02/2018;1200;9.8;;19.6;;
83579;01/03/2018;0000;;;;0.8;
83579;01/03/2018;1200;0;;20;;
83579;02/03/2018;0000;;;;1.9;
83579;02/03/2018;1200;0;;20.4;;
83579;03/03/2018;0000;;;;1.066667;
83579;03/03/2018;1200;0;;19.6;;
83579;04/03/2018;0000;;;;1.633333;
83579;04/03/2018;1200;0;;19.8;;
83579;05/03/2018;0000;;;;1.066667;
83579;05/03/2018;1200;0;;20.2;;
83579;06/03/2018;0000;;;;1.066667;
83579;06/03/2018;1200;0.8;;21;;
83579;07/03/2018;0000;;;;1.066667;
83579;07/03/2018;1200;0;;20.4;;
83579;08/03/2018;0000;;;;1.066667;
83579;08/03/2018;1200;6.4;;20;;
83579;09/03/2018;0000;;;;1.066667;
83579;09/03/2018;1200;0;;20.2;;
83579;10/03/2018;0000;;;;1.066667;
83579;10/03/2018;1200;25;;19.6;;
83579;11/03/2018;0000;;;;1.066667;
83579;11/03/2018;1200;4.6;;19.6;;
83579;12/03/2018;0000;;;;1.333333;
83579;12/03/2018;1200;3;;19.4;;
83579;13/03/2018;0000;;;;0.8;
83579;13/03/2018;1200;0;;19;;
83579;14/03/2018;0000;;;;1.066667;
83579;14/03/2018;1200;0;;21.6;;
83579;15/03/2018;0000;;;;1.333333;
83579;15/03/2018;1200;3.4;;20.2;;
83579;16/03/2018;0000;;;;1.333333;
83579;16/03/2018;1200;0;;21;;
83579;17/03/2018;0000;;;;1.066667;
83579;17/03/2018;1200;0;;18.8;;
83579;18/03/2018;0000;;;;1.333333;
83579;18/03/2018;1200;20.8;;18.8;;
83579;19/03/2018;0000;;;;1.633333;
83579;19/03/2018;1200;0;;19.2;;
83579;20/03/2018;0000;;;;1.6;
83579;20/03/2018;1200;0;;21;;
83579;21/03/2018;0000;;;;1.066667;
83579;21/03/2018;1200;0;;20;;
83579;22/03/2018;0000;;;;1.633333;
83579;22/03/2018;1200;6.2;;19.4;;
83579;23/03/2018;0000;;;;1.333333;
83579;23/03/2018;1200;0;;19.8;;
83579;24/03/2018;0000;;;;2.166667;
83579;24/03/2018;1200;0;;19.2;;
83579;25/03/2018;0000;;;;1.066667;
83579;25/03/2018;1200;2.4;;18.2;;
83579;26/03/2018;0000;;;;1.633333;
83579;26/03/2018;1200;2;;18.8;;
83579;27/03/2018;0000;;;;1.633333;
83579;27/03/2018;1200;0;;18.4;;
83579;28/03/2018;0000;;;;1.633333;
83579;28/03/2018;1200;0;;17.6;;
83579;29/03/2018;0000;;;;1.9;
83579;29/03/2018;1200;0;;18.4;;
83579;30/03/2018;0000;;;;1.633333;
83579;30/03/2018;1200;0;;18.2;;
83579;31/03/2018;0000;;;;1.333333;
83579;31/03/2018;1200;0;;18.6;;
83579;01/04/2018;0000;;;;1.9;
83579;01/04/2018;1200;0;;20;;
83579;02/04/2018;0000;;;;1.066667;
83579;02/04/2018;1200;18.4;;18.2;;
83579;03/04/2018;0000;;;;1.366667;
83579;03/04/2018;1200;6.5;;19.2;;
83579;04/04/2018;0000;;;;1.066667;
83579;04/04/2018;1200;74.2;;19.4;;
83579;05/04/2018;0000;;;;1.333333;
83579;05/04/2018;1200;0;;18.2;;
83579;06/04/2018;0000;;;;1.066667;
83579;06/04/2018;1200;0;;18.2;;
83579;07/04/2018;0000;;;;1.633333;
83579;07/04/2018;1200;57;;18.2;;
83579;08/04/2018;0000;;;;2.2;
83579;08/04/2018;1200;0;;18.4;;
83579;09/04/2018;0000;;;;1.9;
83579;09/04/2018;1200;0;;18.4;;
83579;10/04/2018;0000;;;;2.2;
83579;10/04/2018;1200;0;;17.4;;
83579;11/04/2018;0000;;;;1.9;
83579;11/04/2018;1200;0;;17.2;;
83579;12/04/2018;0000;;;;1.9;
83579;12/04/2018;1200;0;;16.4;;
83579;13/04/2018;0000;;;;1.9;
83579;13/04/2018;1200;0;;18;;
83579;14/04/2018;0000;;;;2.2;
83579;14/04/2018;1200;0;;18.8;;
83579;15/04/2018;0000;;;;1.633333;
83579;15/04/2018;1200;0;;19;;
83579;16/04/2018;0000;;;;3.6;
83579;16/04/2018;1200;0.3;;18;;
83579;17/04/2018;0000;;;;2.466667;
83579;17/04/2018;1200;0;;17;;
83579;18/04/2018;0000;;;;2.466667;
83579;18/04/2018;1200;0.4;;16;;
83579;19/04/2018;0000;;;;1.633333;
83579;19/04/2018;1200;0;;16.2;;
83579;20/04/2018;0000;;;;1.333333;
83579;20/04/2018;1200;0;;17;;
83579;21/04/2018;0000;;;;1.633333;
83579;21/04/2018;1200;0;;15.6;;
83579;22/04/2018;0000;;;;2.466667;
83579;22/04/2018;1200;0;;17;;
83579;23/04/2018;0000;;;;1.933333;
83579;23/04/2018;1200;0;;16.8;;
83579;24/04/2018;0000;;;;1.9;
83579;24/04/2018;1200;0;;16.2;;
83579;25/04/2018;0000;;;;2.766667;
83579;25/04/2018;1200;0.3;;17;;
83579;26/04/2018;0000;;;;2.166667;
83579;26/04/2018;1200;0;;17.2;;
83579;27/04/2018;0000;;;;1.6;
83579;27/04/2018;1200;0;;17.8;;
83579;28/04/2018;0000;;;;1.333333;
83579;28/04/2018;1200;0;;17.4;;
83579;29/04/2018;0000;;;;1.9;
83579;29/04/2018;1200;0;;17.4;;
83579;30/04/2018;0000;;;;1.9;
83579;30/04/2018;1200;0;;16.8;;
83579;01/05/2018;0000;;;;1.633333;
83579;01/05/2018;1200;0;;15.8;;
83579;02/05/2018;0000;;;;2.2;
83579;02/05/2018;1200;0;;17.2;;
83579;03/05/2018;0000;;;;2.166667;
83579;03/05/2018;1200;0;;16.8;;
83579;04/05/2018;0000;;;;2.166667;
83579;04/05/2018;1200;0;;17.6;;
83579;05/05/2018;0000;;;;2.466667;
83579;05/05/2018;1200;0;;17.6;;
83579;06/05/2018;0000;;;;0.8;
83579;06/05/2018;1200;0;;17;;
83579;07/05/2018;0000;;;;1.9;
83579;07/05/2018;1200;1;;18;;
83579;08/05/2018;0000;;;;1.9;
83579;08/05/2018;1200;0;;16;;
83579;09/05/2018;0000;;;;1.9;
83579;09/05/2018;1200;0;;15.6;;
83579;10/05/2018;0000;;;;2.2;
83579;10/05/2018;1200;0;;15;;
83579;11/05/2018;0000;;;;1.066667;
83579;11/05/2018;1200;0;;16.6;;
83579;12/05/2018;0000;;;;0.8;
83579;12/05/2018;1200;0;;15;;
83579;13/05/2018;0000;;;;1.366667;
83579;13/05/2018;1200;0;;17.6;;
83579;14/05/2018;0000;;;;2.2;
83579;14/05/2018;1200;0;;18.2;;
83579;15/05/2018;0000;;;;1.9;
83579;15/05/2018;1200;0;;16.8;;
83579;16/05/2018;0000;;;;1.9;
83579;16/05/2018;1200;0;;17;;
83579;17/05/2018;0000;;;;1.333333;
83579;17/05/2018;1200;0;;16;;
83579;18/05/2018;0000;;;;1.333333;
83579;18/05/2018;1200;0;;17.4;;
83579;19/05/2018;0000;;;;1.9;
83579;19/05/2018;1200;0;;15.2;;
83579;20/05/2018;0000;;;;2.2;
83579;20/05/2018;1200;19.8;;10.2;;
83579;21/05/2018;0000;;;;0.8;
83579;21/05/2018;1200;0;;6;;
83579;22/05/2018;0000;;;;0.8;
83579;22/05/2018;1200;0;;10.8;;
83579;23/05/2018;0000;;;;1.633333;
83579;23/05/2018;1200;0;;11.2;;
83579;24/05/2018;0000;;;;2.466667;
83579;24/05/2018;1200;0;;14.6;;
83579;25/05/2018;0000;;;;1.633333;
83579;25/05/2018;1200;0;;14.8;;
83579;26/05/2018;0000;;;;1.633333;
83579;26/05/2018;1200;0;;14.2;;
83579;27/05/2018;0000;;;;2.2;
83579;27/05/2018;1200;0;;14.2;;
83579;28/05/2018;0000;;;;2.166667;
83579;28/05/2018;1200;0;;13.6;;
83579;29/05/2018;0000;;;;2.2;
83579;29/05/2018;1200;0;;13.4;;
83579;30/05/2018;0000;;;;1.333333;
83579;30/05/2018;1200;0;;16;;
83579;31/05/2018;0000;;;;1.066667;
83579;31/05/2018;1200;0;;12;;
83579;01/06/2018;0000;;;;0.533333;
83579;01/06/2018;1200;0;;13;;
83579;02/06/2018;0000;;;;1.366667;
83579;02/06/2018;1200;0;;14;;
83579;03/06/2018;0000;;;;1.066667;
83579;03/06/2018;1200;0;;15.6;;
83579;04/06/2018;0000;;;;2.466667;
83579;04/06/2018;1200;0;;16.4;;
83579;05/06/2018;0000;;;;1.366667;
83579;05/06/2018;1200;0;;16;;
83579;06/06/2018;0000;;;;1.333333;
83579;06/06/2018;1200;0;;15.8;;
83579;07/06/2018;0000;;;;1.933333;
83579;07/06/2018;1200;0;;17;;
83579;08/06/2018;0000;;;;1.333333;
83579;08/06/2018;1200;0;;15.4;;
83579;09/06/2018;0000;;;;1.633333;
83579;09/06/2018;1200;0;;16.4;;
83579;10/06/2018;0000;;;;1.9;
83579;10/06/2018;1200;0;;17.2;;
83579;11/06/2018;0000;;;;1.066667;
83579;11/06/2018;1200;0;;17.6;;
83579;12/06/2018;0000;;;;1.066667;
83579;12/06/2018;1200;0;;16.4;;
83579;13/06/2018;0000;;;;1.333333;
83579;13/06/2018;1200;0;;17.2;;
83579;14/06/2018;0000;;;;1.066667;
83579;14/06/2018;1200;0;;16.4;;
83579;15/06/2018;0000;;;;1.933333;
83579;15/06/2018;1200;0;;18.4;;
83579;16/06/2018;0000;;;;1.633333;
83579;16/06/2018;1200;0;;16.8;;
83579;17/06/2018;0000;;;;1.633333;
83579;17/06/2018;1200;0;;16.2;;
83579;18/06/2018;0000;;;;1.9;
83579;18/06/2018;1200;0;;15.4;;
83579;19/06/2018;0000;;;;2.466667;
83579;19/06/2018;1200;0;;14.8;;
83579;20/06/2018;0000;;;;1.666667;
83579;20/06/2018;1200;0;;15.6;;
83579;21/06/2018;0000;;;;1.9;
83579;21/06/2018;1200;0;;14.6;;
83579;22/06/2018;0000;;;;1.066667;
83579;22/06/2018;1200;0;;15;;
83579;23/06/2018;0000;;;;1.333333;
83579;23/06/2018;1200;0;;16.8;;
83579;24/06/2018;0000;;;;1.9;
83579;24/06/2018;1200;0;;18.6;;
83579;25/06/2018;0000;;;;1.333333;
83579;25/06/2018;1200;0;;14.8;;
83579;26/06/2018;0000;;;;0.8;
83579;26/06/2018;1200;0;;17.8;;
83579;27/06/2018;0000;;;;1.6;
83579;27/06/2018;1200;0;;16.2;;
83579;28/06/2018;0000;;;;1.9;
83579;28/06/2018;1200;0;;16;;
83579;29/06/2018;0000;;;;2.166667;
83579;29/06/2018;1200;0;;14.4;;
83579;30/06/2018;0000;;;;1.066667;
83579;30/06/2018;1200;0;;14;;
83579;01/07/2018;0000;;;;0.8;
83579;01/07/2018;1200;0;;15.4;;
83579;02/07/2018;0000;;;;1.066667;
83579;02/07/2018;1200;0;;16.4;;
83579;03/07/2018;0000;;;;1.066667;
83579;03/07/2018;1200;0;;15.8;;
83579;04/07/2018;0000;;;;1.6;
83579;04/07/2018;1200;0;;15.2;;
83579;05/07/2018;0000;;;;1.333333;
83579;05/07/2018;1200;0;;15.8;;
83579;06/07/2018;0000;;;;2.2;
83579;06/07/2018;1200;0;;15.4;;
83579;07/07/2018;0000;;;;1.633333;
83579;07/07/2018;1200;0;;13.6;;
83579;08/07/2018;0000;;;;1.066667;
83579;08/07/2018;1200;0;;14.4;;
83579;09/07/2018;0000;;;;1.366667;
83579;09/07/2018;1200;0;;15;;
83579;10/07/2018;0000;;;;2.466667;
83579;10/07/2018;1200;0;;15.6;;
83579;11/07/2018;0000;;;;1.633333;
83579;11/07/2018;1200;0;;12.2;;
83579;12/07/2018;0000;;;;1.633333;
83579;12/07/2018;1200;0;;12;;
83579;13/07/2018;0000;;;;1.066667;
83579;13/07/2018;1200;0;;13;;
83579;14/07/2018;0000;;;;1.633333;
83579;14/07/2018;1200;0;;14.8;;
83579;15/07/2018;0000;;;;1.6;
83579;15/07/2018;1200;0;;15.2;;
83579;16/07/2018;0000;;;;1.9;
83579;16/07/2018;1200;0;;14.8;;
83579;17/07/2018;0000;;;;1.9;
83579;17/07/2018;1200;0;;14.6;;
83579;18/07/2018;0000;;;;2.5;
83579;18/07/2018;1200;0;;15.2;;
83579;19/07/2018;0000;;;;2.166667;
83579;19/07/2018;1200;0;;14.6;;
83579;20/07/2018;0000;;;;1.066667;
83579;20/07/2018;1200;0;;15.4;;
83579;21/07/2018;0000;;;;1.633333;
83579;21/07/2018;1200;0;;15.4;;
83579;22/07/2018;0000;;;;1.9;
83579;22/07/2018;1200;0;;15.6;;
83579;23/07/2018;0000;;;;2.166667;
83579;23/07/2018;1200;0;;15;;
83579;24/07/2018;0000;;;;1.9;
83579;24/07/2018;1200;0;;14.6;;
83579;25/07/2018;0000;;;;2.733333;
83579;25/07/2018;1200;0;;14.6;;
83579;26/07/2018;0000;;;;2.733333;
83579;26/07/2018;1200;0;;13.8;;
83579;27/07/2018;0000;;;;2.466667;
83579;27/07/2018;1200;0;;14;;
83579;28/07/2018;0000;;;;1.066667;
83579;28/07/2018;1200;0;;14.8;;
83579;29/07/2018;0000;;;;1.066667;
83579;29/07/2018;1200;0;;15.2;;
83579;30/07/2018;0000;;;;1.066667;
83579;30/07/2018;1200;0;;15.6;;
83579;31/07/2018;0000;;;;1.633333;
83579;31/07/2018;1200;0;;15.4;;
83579;01/08/2018;0000;;;;1.333333;
83579;01/08/2018;1200;0;;16.4;;
83579;02/08/2018;0000;;;;1.633333;
83579;02/08/2018;1200;0;;16.2;;
83579;03/08/2018;0000;;;;1.433333;
83579;03/08/2018;1200;4.8;;16.4;;
83579;04/08/2018;0000;;;;1.066667;
83579;04/08/2018;1200;3.8;;16.4;;
83579;05/08/2018;0000;;;;1.066667;
83579;05/08/2018;1200;0;;15.4;;
83579;06/08/2018;0000;;;;3.033333;
83579;06/08/2018;1200;0;;17;;
83579;07/08/2018;0000;;;;1.333333;
83579;07/08/2018;1200;0;;16;;
83579;08/08/2018;0000;;;;1.333333;
83579;08/08/2018;1200;0;;17.2;;
83579;09/08/2018;0000;;;;1.633333;
83579;09/08/2018;1200;9.4;;16.4;;
83579;10/08/2018;0000;;;;1.366667;
83579;10/08/2018;1200;0;;14.4;;
83579;11/08/2018;0000;;;;1.9;
83579;11/08/2018;1200;0;;8.4;;
83579;12/08/2018;0000;;;;1.066667;
83579;12/08/2018;1200;0;;10;;
83579;13/08/2018;0000;;;;2.733333;
83579;13/08/2018;1200;0;;12.6;;
83579;14/08/2018;0000;;;;2.466667;
83579;14/08/2018;1200;0;;14.6;;
83579;15/08/2018;0000;;;;1.333333;
83579;15/08/2018;1200;0;;16.4;;
83579;16/08/2018;0000;;;;2.466667;
83579;16/08/2018;1200;0;;18.6;;
83579;17/08/2018;0000;;;;2.166667;
83579;17/08/2018;1200;0;;16.2;;
83579;18/08/2018;0000;;;;2.733333;
83579;18/08/2018;1200;0;;14.4;;
83579;19/08/2018;0000;;;;2.2;
83579;19/08/2018;1200;0;;14.6;;
83579;20/08/2018;0000;;;;2.2;
83579;20/08/2018;1200;0;;15.8;;
83579;21/08/2018;0000;;;;2.466667;
83579;21/08/2018;1200;0;;16;;
83579;22/08/2018;0000;;;;2.733333;
83579;22/08/2018;1200;0;;15.6;;
83579;23/08/2018;0000;;;;2.733333;
83579;23/08/2018;1200;0;;17.2;;
83579;24/08/2018;0000;;;;1.9;
83579;24/08/2018;1200;0;;18;;
83579;25/08/2018;0000;;;;1.666667;
83579;25/08/2018;1200;0;;17.2;;
83579;26/08/2018;0000;;;;0.8;
83579;26/08/2018;1200;1;;16.2;;
83579;27/08/2018;0000;;;;3.033333;
83579;27/08/2018;1200;0;;16.4;;
83579;28/08/2018;0000;;;;3.566667;
83579;28/08/2018;1200;0;;15;;
83579;29/08/2018;0000;;;;3.3;
83579;29/08/2018;1200;0;;15;;
83579;30/08/2018;0000;;;;1.9;
83579;30/08/2018;1200;0;;15;;
83579;31/08/2018;0000;;;;1.066667;
83579;31/08/2018;1200;0;;16;;
83579;01/09/2018;0000;;;;1.9;
83579;01/09/2018;1200;0;;17.6;;
83579;02/09/2018;0000;;;;1.633333;
83579;02/09/2018;1200;0;;18.4;;
83579;03/09/2018;0000;;;;2.2;
83579;03/09/2018;1200;0;;16.4;;
83579;04/09/2018;0000;;;;1.933333;
83579;04/09/2018;1200;0;;11.2;;
83579;05/09/2018;0000;;;;2.166667;
83579;05/09/2018;1200;0;;9.4;;
83579;06/09/2018;0000;;;;3.3;
83579;06/09/2018;1200;0;;13.4;;
83579;07/09/2018;0000;;;;2.733333;
83579;07/09/2018;1200;0;;16.4;;
83579;08/09/2018;0000;;;;2.733333;
83579;08/09/2018;1200;0;;16.4;;
83579;09/09/2018;0000;;;;1.933333;
83579;09/09/2018;1200;0;;15.8;;
83579;10/09/2018;0000;;;;1.6;
83579;10/09/2018;1200;0;;17.4;;
83579;11/09/2018;0000;;;;1.066667;
83579;11/09/2018;1200;0;;17;;
83579;12/09/2018;0000;;;;3;
83579;12/09/2018;1200;0;;16.8;;
83579;13/09/2018;0000;;;;2.733333;
83579;13/09/2018;1200;0;;16.2;;
83579;14/09/2018;0000;;;;1.9;
83579;14/09/2018;1200;0;;17;;
83579;15/09/2018;0000;;;;0.8;
83579;15/09/2018;1200;10.2;;16.4;;
83579;16/09/2018;0000;;;;1.333333;
83579;16/09/2018;1200;4.8;;16.2;;
83579;17/09/2018;0000;;;;1.066667;
83579;17/09/2018;1200;18.2;;17;;
83579;18/09/2018;0000;;;;1.066667;
83579;18/09/2018;1200;0.6;;17.4;;
83579;19/09/2018;0000;;;;1.633333;
83579;19/09/2018;1200;1.2;;14.4;;
83579;20/09/2018;0000;;;;0.8;
83579;20/09/2018;1200;46;;14.4;;
83579;21/09/2018;0000;;;;1.333333;
83579;21/09/2018;1200;5;;17;;
83579;22/09/2018;0000;;;;1.066667;
83579;22/09/2018;1200;0;;18;;
83579;23/09/2018;0000;;;;1.9;
83579;23/09/2018;1200;0;;19.8;;
83579;24/09/2018;0000;;;;1.6;
83579;24/09/2018;1200;0;;19.8;;
83579;25/09/2018;0000;;;;1.333333;
83579;25/09/2018;1200;0;;20.6;;
83579;26/09/2018;0000;;;;2.733333;
83579;26/09/2018;1200;0;;20.4;;
83579;27/09/2018;0000;;;;2.2;
83579;27/09/2018;1200;0;;21;;
83579;28/09/2018;0000;;;;1.333333;
83579;28/09/2018;1200;0;;20.2;;
83579;29/09/2018;0000;;;;2.166667;
83579;29/09/2018;1200;0;;21.4;;
83579;30/09/2018;0000;;;;2.466667;
83579;30/09/2018;1200;0;;19.8;;
83579;01/10/2018;0000;;;;1.333333;
83579;01/10/2018;1200;3.4;;18.4;;
83579;02/10/2018;0000;;;;1.066667;
83579;02/10/2018;1200;1;;18.4;;
83579;03/10/2018;0000;;;;1.333333;
83579;03/10/2018;1200;12;;18;;
83579;04/10/2018;0000;;;;1.9;
83579;04/10/2018;1200;0;;20.4;;
83579;05/10/2018;0000;;;;2.466667;
83579;05/10/2018;1200;0;;20.2;;
83579;06/10/2018;0000;;;;2.733333;
83579;06/10/2018;1200;15.4;;18.8;;
83579;07/10/2018;0000;;;;1.9;
83579;07/10/2018;1200;82.6;;18.2;;
83579;08/10/2018;0000;;;;1.633333;
83579;08/10/2018;1200;2;;18.6;;
83579;09/10/2018;0000;;;;1.366667;
83579;09/10/2018;1200;0;;19.8;;
83579;10/10/2018;0000;;;;1.6;
83579;10/10/2018;1200;7;;19.2;;
83579;11/10/2018;0000;;;;3.3;
83579;11/10/2018;1200;1;;20;;
83579;12/10/2018;0000;;;;2.733333;
83579;12/10/2018;1200;0.2;;20.2;;
83579;13/10/2018;0000;;;;1.633333;
83579;13/10/2018;1200;0;;20.6;;
83579;14/10/2018;0000;;;;1.9;
83579;14/10/2018;1200;1.6;;20.6;;
83579;15/10/2018;0000;;;;1.333333;
83579;15/10/2018;1200;0;;20.6;;
83579;16/10/2018;0000;;;;1.366667;
83579;16/10/2018;1200;2;;19.8;;
83579;17/10/2018;0000;;;;1.333333;
83579;17/10/2018;1200;0;;19.6;;
83579;18/10/2018;0000;;;;1.066667;
83579;18/10/2018;1200;13.6;;18.8;;
83579;19/10/2018;0000;;;;1.066667;
83579;19/10/2018;1200;23;;18.2;;
83579;20/10/2018;0000;;;;3;
83579;20/10/2018;1200;1;;18.4;;
83579;21/10/2018;0000;;;;2.733333;
83579;21/10/2018;1200;0;;16;;
83579;22/10/2018;0000;;;;1.9;
83579;22/10/2018;1200;0;;17.4;;
83579;23/10/2018;0000;;;;1.633333;
83579;23/10/2018;1200;0;;18.6;;
83579;24/10/2018;0000;;;;1.066667;
83579;24/10/2018;1200;0;;20.4;;
83579;25/10/2018;0000;;;;1.066667;
83579;25/10/2018;1200;21.8;;17.6;;
83579;26/10/2018;0000;;;;1.333333;
83579;26/10/2018;1200;10.6;;18.8;;
83579;27/10/2018;0000;;;;3.833333;
83579;27/10/2018;1200;0;;19.6;;
83579;28/10/2018;0000;;;;1.633333;
83579;28/10/2018;1200;1.8;;18.8;;
83579;29/10/2018;0000;;;;1.633333;
83579;29/10/2018;1200;0;;17.6;;
83579;30/10/2018;0000;;;;1.633333;
83579;30/10/2018;1200;0;;19.8;;
83579;31/10/2018;0000;;;;2.433333;
83579;31/10/2018;1200;0;;20;;
83579;01/11/2018;0000;;;;1.633333;
83579;01/11/2018;1200;0.2;;19.4;;
83579;02/11/2018;0000;;;;1.066667;
83579;02/11/2018;1200;0;;18.8;;
83579;03/11/2018;0000;;;;3;
83579;03/11/2018;1200;0.4;;20.2;;
83579;04/11/2018;0000;;;;1.366667;
83579;04/11/2018;1200;41;;18.6;;
83579;05/11/2018;0000;;;;2.2;
83579;05/11/2018;1200;33;;18.6;;
83579;06/11/2018;0000;;;;2.166667;
83579;06/11/2018;1200;0;;18.8;;
83579;07/11/2018;0000;;;;2.466667;
83579;07/11/2018;1200;2;;18.8;;
83579;08/11/2018;0000;;;;2.766667;
83579;08/11/2018;1200;20;;16;;
83579;09/11/2018;0000;;;;2.466667;
83579;09/11/2018;1200;59.2;;14.8;;
83579;10/11/2018;0000;;;;1.6;
83579;10/11/2018;1200;29.8;;15.8;;
83579;11/11/2018;0000;;;;1.066667;
83579;11/11/2018;1200;2;;18.2;;
83579;12/11/2018;0000;;;;1.633333;
83579;12/11/2018;1200;0;;19.2;;
83579;13/11/2018;0000;;;;1.9;
83579;13/11/2018;1200;0;;19.4;;
83579;14/11/2018;0000;;;;1.6;
83579;14/11/2018;1200;0;;19.8;;
83579;15/11/2018;0000;;;;1.066667;
83579;15/11/2018;1200;0;;19.8;;
83579;16/11/2018;0000;;;;1.333333;
83579;16/11/2018;1200;0.4;;20.8;;
83579;17/11/2018;0000;;;;2.766667;
83579;17/11/2018;1200;1;;20;;
83579;18/11/2018;0000;;;;1.633333;
83579;18/11/2018;1200;0;;19.6;;
83579;19/11/2018;0000;;;;1.066667;
83579;19/11/2018;1200;44;;19.4;;
83579;20/11/2018;0000;;;;1.066667;
83579;20/11/2018;1200;28.2;;18.8;;
83579;21/11/2018;0000;;;;1.333333;
83579;21/11/2018;1200;24.8;;17.4;;
83579;22/11/2018;0000;;;;2.766667;
83579;22/11/2018;1200;20.6;;17;;
83579;23/11/2018;0000;;;;2.2;
83579;23/11/2018;1200;4;;18.4;;
83579;24/11/2018;0000;;;;2.166667;
83579;24/11/2018;1200;73.2;;17.6;;
83579;25/11/2018;0000;;;;1.6;
83579;25/11/2018;1200;43.6;;17.4;;
83579;26/11/2018;0000;;;;1.633333;
83579;26/11/2018;1200;10.4;;17.4;;
83579;27/11/2018;0000;;;;2.2;
83579;27/11/2018;1200;0;;17;;
83579;28/11/2018;0000;;;;2.2;
83579;28/11/2018;1200;0;;16.8;;
83579;29/11/2018;0000;;;;1.6;
83579;29/11/2018;1200;0;;18;;
83579;30/11/2018;0000;;;;1.9;
83579;30/11/2018;1200;0;;19.6;;
83579;01/12/2018;0000;;;;1.066667;
83579;01/12/2018;1200;35.8;;18.2;;
83579;02/12/2018;0000;;;;1.066667;
83579;02/12/2018;1200;39.4;;19;;
83579;03/12/2018;0000;;;;2.166667;
83579;03/12/2018;1200;20.4;;19.6;;
83579;04/12/2018;0000;;;;1.066667;
83579;04/12/2018;1200;0;;18.6;;
83579;05/12/2018;0000;;;;0.8;
83579;05/12/2018;1200;0;;20.6;;
83579;06/12/2018;0000;;;;1.066667;
83579;06/12/2018;1200;0;;19.8;;
83579;07/12/2018;0000;;;;1.366667;
83579;07/12/2018;1200;1.8;;19.4;;
83579;08/12/2018;0000;;;;2.2;
83579;08/12/2018;1200;4.8;;17.8;;
83579;09/12/2018;0000;;;;2.766667;
83579;09/12/2018;1200;0;;16.4;;
83579;10/12/2018;0000;;;;2.166667;
83579;10/12/2018;1200;0;;17.2;;
83579;11/12/2018;0000;;;;1.133333;
83579;11/12/2018;1200;0;;17.2;;
83579;12/12/2018;0000;;;;1.633333;
83579;12/12/2018;1200;0;;16.2;;
83579;13/12/2018;0000;;;;1.066667;
83579;13/12/2018;1200;22;;18;;
83579;14/12/2018;0000;;;;1.6;
83579;14/12/2018;1200;4.6;;17.4;;
83579;15/12/2018;0000;;;;0.8;
83579;15/12/2018;1200;0;;19.4;;
83579;16/12/2018;0000;;;;1.333333;
83579;16/12/2018;1200;2;;20.8;;
83579;17/12/2018;0000;;;;1.333333;
83579;17/12/2018;1200;0;;20.8;;
83579;18/12/2018;0000;;;;0.8;
83579;18/12/2018;1200;0;;21.6;;
83579;19/12/2018;0000;;;;1.333333;
83579;19/12/2018;1200;0;;21.2;;
83579;20/12/2018;0000;;;;1.333333;
83579;20/12/2018;1200;0;;19.4;;
83579;21/12/2018;0000;;;;1.066667;
83579;21/12/2018;1200;1.2;;18.2;;
83579;22/12/2018;0000;;;;1.9;
83579;22/12/2018;1200;0;;19.8;;
83579;23/12/2018;0000;;;;1.066667;
83579;23/12/2018;1200;22.2;;18.8;;
83579;24/12/2018;0000;;;;1.633333;
83579;24/12/2018;1200;0;;19.8;;
83579;25/12/2018;0000;;;;1.633333;
83579;25/12/2018;1200;0;;19.8;;
83579;26/12/2018;0000;;;;1.366667;
83579;26/12/2018;1200;0.2;;18.2;;
83579;27/12/2018;0000;;;;1.333333;
83579;27/12/2018;1200;2.8;;19.4;;
83579;28/12/2018;0000;;;;1.066667;
83579;28/12/2018;1200;33.6;;18.4;;
83579;29/12/2018;0000;;;;1.066667;
83579;29/12/2018;1200;2.4;;19;;
83579;30/12/2018;0000;;;;1.333333;
83579;30/12/2018;1200;14.6;;19;;
83579;31/12/2018;0000;;;;1.633333;
83579;31/12/2018;1200;4.6;;19.6;;
83579;01/01/2019;0000;;;;1.633333;
83579;01/01/2019;1200;23.2;;19;;
83579;02/01/2019;0000;;;;1.066667;
83579;02/01/2019;1200;2;;19.2;;
83579;03/01/2019;0000;;;;1.066667;
83579;03/01/2019;1200;0;;20;;
83579;04/01/2019;0000;;;;1.066667;
83579;04/01/2019;1200;11.2;;18.2;;
83579;05/01/2019;0000;;;;1.066667;
83579;05/01/2019;1200;1.8;;19.2;;
83579;06/01/2019;0000;;;;1.333333;
83579;06/01/2019;1200;0.2;;19;;
83579;07/01/2019;0000;;;;1.333333;
83579;07/01/2019;1200;0;;20.2;;
83579;08/01/2019;0000;;;;0.8;
83579;08/01/2019;1200;0;;20;;
83579;09/01/2019;0000;;;;1.633333;
83579;09/01/2019;1200;27.8;;18;;
83579;10/01/2019;0000;;;;1.633333;
83579;10/01/2019;1200;0;;19.2;;
83579;11/01/2019;0000;;;;1.066667;
83579;11/01/2019;1200;0;;19.4;;
83579;12/01/2019;0000;;;;1.066667;
83579;12/01/2019;1200;0;;20;;
83579;13/01/2019;0000;;;;1.066667;
83579;13/01/2019;1200;0.4;;20.6;;
83579;14/01/2019;0000;;;;1.333333;
83579;14/01/2019;1200;0.2;;20;;
83579;15/01/2019;0000;;;;1.333333;
83579;15/01/2019;1200;0;;19.6;;
83579;16/01/2019;0000;;;;1.7;
83579;16/01/2019;1200;0;;18;;
83579;17/01/2019;0000;;;;1.066667;
83579;17/01/2019;1200;42.2;;17.8;;
83579;18/01/2019;0000;;;;1.333333;
83579;18/01/2019;1200;0;;19.2;;
83579;19/01/2019;0000;;;;0.866667;
83579;19/01/2019;1200;0;;19.6;;
83579;20/01/2019;0000;;;;1.333333;
83579;20/01/2019;1200;7.8;;19.4;;
83579;21/01/2019;0000;;;;1.066667;
83579;21/01/2019;1200;0;;19.8;;
83579;22/01/2019;0000;;;;1.333333;
83579;22/01/2019;1200;11.4;;22;;
83579;23/01/2019;0000;;;;1.333333;
83579;23/01/2019;1200;3;;19.8;;
83579;24/01/2019;0000;;;;1.333333;
83579;24/01/2019;1200;0;;21;;
83579;25/01/2019;0000;;;;1.9;
83579;25/01/2019;1200;0;;21.4;;
83579;26/01/2019;0000;;;;1.9;
83579;26/01/2019;1200;30.2;;17.4;;
83579;27/01/2019;0000;;;;1.9;
83579;27/01/2019;1200;0;;17.6;;
83579;28/01/2019;0000;;;;1.9;
83579;28/01/2019;1200;0;;19.2;;
83579;29/01/2019;0000;;;;1.9;
83579;29/01/2019;1200;0;;21;;
83579;30/01/2019;0000;;;;1.9;
83579;30/01/2019;1200;0;;21.6;;
83579;31/01/2019;0000;;;;0.866667;
83579;31/01/2019;1200;0;;20;;
83579;01/02/2019;0000;;;;1.333333;
83579;01/02/2019;1200;0;;20.6;;
83579;02/02/2019;0000;;;;1.333333;
83579;02/02/2019;1200;0;;21.6;;
83579;03/02/2019;0000;;;;2.466667;
83579;03/02/2019;1200;0;;19.8;;
83579;04/02/2019;0000;;;;1.9;
83579;04/02/2019;1200;10.4;;19;;
83579;05/02/2019;0000;;;;1.366667;
83579;05/02/2019;1200;0;;18.6;;
83579;06/02/2019;0000;;;;1.066667;
83579;06/02/2019;1200;36.2;;16.4;;
83579;07/02/2019;0000;;;;1.066667;
83579;07/02/2019;1200;65.6;;16.6;;
83579;08/02/2019;0000;;;;1.066667;
83579;08/02/2019;1200;0.4;;19;;
83579;09/02/2019;0000;;;;1.066667;
83579;09/02/2019;1200;0;;19.8;;
83579;10/02/2019;0000;;;;1.6;
83579;10/02/2019;1200;0;;20.4;;
83579;11/02/2019;0000;;;;1.333333;
83579;11/02/2019;1200;1.4;;20.2;;
83579;12/02/2019;0000;;;;1.066667;
83579;12/02/2019;1200;11.8;;21;;
83579;13/02/2019;0000;;;;0.8;
83579;13/02/2019;1200;0;;19.2;;
83579;14/02/2019;0000;;;;1.333333;
83579;14/02/2019;1200;0;;19.4;;
83579;15/02/2019;0000;;;;1.066667;
83579;15/02/2019;1200;21.5;;19.4;;
83579;16/02/2019;0000;;;;0.8;
83579;16/02/2019;1200;10.8;;19;;
83579;17/02/2019;0000;;;;1.333333;
83579;17/02/2019;1200;105.8;;19.2;;
83579;18/02/2019;0000;;;;1.333333;
83579;18/02/2019;1200;5.8;;19.2;;
83579;19/02/2019;0000;;;;1.333333;
83579;19/02/2019;1200;3;;19.4;;
83579;20/02/2019;0000;;;;1.14296;
83579;20/02/2019;1200;0.2;;20;;
83579;21/02/2019;0000;;;;1.6;
83579;21/02/2019;1200;35.4;;18.6;;
83579;22/02/2019;0000;;;;1.9;
83579;22/02/2019;1200;11.8;;19.6;;
83579;23/02/2019;0000;;;;1.066667;
83579;23/02/2019;1200;0;;21;;
83579;24/02/2019;0000;;;;1.333333;
83579;24/02/2019;1200;0;;20.8;;
83579;25/02/2019;0000;;;;1.366667;
83579;25/02/2019;1200;0;;20.2;;
83579;26/02/2019;0000;;;;1.066667;
83579;26/02/2019;1200;0;;19;;
83579;27/02/2019;0000;;;;1.633333;
83579;27/02/2019;1200;19.8;;18;;
83579;28/02/2019;0000;;;;1.066667;
83579;28/02/2019;1200;26.2;;19;;
83579;01/03/2019;0000;;;;1.366667;
83579;01/03/2019;1200;16.8;;18.6;;
83579;02/03/2019;0000;;;;0.8;
83579;02/03/2019;1200;31;;18.6;;
83579;03/03/2019;0000;;;;1.066667;
83579;03/03/2019;1200;2;;19.2;;
83579;04/03/2019;0000;;;;1.333333;
83579;04/03/2019;1200;12.6;;17.4;;
83579;05/03/2019;0000;;;;1.066667;
83579;05/03/2019;1200;6;;18;;
83579;06/03/2019;0000;;;;1.9;
83579;06/03/2019;1200;0;;19.4;;
83579;07/03/2019;0000;;;;1.6;
83579;07/03/2019;1200;1.4;;18.8;;
83579;08/03/2019;0000;;;;1.066667;
83579;08/03/2019;1200;40.2;;18;;
83579;09/03/2019;0000;;;;1.066667;
83579;09/03/2019;1200;0.2;;19;;
83579;10/03/2019;0000;;;;1.633333;
83579;10/03/2019;1200;0;;20.4;;
83579;11/03/2019;0000;;;;1.633333;
83579;11/03/2019;1200;1;;19.4;;
83579;12/03/2019;0000;;;;1.333333;
83579;12/03/2019;1200;0;;18.8;;
83579;13/03/2019;0000;;;;1.066667;
83579;13/03/2019;1200;12.4;;18;;
83579;14/03/2019;0000;;;;1.9;
83579;14/03/2019;1200;0;;18.8;;
83579;15/03/2019;0000;;;;0.8;
83579;15/03/2019;1200;5.4;;19;;
83579;16/03/2019;0000;;;;1.066667;
83579;16/03/2019;1200;1.4;;19.2;;
83579;17/03/2019;0000;;;;1.633333;
83579;17/03/2019;1200;5.6;;19.6;;
83579;18/03/2019;0000;;;;0.8;
83579;18/03/2019;1200;2.4;;19.4;;
83579;19/03/2019;0000;;;;1.066667;
83579;19/03/2019;1200;0.8;;19;;
83579;20/03/2019;0000;;;;1.333333;
83579;20/03/2019;1200;0;;20;;
83579;21/03/2019;0000;;;;1.066667;
83579;21/03/2019;1200;18.2;;19.4;;
83579;22/03/2019;0000;;;;3.033333;
83579;22/03/2019;1200;0;;18.8;;
83579;23/03/2019;0000;;;;1.9;
83579;23/03/2019;1200;0;;18.8;;
83579;24/03/2019;0000;;;;1.633333;
83579;24/03/2019;1200;0;;18.2;;
83579;25/03/2019;0000;;;;1.633333;
83579;25/03/2019;1200;0;;19.2;;
83579;26/03/2019;0000;;;;1.633333;
83579;26/03/2019;1200;0;;19.6;;
83579;27/03/2019;0000;;;;1.9;
83579;27/03/2019;1200;0;;20;;
83579;28/03/2019;0000;;;;1.6;
83579;28/03/2019;1200;0;;19;;
83579;29/03/2019;0000;;;;2.166667;
83579;29/03/2019;1200;0;;18.2;;
83579;30/03/2019;0000;;;;1.9;
83579;30/03/2019;1200;0;;17.8;;

		
	
[Fechar] <#>
	
		

