--------------------
BDMEP - INMET
--------------------
Estação           : ARINOS - MG (OMM: 83384)
Latitude  (graus) : -15.91
Longitude (graus) : -46.1
Altitude  (metros): 519.00
Estação Operante
Inicio de operação: 05/04/1976
Periodo solicitado dos dados: 01/01/2018 a 30/03/2019
Os dados listados abaixo são os que encontram-se digitados no BDMEP
Hora em UTC
--------------------
Obs.: Os dados aparecem separados por ; (ponto e vírgula) no formato txt.
      Para o formato planilha XLS, siga as instruções <http://www.inmet.gov.br/projetos/rede/pesquisa/instrucao.html>
--------------------
Estacao;Data;Hora;Precipitacao;TempMaxima;TempMinima;Velocidade do Vento Media;
83384;01/01/2018;0000;;34.1;;1;
83384;01/01/2018;1200;0.1;;22.6;;
83384;02/01/2018;0000;;33.7;;1;
83384;02/01/2018;1200;1.7;;21.8;;
83384;03/01/2018;0000;;35.1;;1;
83384;03/01/2018;1200;2.5;;22;;
83384;04/01/2018;0000;;31.3;;0.7;
83384;04/01/2018;1200;8;;22.4;;
83384;05/01/2018;0000;;24.9;;0.333333;
83384;05/01/2018;1200;3.8;;22.2;;
83384;06/01/2018;0000;;26.3;;0.833333;
83384;06/01/2018;1200;5.6;;20.8;;
83384;07/01/2018;0000;;32.5;;0.333333;
83384;07/01/2018;1200;27.7;;20.8;;
83384;08/01/2018;0000;;34.1;;0.5;
83384;08/01/2018;1200;0;;21.6;;
83384;09/01/2018;0000;;34.5;;0.333333;
83384;09/01/2018;1200;0;;21.4;;
83384;10/01/2018;0000;;33.5;;1.4;
83384;10/01/2018;1200;0;;22.6;;
83384;11/01/2018;0000;;32.7;;0.5;
83384;11/01/2018;1200;0;;21;;
83384;12/01/2018;0000;;33.3;;0.833333;
83384;12/01/2018;1200;0;;20;;
83384;13/01/2018;0000;;35.7;;0.333333;
83384;13/01/2018;1200;0;;21.2;;
83384;14/01/2018;0000;;31.1;;0;
83384;14/01/2018;1200;1;;21.2;;
83384;15/01/2018;0000;;34.3;;0.666667;
83384;15/01/2018;1200;0.1;;22;;
83384;16/01/2018;0000;;33.3;;0.833333;
83384;16/01/2018;1200;10.8;;21.8;;
83384;17/01/2018;0000;;33.7;;0.833333;
83384;17/01/2018;1200;0;;20.8;;
83384;18/01/2018;0000;;34.3;;1.166667;
83384;18/01/2018;1200;0;;21;;
83384;19/01/2018;0000;;34.9;;0.333333;
83384;19/01/2018;1200;0;;20.2;;
83384;20/01/2018;0000;;36.5;;0.333333;
83384;20/01/2018;1200;0;;20.6;;
83384;21/01/2018;0000;;36.3;;1.2;
83384;21/01/2018;1200;0;;20.4;;
83384;22/01/2018;0000;;36.7;;0;
83384;22/01/2018;1200;0;;20.8;;
83384;23/01/2018;0000;;36.3;;0.866667;
83384;23/01/2018;1200;0;;21;;
83384;24/01/2018;0000;;35.3;;0.5;
83384;24/01/2018;1200;0.2;;22;;
83384;25/01/2018;0000;;34.3;;0.833333;
83384;25/01/2018;1200;0;;20.6;;
83384;26/01/2018;0000;;29.1;;0;
83384;26/01/2018;1200;4.7;;22.6;;
83384;27/01/2018;0000;;32.3;;0.333333;
83384;27/01/2018;1200;1.1;;22.2;;
83384;28/01/2018;0000;;33.5;;0.866667;
83384;28/01/2018;1200;0;;22.8;;
83384;29/01/2018;0000;;30.5;;1;
83384;29/01/2018;1200;0;;22.4;;
83384;30/01/2018;0000;;33.9;;0.7;
83384;30/01/2018;1200;0;;22.6;;
83384;31/01/2018;0000;;34.1;;0.166667;
83384;31/01/2018;1200;0;;21.8;;
83384;01/02/2018;0000;;32.1;;1.2;
83384;01/02/2018;1200;28.4;;22;;
83384;02/02/2018;0000;;31.5;;0.166667;
83384;02/02/2018;1200;3.7;;23;;
83384;03/02/2018;0000;;29.3;;0.166667;
83384;03/02/2018;1200;2.9;;22;;
83384;04/02/2018;0000;;25.7;;0.166667;
83384;04/02/2018;1200;59.7;;19;;
83384;05/02/2018;0000;;28.9;;1.2;
83384;05/02/2018;1200;9.6;;20.2;;
83384;06/02/2018;0000;;30.7;;1.166667;
83384;06/02/2018;1200;0.2;;20.6;;
83384;07/02/2018;0000;;32.1;;0.333333;
83384;07/02/2018;1200;0;;20.2;;
83384;08/02/2018;0000;;33.5;;0.5;
83384;08/02/2018;1200;0;;22;;
83384;09/02/2018;0000;;32.5;;0.333333;
83384;09/02/2018;1200;0;;22.2;;
83384;10/02/2018;0000;;31.5;;0;
83384;10/02/2018;1200;8.1;;21;;
83384;11/02/2018;0000;;32.5;;0;
83384;11/02/2018;1200;0;;22;;
83384;12/02/2018;0000;;33.7;;0.333333;
83384;12/02/2018;1200;0;;21.2;;
83384;13/02/2018;0000;;33.9;;0;
83384;13/02/2018;1200;0;;20.6;;
83384;14/02/2018;0000;;32.9;;0.666667;
83384;14/02/2018;1200;0;;21.6;;
83384;15/02/2018;0000;;31.7;;2.2;
83384;15/02/2018;1200;0;;20.6;;
83384;16/02/2018;0000;;32.1;;1.033333;
83384;16/02/2018;1200;0.4;;21.2;;
83384;17/02/2018;0000;;33.7;;0.666667;
83384;17/02/2018;1200;0;;21;;
83384;18/02/2018;0000;;32.9;;1;
83384;18/02/2018;1200;0;;22.4;;
83384;19/02/2018;0000;;31.9;;0.166667;
83384;19/02/2018;1200;0.6;;22;;
83384;20/02/2018;0000;;30.5;;0.166667;
83384;20/02/2018;1200;2;;22;;
83384;21/02/2018;0000;;30.5;;0.333333;
83384;21/02/2018;1200;1.3;;21.8;;
83384;22/02/2018;0000;;28.1;;0.166667;
83384;22/02/2018;1200;1;;21.6;;
83384;23/02/2018;0000;;32.5;;0;
83384;23/02/2018;1200;3;;20.8;;
83384;24/02/2018;0000;;33.5;;0.333333;
83384;24/02/2018;1200;0.5;;21.4;;
83384;25/02/2018;0000;;30.5;;0;
83384;25/02/2018;1200;20.2;;21;;
83384;26/02/2018;0000;;27.7;;0;
83384;26/02/2018;1200;24.1;;20;;
83384;27/02/2018;0000;;32.7;;0.5;
83384;27/02/2018;1200;0;;19.8;;
83384;28/02/2018;0000;;34.1;;0.166667;
83384;28/02/2018;1200;0;;22;;
83384;01/03/2018;0000;;33.9;;0;
83384;01/03/2018;1200;0;;20.6;;
83384;02/03/2018;0000;;33.5;;0.5;
83384;02/03/2018;1200;2.1;;22;;
83384;03/03/2018;0000;;34.5;;0.333333;
83384;03/03/2018;1200;0;;21.8;;
83384;04/03/2018;0000;;35.7;;0.5;
83384;04/03/2018;1200;0;;22;;
83384;05/03/2018;0000;;33.3;;0;
83384;05/03/2018;1200;0;;22.6;;
83384;06/03/2018;0000;;34.3;;0.833333;
83384;06/03/2018;1200;0;;21.8;;
83384;07/03/2018;0000;;33.3;;0.166667;
83384;07/03/2018;1200;0;;22;;
83384;08/03/2018;0000;;28.1;;0.333333;
83384;08/03/2018;1200;26.7;;21.2;;
83384;09/03/2018;0000;;31.9;;0.333333;
83384;09/03/2018;1200;7;;21.4;;
83384;10/03/2018;0000;;30.5;;0;
83384;10/03/2018;1200;1.5;;22;;
83384;11/03/2018;0000;;29.5;;0.7;
83384;11/03/2018;1200;10.4;;22.2;;
83384;12/03/2018;0000;;31.7;;0;
83384;12/03/2018;1200;17.7;;22;;
83384;13/03/2018;0000;;33.3;;0;
83384;13/03/2018;1200;1.8;;22;;
83384;14/03/2018;0000;;32.3;;0.5;
83384;14/03/2018;1200;0;;22.2;;
83384;15/03/2018;0000;;30.7;;0.866667;
83384;15/03/2018;1200;17.2;;21.6;;
83384;16/03/2018;0000;;33.1;;0.166667;
83384;16/03/2018;1200;0;;21;;
83384;17/03/2018;0000;;31.9;;0.333333;
83384;17/03/2018;1200;32.4;;21.2;;
83384;18/03/2018;0000;;32.7;;0.333333;
83384;18/03/2018;1200;0;;22;;
83384;19/03/2018;0000;;33.7;;0.5;
83384;19/03/2018;1200;0;;22;;
83384;20/03/2018;0000;;33.9;;0.166667;
83384;20/03/2018;1200;0;;22.4;;
83384;21/03/2018;0000;;33.7;;0.5;
83384;21/03/2018;1200;0;;21.6;;
83384;22/03/2018;0000;;32.5;;0.666667;
83384;22/03/2018;1200;0;;20;;
83384;23/03/2018;0000;;31.5;;0.666667;
83384;23/03/2018;1200;30.3;;21;;
83384;24/03/2018;0000;;29.9;;0.833333;
83384;24/03/2018;1200;28.8;;21.4;;
83384;25/03/2018;0000;;30.7;;0.866667;
83384;25/03/2018;1200;0;;22;;
83384;26/03/2018;0000;;31.1;;0.833333;
83384;26/03/2018;1200;0;;21.2;;
83384;27/03/2018;0000;;31.9;;1.533333;
83384;27/03/2018;1200;0;;20;;
83384;28/03/2018;0000;;31.9;;0.333333;
83384;28/03/2018;1200;0;;19.8;;
83384;29/03/2018;0000;;32.7;;0.166667;
83384;29/03/2018;1200;0;;20.2;;
83384;30/03/2018;0000;;32.5;;0.333333;
83384;30/03/2018;1200;0;;20.4;;
83384;31/03/2018;0000;;32.9;;0.5;
83384;31/03/2018;1200;0;;20.6;;
83384;01/04/2018;0000;;33.5;;0.333333;
83384;01/04/2018;1200;0;;21;;
83384;02/04/2018;0000;;33.9;;0;
83384;02/04/2018;1200;0;;21.6;;
83384;03/04/2018;0000;;34.7;;0.166667;
83384;03/04/2018;1200;0;;21.2;;
83384;04/04/2018;0000;;30.1;;0;
83384;04/04/2018;1200;0;;21.4;;
83384;05/04/2018;0000;;35.1;;0.166667;
83384;05/04/2018;1200;0;;22;;
83384;06/04/2018;0000;;30.3;;0;
83384;06/04/2018;1200;16.2;;20.4;;
83384;07/04/2018;0000;;28.7;;0;
83384;07/04/2018;1200;1;;22;;
83384;08/04/2018;0000;;28.9;;0;
83384;08/04/2018;1200;6.6;;21.6;;
83384;09/04/2018;0000;;30.1;;0;
83384;09/04/2018;1200;8.4;;20.4;;
83384;10/04/2018;0000;;29.9;;1.533333;
83384;10/04/2018;1200;6.2;;20.6;;
83384;11/04/2018;0000;;29.5;;0.833333;
83384;11/04/2018;1200;3;;20.4;;
83384;12/04/2018;0000;;29.7;;1.366667;
83384;12/04/2018;1200;0;;18.8;;
83384;13/04/2018;0000;;28.5;;0.833333;
83384;13/04/2018;1200;0;;21.2;;
83384;14/04/2018;0000;;29.3;;0.333333;
83384;14/04/2018;1200;0.6;;21;;
83384;15/04/2018;0000;;30.3;;0.833333;
83384;15/04/2018;1200;0;;20.4;;
83384;16/04/2018;0000;;30.9;;1.833333;
83384;16/04/2018;1200;0;;21;;
83384;17/04/2018;0000;;28.1;;0.5;
83384;17/04/2018;1200;0;;20.6;;
83384;18/04/2018;0000;;27.5;;0.866667;
83384;18/04/2018;1200;0;;19.4;;
83384;19/04/2018;0000;;29.7;;0.5;
83384;19/04/2018;1200;0;;18.6;;
83384;20/04/2018;0000;;30.1;;0.333333;
83384;20/04/2018;1200;0;;18.8;;
83384;21/04/2018;0000;;29.3;;0;
83384;21/04/2018;1200;0;;18.6;;
83384;22/04/2018;0000;;28.3;;0.333333;
83384;22/04/2018;1200;0;;18.4;;
83384;23/04/2018;0000;;30.5;;0.5;
83384;23/04/2018;1200;0;;19.2;;
83384;24/04/2018;0000;;30.9;;0.833333;
83384;24/04/2018;1200;0;;19.2;;
83384;25/04/2018;0000;;30.7;;0.166667;
83384;25/04/2018;1200;0;;19.4;;
83384;26/04/2018;0000;;30.9;;0;
83384;26/04/2018;1200;0;;18.8;;
83384;27/04/2018;0000;;31.7;;0.333333;
83384;27/04/2018;1200;0;;20;;
83384;28/04/2018;0000;;31.7;;0.833333;
83384;28/04/2018;1200;0;;19.4;;
83384;29/04/2018;0000;;30.5;;0.666667;
83384;29/04/2018;1200;0;;19.2;;
83384;30/04/2018;0000;;30.3;;0.166667;
83384;30/04/2018;1200;0;;18.2;;
83384;01/05/2018;0000;;30.9;;0.166667;
83384;01/05/2018;1200;0;;16.8;;
83384;02/05/2018;0000;;32.1;;0.166667;
83384;02/05/2018;1200;0;;16.6;;
83384;03/05/2018;0000;;31.5;;0.5;
83384;03/05/2018;1200;0;;18.6;;
83384;04/05/2018;0000;;31.7;;1.2;
83384;04/05/2018;1200;0;;18.8;;
83384;05/05/2018;0000;;31.5;;1.033333;
83384;05/05/2018;1200;0;;19;;
83384;06/05/2018;0000;;30.9;;1.7;
83384;06/05/2018;1200;0;;17.4;;
83384;07/05/2018;0000;;30.7;;0.333333;
83384;07/05/2018;1200;0;;17.4;;
83384;08/05/2018;0000;;30.1;;1.033333;
83384;08/05/2018;1200;0;;17;;
83384;09/05/2018;0000;;29.9;;2.233333;
83384;09/05/2018;1200;0;;17.2;;
83384;10/05/2018;0000;;30.3;;1.533333;
83384;10/05/2018;1200;0;;16.8;;
83384;11/05/2018;0000;;29.7;;0;
83384;11/05/2018;1200;0;;16.4;;
83384;12/05/2018;0000;;31.7;;0.666667;
83384;12/05/2018;1200;0;;15;;
83384;13/05/2018;0000;;32.5;;0;
83384;13/05/2018;1200;0;;14.8;;
83384;14/05/2018;0000;;31.1;;0.166667;
83384;14/05/2018;1200;0;;16.2;;
83384;15/05/2018;0000;;30.3;;0.166667;
83384;15/05/2018;1200;0;;18.4;;
83384;16/05/2018;0000;;31.5;;0.333333;
83384;16/05/2018;1200;0;;17.4;;
83384;17/05/2018;0000;;31.7;;0;
83384;17/05/2018;1200;0;;17.2;;
83384;18/05/2018;0000;;32.1;;0.333333;
83384;18/05/2018;1200;0;;17.6;;
83384;19/05/2018;0000;;33.3;;2.766667;
83384;19/05/2018;1200;0;;19;;
83384;20/05/2018;0000;;25.3;;1.533333;
83384;20/05/2018;1200;6.9;;19.4;;
83384;21/05/2018;0000;;27.7;;0.333333;
83384;21/05/2018;1200;0;;15.4;;
83384;22/05/2018;0000;;30.7;;0.166667;
83384;22/05/2018;1200;0;;14.6;;
83384;23/05/2018;0000;;31.1;;0.333333;
83384;23/05/2018;1200;0;;17.2;;
83384;24/05/2018;0000;;30.9;;1.033333;
83384;24/05/2018;1200;0;;17.4;;
83384;25/05/2018;0000;;29.1;;0.333333;
83384;25/05/2018;1200;0;;17.8;;
83384;26/05/2018;0000;;29.1;;1.033333;
83384;26/05/2018;1200;0;;17.4;;
83384;27/05/2018;0000;;28.7;;1.533333;
83384;27/05/2018;1200;0;;17.2;;
83384;28/05/2018;0000;;27.7;;1.733333;
83384;28/05/2018;1200;0;;16.8;;
83384;29/05/2018;0000;;28.3;;2.033333;
83384;29/05/2018;1200;0;;16.2;;
83384;30/05/2018;0000;;27.9;;0.833333;
83384;30/05/2018;1200;0;;16;;
83384;31/05/2018;0000;;28.5;;0;
83384;31/05/2018;1200;0;;13.6;;
83384;01/06/2018;0000;;30.1;;0;
83384;01/06/2018;1200;0;;13.2;;
83384;02/06/2018;0000;;31.1;;0;
83384;02/06/2018;1200;0;;12.8;;
83384;03/06/2018;0000;;31.3;;0.866667;
83384;03/06/2018;1200;0;;15.2;;
83384;04/06/2018;0000;;31.5;;0.866667;
83384;04/06/2018;1200;0;;12.8;;
83384;05/06/2018;0000;;29.3;;1;
83384;05/06/2018;1200;0;;16.6;;
83384;06/06/2018;0000;;31.1;;0.166667;
83384;06/06/2018;1200;0;;15.6;;
83384;07/06/2018;0000;;32.3;;0;
83384;07/06/2018;1200;0;;15.6;;
83384;08/06/2018;0000;;32.5;;0.166667;
83384;08/06/2018;1200;0;;17.8;;
83384;09/06/2018;0000;;33.1;;0.333333;
83384;09/06/2018;1200;0;;17.4;;
83384;10/06/2018;0000;;30.9;;1.333333;
83384;10/06/2018;1200;0;;18.8;;
83384;11/06/2018;0000;;30.5;;0;
83384;11/06/2018;1200;0;;18.8;;
83384;12/06/2018;0000;;31.9;;0.166667;
83384;12/06/2018;1200;0;;17.2;;
83384;13/06/2018;0000;;31.9;;0.5;
83384;13/06/2018;1200;0;;16;;
83384;14/06/2018;0000;;31.7;;0.166667;
83384;14/06/2018;1200;0;;17.6;;
83384;15/06/2018;0000;;31.3;;0;
83384;15/06/2018;1200;0;;15.2;;
83384;16/06/2018;0000;;29.7;;0;
83384;16/06/2018;1200;0;;15;;
83384;17/06/2018;0000;;28.9;;0.5;
83384;17/06/2018;1200;0;;13.8;;
83384;18/06/2018;0000;;28.7;;0.333333;
83384;18/06/2018;1200;0;;16.8;;
83384;19/06/2018;0000;;29.1;;0.833333;
83384;19/06/2018;1200;0;;16.2;;
83384;20/06/2018;0000;;28.7;;0.5;
83384;20/06/2018;1200;0;;18;;
83384;21/06/2018;0000;;29.9;;1.533333;
83384;21/06/2018;1200;0;;16.4;;
83384;22/06/2018;0000;;30.5;;0.333333;
83384;22/06/2018;1200;0;;15.2;;
83384;23/06/2018;0000;;31.5;;0;
83384;23/06/2018;1200;0;;14.4;;
83384;24/06/2018;0000;;30.7;;0.666667;
83384;24/06/2018;1200;0;;14;;
83384;25/06/2018;0000;;30.3;;0;
83384;25/06/2018;1200;0;;14.8;;
83384;26/06/2018;0000;;30.7;;0.5;
83384;26/06/2018;1200;0;;15.8;;
83384;27/06/2018;0000;;30.9;;1.2;
83384;27/06/2018;1200;0;;16;;
83384;28/06/2018;0000;;30.1;;0.166667;
83384;28/06/2018;1200;0;;13.8;;
83384;29/06/2018;0000;;29.1;;0.5;
83384;29/06/2018;1200;0;;13.6;;
83384;30/06/2018;0000;;29.7;;0.7;
83384;30/06/2018;1200;0;;13;;
83384;01/07/2018;0000;;30.3;;0;
83384;01/07/2018;1200;0;;14.4;;
83384;02/07/2018;0000;;30.9;;0;
83384;02/07/2018;1200;0;;14.6;;
83384;03/07/2018;0000;;31.5;;0.166667;
83384;03/07/2018;1200;0;;14.2;;
83384;04/07/2018;0000;;30.9;;0.7;
83384;04/07/2018;1200;0;;13.8;;
83384;05/07/2018;0000;;29.9;;0;
83384;05/07/2018;1200;0;;14.4;;
83384;06/07/2018;0000;;29.5;;1.2;
83384;06/07/2018;1200;0;;11.8;;
83384;07/07/2018;0000;;30.7;;0.166667;
83384;07/07/2018;1200;0;;12.8;;
83384;08/07/2018;0000;;31.7;;0.333333;
83384;08/07/2018;1200;0;;14;;
83384;09/07/2018;0000;;32.3;;0.5;
83384;09/07/2018;1200;0;;13.8;;
83384;10/07/2018;0000;;32.5;;0;
83384;10/07/2018;1200;0;;14.8;;
83384;11/07/2018;0000;;30.9;;0;
83384;11/07/2018;1200;0;;15;;
83384;12/07/2018;0000;;31.9;;0;
83384;12/07/2018;1200;0;;14.8;;
83384;13/07/2018;0000;;31.1;;0;
83384;13/07/2018;1200;0;;15.8;;
83384;14/07/2018;0000;;31.1;;0.166667;
83384;14/07/2018;1200;0;;14.4;;
83384;15/07/2018;0000;;30.3;;0.333333;
83384;15/07/2018;1200;0;;15;;
83384;16/07/2018;0000;;30.5;;0.333333;
83384;16/07/2018;1200;0;;16;;
83384;17/07/2018;0000;;30.9;;1.366667;
83384;17/07/2018;1200;0;;17.4;;
83384;18/07/2018;0000;;29.7;;0.866667;
83384;18/07/2018;1200;0;;18;;
83384;19/07/2018;0000;;29.9;;0.7;
83384;19/07/2018;1200;0;;13.8;;
83384;20/07/2018;0000;;30.9;;1.2;
83384;20/07/2018;1200;0;;15;;
83384;21/07/2018;0000;;30.7;;0.866667;
83384;21/07/2018;1200;0;;16.4;;
83384;22/07/2018;0000;;30.3;;1.366667;
83384;22/07/2018;1200;0;;14.4;;
83384;23/07/2018;0000;;29.1;;0.333333;
83384;23/07/2018;1200;0;;15.4;;
83384;24/07/2018;0000;;30.1;;2.9;
83384;24/07/2018;1200;0;;15.8;;
83384;25/07/2018;0000;;29.5;;0.7;
83384;25/07/2018;1200;0;;17.4;;
83384;26/07/2018;0000;;29.3;;0;
83384;26/07/2018;1200;0;;15.4;;
83384;27/07/2018;0000;;30.5;;0;
83384;27/07/2018;1200;0;;14.2;;
83384;28/07/2018;0000;;30.9;;0;
83384;28/07/2018;1200;0;;13.2;;
83384;29/07/2018;0000;;31.7;;0;
83384;29/07/2018;1200;0;;13;;
83384;30/07/2018;0000;;32.3;;0;
83384;30/07/2018;1200;0;;12.8;;
83384;31/07/2018;0000;;33.5;;0;
83384;31/07/2018;1200;0;;13;;
83384;01/08/2018;0000;;34.1;;0;
83384;01/08/2018;1200;0;;14.4;;
83384;02/08/2018;0000;;34.3;;0;
83384;02/08/2018;1200;0;;19;;
83384;03/08/2018;0000;;33.5;;0.5;
83384;03/08/2018;1200;0;;19.4;;
83384;04/08/2018;0000;;35.5;;0.166667;
83384;04/08/2018;1200;0;;17.6;;
83384;05/08/2018;0000;;35.3;;0.333333;
83384;05/08/2018;1200;0;;19;;
83384;06/08/2018;0000;;35.5;;0.166667;
83384;06/08/2018;1200;0;;19.6;;
83384;07/08/2018;0000;;34.3;;0.166667;
83384;07/08/2018;1200;0;;19.8;;
83384;08/08/2018;0000;;33.9;;0.833333;
83384;08/08/2018;1200;0;;21;;
83384;09/08/2018;0000;;31.1;;0;
83384;09/08/2018;1200;0;;20.6;;
83384;10/08/2018;0000;;36.1;;0.5;
83384;10/08/2018;1200;0;;18.4;;
83384;11/08/2018;0000;;35.5;;0.333333;
83384;11/08/2018;1200;0;;21;;
83384;12/08/2018;0000;;34.7;;0.333333;
83384;12/08/2018;1200;0;;16;;
83384;13/08/2018;0000;;34.3;;0;
83384;13/08/2018;1200;0;;13.4;;
83384;14/08/2018;0000;;34.9;;0.333333;
83384;14/08/2018;1200;0;;17.2;;
83384;15/08/2018;0000;;35.7;;0;
83384;15/08/2018;1200;0;;17.8;;
83384;16/08/2018;0000;;31.9;;0.5;
83384;16/08/2018;1200;0;;18.6;;
83384;17/08/2018;0000;;25.3;;0.333333;
83384;17/08/2018;1200;7.6;;18.6;;
83384;18/08/2018;0000;;29.3;;0.5;
83384;18/08/2018;1200;0;;18.4;;
83384;19/08/2018;0000;;31.5;;0.333333;
83384;19/08/2018;1200;0;;17.8;;
83384;20/08/2018;0000;;32.1;;0.333333;
83384;20/08/2018;1200;0;;18;;
83384;21/08/2018;0000;;31.7;;0.833333;
83384;21/08/2018;1200;0;;17.6;;
83384;22/08/2018;0000;;33.1;;0;
83384;22/08/2018;1200;0;;19.2;;
83384;23/08/2018;0000;;33.3;;0.333333;
83384;23/08/2018;1200;0;;18.2;;
83384;24/08/2018;0000;;34.7;;0.333333;
83384;24/08/2018;1200;0;;18.7;;
83384;25/08/2018;0000;;34.9;;0;
83384;25/08/2018;1200;0;;17.4;;
83384;26/08/2018;0000;;34.1;;0.5;
83384;26/08/2018;1200;0;;19.8;;
83384;27/08/2018;0000;;32.9;;5.133333;
83384;27/08/2018;1200;0;;18.6;;
83384;28/08/2018;0000;;32.1;;0.833333;
83384;28/08/2018;1200;0;;19.2;;
83384;29/08/2018;0000;;31.3;;0.666667;
83384;29/08/2018;1200;0;;19;;
83384;30/08/2018;0000;;31.9;;2.266667;
83384;30/08/2018;1200;0;;18.8;;
83384;31/08/2018;0000;;33.1;;0.333333;
83384;31/08/2018;1200;0;;17.4;;
83384;01/09/2018;0000;;33.5;;1;
83384;01/09/2018;1200;0;;16;;
83384;02/09/2018;0000;;34.7;;0.5;
83384;02/09/2018;1200;0;;16.8;;
83384;03/09/2018;0000;;36.1;;0.5;
83384;03/09/2018;1200;0;;17.6;;
83384;04/09/2018;0000;;33.3;;0.5;
83384;04/09/2018;1200;0;;20;;
83384;05/09/2018;0000;;32.1;;0.333333;
83384;05/09/2018;1200;0;;17;;
83384;06/09/2018;0000;;35.1;;0.5;
83384;06/09/2018;1200;0;;15.4;;
83384;07/09/2018;0000;;33.1;;0.333333;
83384;07/09/2018;1200;0;;19;;
83384;08/09/2018;0000;;32.5;;1.2;
83384;08/09/2018;1200;0;;17.2;;
83384;09/09/2018;0000;;32.9;;1;
83384;09/09/2018;1200;0;;16.2;;
83384;10/09/2018;0000;;32.9;;0.166667;
83384;10/09/2018;1200;0;;11.2;;
83384;11/09/2018;0000;;34.9;;0;
83384;11/09/2018;1200;0;;15.8;;
83384;12/09/2018;0000;;36.3;;0.166667;
83384;12/09/2018;1200;0;;15.4;;
83384;13/09/2018;0000;;34.1;;0.166667;
83384;13/09/2018;1200;0;;16.4;;
83384;14/09/2018;0000;;35.1;;1.033333;
83384;14/09/2018;1200;0;;20;;
83384;15/09/2018;0000;;30.7;;0.166667;
83384;15/09/2018;1200;0;;19.8;;
83384;16/09/2018;0000;;37.5;;0.333333;
83384;16/09/2018;1200;0;;19.6;;
83384;17/09/2018;0000;;33.7;;2.233333;
83384;17/09/2018;1200;0;;21;;
83384;18/09/2018;0000;;33.3;;0.166667;
83384;18/09/2018;1200;0;;21.4;;
83384;19/09/2018;0000;;27.1;;0;
83384;19/09/2018;1200;1.3;;20;;
83384;20/09/2018;0000;;34.7;;0.7;
83384;20/09/2018;1200;1.7;;21.4;;
83384;21/09/2018;0000;;34.5;;0.333333;
83384;21/09/2018;1200;3.1;;21.4;;
83384;22/09/2018;0000;;37.3;;0.333333;
83384;22/09/2018;1200;0;;20;;
83384;23/09/2018;0000;;37.5;;0.866667;
83384;23/09/2018;1200;0;;20.2;;
83384;24/09/2018;0000;;37.5;;0.5;
83384;24/09/2018;1200;0;;21.6;;
83384;25/09/2018;0000;;37.3;;0.666667;
83384;25/09/2018;1200;0;;21.4;;
83384;26/09/2018;0000;;37.1;;0.333333;
83384;26/09/2018;1200;0;;21.8;;
83384;27/09/2018;0000;;37.7;;0.5;
83384;27/09/2018;1200;0;;19.8;;
83384;28/09/2018;0000;;39.1;;0.166667;
83384;28/09/2018;1200;0;;20.4;;
83384;29/09/2018;0000;;39.7;;0.5;
83384;29/09/2018;1200;0;;22.2;;
83384;30/09/2018;0000;;39.1;;0.166667;
83384;30/09/2018;1200;0;;23;;
83384;01/10/2018;0000;;38.3;;0.333333;
83384;01/10/2018;1200;0;;19.8;;
83384;02/10/2018;0000;;36.5;;0.866667;
83384;02/10/2018;1200;0;;21.6;;
83384;03/10/2018;0000;;39.1;;0.166667;
83384;03/10/2018;1200;0;;22;;
83384;04/10/2018;0000;;38.9;;0.5;
83384;04/10/2018;1200;0;;21.8;;
83384;05/10/2018;0000;;38.5;;1.733333;
83384;05/10/2018;1200;0.8;;22.4;;
83384;06/10/2018;0000;;36.3;;1.2;
83384;06/10/2018;1200;1;;23.2;;
83384;07/10/2018;0000;;35.1;;0.166667;
83384;07/10/2018;1200;0;;23;;
83384;08/10/2018;0000;;37.1;;0.5;
83384;08/10/2018;1200;0;;23.8;;
83384;09/10/2018;0000;;39.3;;0.333333;
83384;09/10/2018;1200;0;;22.4;;
83384;10/10/2018;0000;;38.9;;0.5;
83384;10/10/2018;1200;0;;23.2;;
83384;11/10/2018;0000;;39.1;;1.366667;
83384;11/10/2018;1200;0;;25;;
83384;12/10/2018;0000;;37.3;;1;
83384;12/10/2018;1200;0;;24.2;;
83384;13/10/2018;0000;;38.3;;0.5;
83384;13/10/2018;1200;0;;25;;
83384;14/10/2018;0000;;39.5;;1.566667;
83384;14/10/2018;1200;0;;26.2;;
83384;15/10/2018;0000;;32.7;;0;
83384;15/10/2018;1200;7.6;;22.8;;
83384;16/10/2018;0000;;37.5;;0.333333;
83384;16/10/2018;1200;0.4;;23;;
83384;17/10/2018;0000;;35.9;;0.333333;
83384;17/10/2018;1200;0.6;;23;;
83384;18/10/2018;0000;;37.7;;0.666667;
83384;18/10/2018;1200;0;;22.8;;
83384;19/10/2018;0000;;30.5;;0.833333;
83384;19/10/2018;1200;0.8;;23.4;;
83384;20/10/2018;0000;;33.7;;1.033333;
83384;20/10/2018;1200;0;;23.6;;
83384;21/10/2018;0000;;26.1;;1.366667;
83384;21/10/2018;1200;6.9;;21;;
83384;22/10/2018;0000;;26.7;;0.5;
83384;22/10/2018;1200;2;;19;;
83384;23/10/2018;0000;;34.1;;0.5;
83384;23/10/2018;1200;0;;21;;
83384;24/10/2018;0000;;35.7;;0.833333;
83384;24/10/2018;1200;0.3;;18.2;;
83384;25/10/2018;0000;;30.5;;0;
83384;25/10/2018;1200;6.2;;22.2;;
83384;26/10/2018;0000;;35.1;;0;
83384;26/10/2018;1200;0;;23.4;;
83384;27/10/2018;0000;;34.1;;0.5;
83384;27/10/2018;1200;5.6;;22.8;;
83384;28/10/2018;0000;;34.1;;0.5;
83384;28/10/2018;1200;6.3;;21.6;;
83384;29/10/2018;0000;;33.3;;1.033333;
83384;29/10/2018;1200;3.2;;22.4;;
83384;30/10/2018;0000;;33.5;;0;
83384;30/10/2018;1200;0;;23;;
83384;31/10/2018;0000;;34.5;;0.333333;
83384;31/10/2018;1200;0.5;;23.8;;
83384;01/11/2018;0000;;34.3;;0;
83384;01/11/2018;1200;1.4;;22.2;;
83384;02/11/2018;0000;;35.1;;0.5;
83384;02/11/2018;1200;1.6;;21.2;;
83384;03/11/2018;0000;;31.7;;0.166667;
83384;03/11/2018;1200;6.5;;21.8;;
83384;04/11/2018;0000;;33.5;;1.2;
83384;04/11/2018;1200;0;;21.6;;
83384;05/11/2018;0000;;32.3;;0;
83384;05/11/2018;1200;4;;21.4;;
83384;06/11/2018;0000;;26.9;;0.333333;
83384;06/11/2018;1200;9;;21.6;;
83384;07/11/2018;0000;;30.1;;0.833333;
83384;07/11/2018;1200;4;;21.6;;
83384;08/11/2018;0000;;29.1;;0.5;
83384;08/11/2018;1200;8.1;;22;;
83384;09/11/2018;0000;;24.1;;0.166667;
83384;09/11/2018;1200;30.9;;20;;
83384;10/11/2018;0000;;23.9;;0;
83384;10/11/2018;1200;19.4;;20;;
83384;11/11/2018;0000;;30.7;;0;
83384;11/11/2018;1200;1.4;;21.2;;
83384;12/11/2018;0000;;33.3;;0;
83384;12/11/2018;1200;9.6;;21;;
83384;13/11/2018;0000;;32.5;;0.5;
83384;13/11/2018;1200;0;;20.8;;
83384;14/11/2018;0000;;34.1;;0;
83384;14/11/2018;1200;0;;22.4;;
83384;15/11/2018;0000;;34.3;;0.333333;
83384;15/11/2018;1200;0;;23.4;;
83384;16/11/2018;0000;;29.1;;0.666667;
83384;16/11/2018;1200;14.6;;22.2;;
83384;17/11/2018;0000;;30.9;;0.333333;
83384;17/11/2018;1200;40.6;;21.2;;
83384;18/11/2018;0000;;32.9;;0.833333;
83384;18/11/2018;1200;6;;21.8;;
83384;19/11/2018;0000;;34.4;;0.333333;
83384;19/11/2018;1200;0;;23;;
83384;20/11/2018;0000;;30.1;;0.333333;
83384;20/11/2018;1200;0;;23.2;;
83384;21/11/2018;0000;;30.9;;0.5;
83384;21/11/2018;1200;0;;23.4;;
83384;22/11/2018;0000;;29.1;;0;
83384;22/11/2018;1200;0;;21.6;;
83384;23/11/2018;0000;;33.1;;0.833333;
83384;23/11/2018;1200;0.3;;21;;
83384;24/11/2018;0000;;26.5;;0.166667;
83384;24/11/2018;1200;3.4;;22;;
83384;25/11/2018;0000;;23.3;;0.333333;
83384;25/11/2018;1200;17.4;;20;;
83384;26/11/2018;0000;;27.7;;0.166667;
83384;26/11/2018;1200;22;;19.6;;
83384;27/11/2018;0000;;30.5;;0.666667;
83384;27/11/2018;1200;0.3;;20.6;;
83384;28/11/2018;0000;;30.3;;1.2;
83384;28/11/2018;1200;0.2;;21.2;;
83384;29/11/2018;0000;;33.3;;0.333333;
83384;29/11/2018;1200;0;;21;;
83384;30/11/2018;0000;;34.5;;0;
83384;30/11/2018;1200;0;;21.2;;
83384;01/12/2018;0000;;30.7;;0.333333;
83384;01/12/2018;1200;0;;23;;
83384;02/12/2018;0000;;30.1;;1.2;
83384;02/12/2018;1200;16.3;;21.2;;
83384;03/12/2018;0000;;27.1;;0.5;
83384;03/12/2018;1200;20.8;;21.8;;
83384;04/12/2018;0000;;28.9;;0;
83384;04/12/2018;1200;28.6;;21;;
83384;05/12/2018;0000;;33.3;;0;
83384;05/12/2018;1200;1.2;;21.6;;
83384;06/12/2018;0000;;33.3;;0.333333;
83384;06/12/2018;1200;0;;22.4;;
83384;07/12/2018;0000;;33.7;;0.7;
83384;07/12/2018;1200;0;;22.6;;
83384;08/12/2018;0000;;30.3;;0.333333;
83384;08/12/2018;1200;0;;21.2;;
83384;09/12/2018;0000;;28.1;;0.666667;
83384;09/12/2018;1200;48.2;;19.8;;
83384;10/12/2018;0000;;27.5;;1.2;
83384;10/12/2018;1200;11.6;;20;;
83384;11/12/2018;0000;;32.5;;0.833333;
83384;11/12/2018;1200;0.2;;19;;
83384;12/12/2018;0000;;31.3;;0.833333;
83384;12/12/2018;1200;0.2;;21.2;;
83384;13/12/2018;0000;;33.3;;1.033333;
83384;13/12/2018;1200;0;;20.4;;
83384;14/12/2018;0000;;34.7;;0.166667;
83384;14/12/2018;1200;0;;19.4;;
83384;15/12/2018;0000;;34.9;;0.166667;
83384;15/12/2018;1200;0;;20.2;;
83384;16/12/2018;0000;;33.9;;1.366667;
83384;16/12/2018;1200;0;;21.2;;
83384;17/12/2018;0000;;33.9;;0.5;
83384;17/12/2018;1200;0;;20;;
83384;18/12/2018;0000;;35.7;;0;
83384;18/12/2018;1200;0;;20.4;;
83384;19/12/2018;0000;;36.7;;0;
83384;19/12/2018;1200;0;;20;;
83384;20/12/2018;0000;;37.1;;0;
83384;20/12/2018;1200;0;;22;;
83384;21/12/2018;0000;;37.5;;0;
83384;21/12/2018;1200;0;;22.2;;
83384;22/12/2018;0000;;36.5;;0;
83384;22/12/2018;1200;0;;21.6;;
83384;23/12/2018;0000;;35.1;;0.333333;
83384;23/12/2018;1200;3.4;;22;;
83384;24/12/2018;0000;;34.7;;0;
83384;24/12/2018;1200;0.6;;20.8;;
83384;25/12/2018;0000;;34.9;;0.333333;
83384;25/12/2018;1200;8.9;;21;;
83384;26/12/2018;0000;;32.9;;0.166667;
83384;26/12/2018;1200;1.2;;22.4;;
83384;27/12/2018;0000;;31.5;;0.333333;
83384;27/12/2018;1200;0.1;;22;;
83384;28/12/2018;0000;;30.3;;0;
83384;28/12/2018;1200;5.6;;21.8;;
83384;29/12/2018;0000;;29.7;;0;
83384;29/12/2018;1200;16.2;;21.6;;
83384;30/12/2018;0000;;31.9;;0.166667;
83384;30/12/2018;1200;0.5;;20.8;;
83384;31/12/2018;0000;;32.3;;0.5;
83384;31/12/2018;1200;0;;21.6;;
83384;01/01/2019;0000;;32.7;;0.166667;
83384;01/01/2019;1200;20.2;;20.4;;
83384;02/01/2019;0000;;34.5;;0.333333;
83384;02/01/2019;1200;16.6;;20.2;;
83384;03/01/2019;0000;;35.1;;0.5;
83384;03/01/2019;1200;0;;20.4;;
83384;04/01/2019;0000;;33.1;;1.166667;
83384;04/01/2019;1200;0;;20.6;;
83384;05/01/2019;0000;;31.1;;0.333333;
83384;05/01/2019;1200;0;;22;;
83384;06/01/2019;0000;;33.7;;0.666667;
83384;06/01/2019;1200;1.7;;20.6;;
83384;07/01/2019;0000;;34.5;;0.333333;
83384;07/01/2019;1200;0;;21.4;;
83384;08/01/2019;0000;;31.7;;1.166667;
83384;08/01/2019;1200;0;;21.2;;
83384;09/01/2019;0000;;32.5;;0.5;
83384;09/01/2019;1200;0;;19.8;;
83384;10/01/2019;0000;;31.9;;0.666667;
83384;10/01/2019;1200;0;;22;;
83384;11/01/2019;0000;;32.1;;0.5;
83384;11/01/2019;1200;0.3;;21.4;;
83384;12/01/2019;0000;;34.9;;0.5;
83384;12/01/2019;1200;0;;22.8;;
83384;13/01/2019;0000;;33.1;;0.5;
83384;13/01/2019;1200;0;;22.4;;
83384;14/01/2019;0000;;34.7;;0.833333;
83384;14/01/2019;1200;0;;21.8;;
83384;15/01/2019;0000;;35.5;;0.166667;
83384;15/01/2019;1200;0;;21.2;;
83384;16/01/2019;0000;;36.3;;0.333333;
83384;16/01/2019;1200;0;;22.8;;
83384;17/01/2019;0000;;31.3;;0.5;
83384;17/01/2019;1200;0;;23.4;;
83384;18/01/2019;0000;;34.9;;1.166667;
83384;18/01/2019;1200;0;;22.4;;
83384;19/01/2019;0000;;36.1;;0.166667;
83384;19/01/2019;1200;0;;22;;
83384;20/01/2019;0000;;37.1;;0.5;
83384;20/01/2019;1200;0;;21.2;;
83384;21/01/2019;0000;;37.1;;0.166667;
83384;21/01/2019;1200;0;;20.8;;
83384;22/01/2019;0000;;36.7;;0.666667;
83384;22/01/2019;1200;0;;22.4;;
83384;23/01/2019;0000;;35.9;;0.333333;
83384;23/01/2019;1200;0;;22.6;;
83384;24/01/2019;0000;;37.1;;1;
83384;24/01/2019;1200;0;;22.8;;
83384;25/01/2019;0000;;36.3;;0.333333;
83384;25/01/2019;1200;0;;23.4;;
83384;26/01/2019;0000;;31.3;;1.4;
83384;26/01/2019;1200;5;;21.2;;
83384;27/01/2019;0000;;32.5;;0.166667;
83384;27/01/2019;1200;3.9;;19.8;;
83384;28/01/2019;0000;;34.9;;0.866667;
83384;28/01/2019;1200;0;;21;;
83384;29/01/2019;0000;;35.7;;0.333333;
83384;29/01/2019;1200;0;;22.4;;
83384;30/01/2019;0000;;35.5;;0.666667;
83384;30/01/2019;1200;0;;22.4;;
83384;31/01/2019;0000;;36.9;;0.333333;
83384;31/01/2019;1200;0;;20.2;;
83384;01/02/2019;0000;;36.9;;0.5;
83384;01/02/2019;1200;0;;20.2;;
83384;02/02/2019;0000;;37.1;;0.5;
83384;02/02/2019;1200;0;;21.4;;
83384;03/02/2019;0000;;37.9;;0.5;
83384;03/02/2019;1200;0;;21.8;;
83384;04/02/2019;0000;;36.9;;0.833333;
83384;04/02/2019;1200;0;;23.8;;
83384;05/02/2019;0000;;33.7;;0.666667;
83384;05/02/2019;1200;0;;22.4;;
83384;06/02/2019;0000;;29.3;;0.166667;
83384;06/02/2019;1200;2.9;;22.8;;
83384;07/02/2019;0000;;32.1;;0.5;
83384;07/02/2019;1200;0;;22.4;;
83384;08/02/2019;0000;;31.3;;0.166667;
83384;08/02/2019;1200;33.7;;21.6;;
83384;09/02/2019;0000;;30.5;;1;
83384;09/02/2019;1200;0;;23.2;;
83384;10/02/2019;0000;;30.1;;0.166667;
83384;10/02/2019;1200;41.2;;20.4;;
83384;11/02/2019;0000;;32.7;;0.5;
83384;11/02/2019;1200;46.8;;20.6;;
83384;12/02/2019;0000;;34.3;;0.166667;
83384;12/02/2019;1200;0.2;;22;;
83384;13/02/2019;0000;;35.3;;0.166667;
83384;13/02/2019;1200;0;;21;;
83384;14/02/2019;0000;;34.9;;0.333333;
83384;14/02/2019;1200;0;;21;;
83384;15/02/2019;0000;;33.9;;1;
83384;15/02/2019;1200;0;;21.8;;
83384;16/02/2019;0000;;32.1;;0.5;
83384;16/02/2019;1200;6.5;;22.6;;
83384;17/02/2019;0000;;30.1;;0.333333;
83384;17/02/2019;1200;13.3;;22.4;;
83384;18/02/2019;0000;;29.1;;1;
83384;18/02/2019;1200;8.8;;21.8;;
83384;19/02/2019;0000;;31.1;;0.333333;
83384;19/02/2019;1200;13.7;;21;;
83384;20/02/2019;0000;;34.9;;0.509627;
83384;20/02/2019;1200;0;;22.6;;
83384;21/02/2019;0000;;33.7;;0.333333;
83384;21/02/2019;1200;12;;21.8;;
83384;22/02/2019;0000;;34.5;;0.833333;
83384;22/02/2019;1200;0;;22;;
83384;23/02/2019;0000;;33.7;;0.333333;
83384;23/02/2019;1200;0.8;;22.4;;
83384;24/02/2019;0000;;35.7;;0.333333;
83384;24/02/2019;1200;0;;22.6;;
83384;25/02/2019;0000;;33.5;;0.333333;
83384;25/02/2019;1200;6.6;;22.8;;
83384;26/02/2019;0000;;29.9;;0.166667;
83384;26/02/2019;1200;2.3;;22.6;;
83384;27/02/2019;0000;;32.7;;1.366667;
83384;27/02/2019;1200;0.4;;21.8;;
83384;28/02/2019;0000;;31.1;;0.666667;
83384;28/02/2019;1200;31.7;;21.6;;
83384;01/03/2019;0000;;30.9;;0.5;
83384;01/03/2019;1200;0;;21;;
83384;02/03/2019;0000;;31.5;;1.2;
83384;02/03/2019;1200;1.2;;22;;
83384;03/03/2019;0000;;32.3;;0.333333;
83384;03/03/2019;1200;0;;20.6;;
83384;04/03/2019;0000;;32.1;;0.5;
83384;04/03/2019;1200;1.2;;22;;
83384;05/03/2019;0000;;30.9;;0.333333;
83384;05/03/2019;1200;34.3;;20.8;;
83384;06/03/2019;0000;;30.1;;1;
83384;06/03/2019;1200;4;;21;;
83384;07/03/2019;0000;;33.5;;0.166667;
83384;07/03/2019;1200;0;;20.8;;
83384;08/03/2019;0000;;33.7;;0.833333;
83384;08/03/2019;1200;0;;21.8;;
83384;09/03/2019;0000;;34.1;;0.333333;
83384;09/03/2019;1200;0;;22.8;;
83384;10/03/2019;0000;;34.1;;1.533333;
83384;10/03/2019;1200;0;;22.4;;
83384;11/03/2019;0000;;28.5;;0.5;
83384;11/03/2019;1200;35;;20.2;;
83384;12/03/2019;0000;;33.2;;0.166667;
83384;12/03/2019;1200;1.2;;20.2;;
83384;13/03/2019;0000;;34.9;;0.333333;
83384;13/03/2019;1200;0;;21.8;;
83384;14/03/2019;0000;;33.7;;0.833333;
83384;14/03/2019;1200;0;;22.4;;
83384;15/03/2019;0000;;35.5;;0.333333;
83384;15/03/2019;1200;0;;22.2;;
83384;16/03/2019;0000;;34.9;;0.666667;
83384;16/03/2019;1200;0;;22.8;;
83384;17/03/2019;0000;;29.9;;0.333333;
83384;17/03/2019;1200;4.5;;20.8;;
83384;18/03/2019;0000;;34.9;;0.166667;
83384;18/03/2019;1200;12.2;;20.8;;
83384;19/03/2019;0000;;35.9;;0.333333;
83384;19/03/2019;1200;0;;22.6;;
83384;20/03/2019;0000;;34.9;;0.166667;
83384;20/03/2019;1200;0;;22.8;;
83384;21/03/2019;0000;;31.9;;0.166667;
83384;21/03/2019;1200;7.4;;23;;
83384;22/03/2019;0000;;31.3;;0.5;
83384;22/03/2019;1200;1.4;;21.4;;
83384;23/03/2019;0000;;25.1;;0.166667;
83384;23/03/2019;1200;18.6;;21.4;;
83384;24/03/2019;0000;;29.5;;0.166667;
83384;24/03/2019;1200;30.8;;21.8;;
83384;25/03/2019;0000;;30.1;;0.5;
83384;25/03/2019;1200;0;;22.2;;
83384;26/03/2019;0000;;26.5;;1;
83384;26/03/2019;1200;6.3;;22;;
83384;27/03/2019;0000;;30.7;;0.666667;
83384;27/03/2019;1200;52.9;;21.6;;
83384;28/03/2019;0000;;31.1;;0.333333;
83384;28/03/2019;1200;3.3;;22.4;;
83384;29/03/2019;0000;;31.7;;0.5;
83384;29/03/2019;1200;0;;22.6;;
83384;30/03/2019;0000;;31.3;;1.166667;
83384;30/03/2019;1200;0;;21.2;;

		
	
[Fechar] <#>
	
		

