--------------------
BDMEP - INMET
--------------------
Estação           : AVELAR  P DO ALFERES  - RJ (OMM: 83049)
Latitude  (graus) : -22.35
Longitude (graus) : -43.41
Altitude  (metros): 507.00
Estação Operante
Inicio de operação: 01/04/1971
Periodo solicitado dos dados: 01/01/2018 a 30/03/2019
Os dados listados abaixo são os que encontram-se digitados no BDMEP
Hora em UTC
--------------------
Obs.: Os dados aparecem separados por ; (ponto e vírgula) no formato txt.
      Para o formato planilha XLS, siga as instruções <http://www.inmet.gov.br/projetos/rede/pesquisa/instrucao.html>
--------------------
Estacao;Data;Hora;Precipitacao;TempMaxima;TempMinima;Velocidade do Vento Media;
83049;01/01/2018;0000;;31.6;;1;
83049;01/01/2018;1200;1.5;;21;;
83049;02/01/2018;0000;;32.5;;1;
83049;02/01/2018;1200;5.7;;19.5;;
83049;03/01/2018;0000;;31.6;;1;
83049;03/01/2018;1200;15.3;;20.5;;
83049;04/01/2018;0000;;24.5;;1;
83049;04/01/2018;1200;22;;19.6;;
83049;05/01/2018;0000;;26.6;;1;
83049;05/01/2018;1200;5.4;;19.4;;
83049;06/01/2018;0000;;29.1;;1;
83049;06/01/2018;1200;24.3;;20;;
83049;07/01/2018;0000;;29.3;;1;
83049;07/01/2018;1200;13.5;;19.5;;
83049;08/01/2018;0000;;29.1;;1;
83049;08/01/2018;1200;54;;19.5;;
83049;09/01/2018;0000;;30.6;;1;
83049;09/01/2018;1200;9;;17.8;;
83049;10/01/2018;0000;;30.6;;1;
83049;10/01/2018;1200;0;;18.8;;
83049;11/01/2018;0000;;29.6;;1.333333;
83049;11/01/2018;1200;0;;19.5;;
83049;12/01/2018;0000;;28.4;;1.333333;
83049;12/01/2018;1200;0;;19.5;;
83049;13/01/2018;0000;;31.1;;1;
83049;13/01/2018;1200;0;;19.5;;
83049;14/01/2018;0000;;29.6;;1;
83049;14/01/2018;1200;6.5;;18.4;;
83049;15/01/2018;0000;;31.3;;1;
83049;15/01/2018;1200;2;;19;;
83049;16/01/2018;0000;;32.6;;1;
83049;16/01/2018;1200;11.3;;19.1;;
83049;17/01/2018;0000;;32.6;;1;
83049;17/01/2018;1200;0;;18.8;;
83049;18/01/2018;0000;;31.1;;1;
83049;18/01/2018;1200;0;;19;;
83049;19/01/2018;0000;;34.6;;1;
83049;19/01/2018;1200;0;;19.5;;
83049;20/01/2018;0000;;29.6;;1;
83049;20/01/2018;1200;0;;18.2;;
83049;21/01/2018;0000;;31.3;;1;
83049;21/01/2018;1200;0;;19;;
83049;22/01/2018;0000;;32.6;;1;
83049;22/01/2018;1200;0;;20.8;;
83049;23/01/2018;0000;;31.6;;1.333333;
83049;23/01/2018;1200;6.5;;19;;
83049;24/01/2018;0000;;32.5;;1;
83049;24/01/2018;1200;0;;18.6;;
83049;25/01/2018;0000;;30.6;;1;
83049;25/01/2018;1200;0;;19.5;;
83049;26/01/2018;0000;;28.4;;1;
83049;26/01/2018;1200;0;;19.6;;
83049;27/01/2018;0000;;32.1;;1;
83049;27/01/2018;1200;26.8;;20.5;;
83049;28/01/2018;0000;;29.1;;1;
83049;28/01/2018;1200;0;;18.2;;
83049;29/01/2018;0000;;31.1;;1;
83049;29/01/2018;1200;0;;20.5;;
83049;30/01/2018;0000;;24.1;;1;
83049;30/01/2018;1200;24.7;;19;;
83049;31/01/2018;0000;;26.6;;1;
83049;31/01/2018;1200;9.6;;18.5;;
83049;01/02/2018;0000;;29.1;;1;
83049;01/02/2018;1200;0;;14.2;;
83049;02/02/2018;0000;;29.6;;1;
83049;02/02/2018;1200;0;;17;;
83049;03/02/2018;0000;;29.6;;1;
83049;03/02/2018;1200;0;;16.3;;
83049;04/02/2018;0000;;25.6;;1;
83049;04/02/2018;1200;0;;16.4;;
83049;05/02/2018;0000;;20.5;;1;
83049;05/02/2018;1200;3;;18.4;;
83049;06/02/2018;0000;;28.1;;1;
83049;06/02/2018;1200;24.8;;18.2;;
83049;07/02/2018;0000;;28.6;;1;
83049;07/02/2018;1200;8.6;;19.2;;
83049;08/02/2018;0000;;30.7;;1;
83049;08/02/2018;1200;0;;17.8;;
83049;09/02/2018;0000;;32.3;;1;
83049;09/02/2018;1200;0;;18.2;;
83049;10/02/2018;0000;;32.1;;1;
83049;10/02/2018;1200;0;;19;;
83049;11/02/2018;0000;;33.1;;1;
83049;11/02/2018;1200;28.1;;19.5;;
83049;12/02/2018;0000;;32.2;;1;
83049;12/02/2018;1200;0;;21;;
83049;13/02/2018;0000;;30.3;;1;
83049;13/02/2018;1200;0;;20.4;;
83049;14/02/2018;0000;;30;;1;
83049;14/02/2018;1200;0;;20.6;;
83049;15/02/2018;0000;;30.1;;1.333333;
83049;15/02/2018;1200;59.2;;19.1;;
83049;16/02/2018;0000;;30.6;;1.333333;
83049;16/02/2018;1200;0;;20.8;;
83049;17/02/2018;0000;;31.1;;1;
83049;17/02/2018;1200;0;;17.8;;
83049;18/02/2018;0000;;31.5;;1;
83049;18/02/2018;1200;0;;19.5;;
83049;19/02/2018;0000;;29.1;;1.666667;
83049;19/02/2018;1200;7.6;;17.8;;
83049;20/02/2018;0000;;31.6;;1.666667;
83049;20/02/2018;1200;2.9;;17.8;;
83049;21/02/2018;0000;;30.6;;1.333333;
83049;21/02/2018;1200;0;;21.5;;
83049;22/02/2018;0000;;30.1;;1;
83049;22/02/2018;1200;8;;21.6;;
83049;23/02/2018;0000;;27.1;;1.333333;
83049;23/02/2018;1200;8.6;;20.8;;
83049;24/02/2018;0000;;27.5;;1;
83049;24/02/2018;1200;0;;18.1;;
83049;25/02/2018;0000;;26.6;;1;
83049;25/02/2018;1200;0;;19.1;;
83049;26/02/2018;0000;;26.1;;1;
83049;26/02/2018;1200;3.1;;20.6;;
83049;27/02/2018;0000;;29.1;;1;
83049;27/02/2018;1200;5.6;;19;;
83049;28/02/2018;0000;;32.1;;1;
83049;28/02/2018;1200;5.2;;20.5;;
83049;01/03/2018;0000;;30.1;;1.333333;
83049;01/03/2018;1200;0;;19.8;;
83049;02/03/2018;0000;;31.5;;1;
83049;02/03/2018;1200;0;;20.6;;
83049;03/03/2018;0000;;31.6;;1;
83049;03/03/2018;1200;2.1;;22;;
83049;04/03/2018;0000;;31.7;;1;
83049;04/03/2018;1200;0;;21.3;;
83049;05/03/2018;0000;;31.3;;1.333333;
83049;05/03/2018;1200;8.5;;21.8;;
83049;06/03/2018;0000;;32.1;;1.333333;
83049;06/03/2018;1200;0;;21.1;;
83049;07/03/2018;0000;;31.6;;1.333333;
83049;07/03/2018;1200;0;;21;;
83049;08/03/2018;0000;;24.6;;1;
83049;08/03/2018;1200;10.6;;21.5;;
83049;09/03/2018;0000;;26.6;;1.333333;
83049;09/03/2018;1200;2.4;;20.4;;
83049;10/03/2018;0000;;29.9;;1;
83049;10/03/2018;1200;0;;21;;
83049;11/03/2018;0000;;30.2;;1;
83049;11/03/2018;1200;28.5;;21.2;;
83049;12/03/2018;0000;;33.1;;1.666667;
83049;12/03/2018;1200;0;;17.7;;
83049;13/03/2018;0000;;29.1;;1;
83049;13/03/2018;1200;0;;19;;
83049;14/03/2018;0000;;33.6;;1;
83049;14/03/2018;1200;0;;20.5;;
83049;15/03/2018;0000;;31.1;;1.333333;
83049;15/03/2018;1200;13.5;;21.1;;
83049;16/03/2018;0000;;32.1;;1.333333;
83049;16/03/2018;1200;0;;21;;
83049;17/03/2018;0000;;31.1;;1;
83049;17/03/2018;1200;0;;21;;
83049;18/03/2018;0000;;31.5;;1;
83049;18/03/2018;1200;0;;20.8;;
83049;19/03/2018;0000;;33.3;;1.333333;
83049;19/03/2018;1200;0;;20;;
83049;20/03/2018;0000;;32.6;;1;
83049;20/03/2018;1200;0;;21.3;;
83049;21/03/2018;0000;;28.1;;1;
83049;21/03/2018;1200;17.5;;20.9;;
83049;22/03/2018;0000;;27.6;;1;
83049;22/03/2018;1200;10.9;;20.5;;
83049;23/03/2018;0000;;30.6;;1.333333;
83049;23/03/2018;1200;0;;19.4;;
83049;24/03/2018;0000;;29.1;;1;
83049;24/03/2018;1200;0;;20;;
83049;25/03/2018;0000;;29.8;;1;
83049;25/03/2018;1200;0;;18.8;;
83049;26/03/2018;0000;;30.6;;1;
83049;26/03/2018;1200;0;;18.8;;
83049;27/03/2018;0000;;29.6;;1;
83049;27/03/2018;1200;0;;16.9;;
83049;28/03/2018;0000;;29.6;;1.666667;
83049;28/03/2018;1200;0;;14.8;;
83049;29/03/2018;0000;;29.6;;1;
83049;29/03/2018;1200;0;;15.4;;
83049;30/03/2018;0000;;29.3;;1;
83049;30/03/2018;1200;0;;15.3;;
83049;31/03/2018;0000;;29.5;;1;
83049;31/03/2018;1200;0;;16.3;;
83049;01/04/2018;0000;;29.5;;1;
83049;01/04/2018;1200;0;;17;;
83049;02/04/2018;0000;;29.7;;1.333333;
83049;02/04/2018;1200;0;;18.8;;
83049;03/04/2018;0000;;30.6;;1;
83049;03/04/2018;1200;0;;21.5;;
83049;04/04/2018;0000;;27.6;;1;
83049;04/04/2018;1200;13.9;;19.6;;
83049;05/04/2018;0000;;28.3;;1;
83049;05/04/2018;1200;1.1;;19.6;;
83049;06/04/2018;0000;;28.6;;1.666667;
83049;06/04/2018;1200;0;;20.3;;
83049;07/04/2018;0000;;29.6;;1;
83049;07/04/2018;1200;21.3;;19.6;;
83049;08/04/2018;0000;;30.6;;1;
83049;08/04/2018;1200;0;;18.1;;
83049;09/04/2018;0000;;29.1;;1;
83049;09/04/2018;1200;0;;18.1;;
83049;10/04/2018;0000;;28.9;;1.333333;
83049;10/04/2018;1200;0;;18.5;;
83049;11/04/2018;0000;;27.9;;1;
83049;11/04/2018;1200;0;;15.8;;
83049;12/04/2018;0000;;27.3;;1;
83049;12/04/2018;1200;0;;16.3;;
83049;13/04/2018;0000;;29.6;;1;
83049;13/04/2018;1200;0;;16.3;;
83049;14/04/2018;0000;;28.1;;1;
83049;14/04/2018;1200;0;;17.8;;
83049;15/04/2018;0000;;27.9;;1;
83049;15/04/2018;1200;0;;18.5;;
83049;16/04/2018;0000;;24.1;;1.333333;
83049;16/04/2018;1200;0;;18.6;;
83049;17/04/2018;0000;;24.5;;1.333333;
83049;17/04/2018;1200;0;;15.4;;
83049;18/04/2018;0000;;25.5;;1;
83049;18/04/2018;1200;0;;13.6;;
83049;19/04/2018;0000;;27.3;;1;
83049;19/04/2018;1200;0;;12.1;;
83049;20/04/2018;0000;;27.1;;1;
83049;20/04/2018;1200;0;;13.3;;
83049;21/04/2018;0000;;23.1;;1;
83049;21/04/2018;1200;0;;17.3;;
83049;22/04/2018;0000;;26.6;;1;
83049;22/04/2018;1200;0;;14.8;;
83049;23/04/2018;0000;;26.1;;1;
83049;23/04/2018;1200;0;;12.6;;
83049;24/04/2018;0000;;28.6;;1;
83049;24/04/2018;1200;0;;17.2;;
83049;25/04/2018;0000;;28.1;;1;
83049;25/04/2018;1200;0;;16.8;;
83049;26/04/2018;0000;;29.6;;1;
83049;26/04/2018;1200;0;;14.3;;
83049;27/04/2018;0000;;29.1;;1;
83049;27/04/2018;1200;0;;16.3;;
83049;28/04/2018;0000;;28;;1;
83049;28/04/2018;1200;0;;16.3;;
83049;29/04/2018;0000;;26.7;;1;
83049;29/04/2018;1200;0;;14.8;;
83049;30/04/2018;0000;;26.9;;1;
83049;30/04/2018;1200;0;;11.6;;
83049;01/05/2018;0000;;29.1;;1;
83049;01/05/2018;1200;0;;13.1;;
83049;02/05/2018;0000;;28.1;;1;
83049;02/05/2018;1200;0;;15;;
83049;03/05/2018;0000;;28.3;;1.333333;
83049;03/05/2018;1200;0;;16.8;;
83049;04/05/2018;0000;;28.3;;1.666667;
83049;04/05/2018;1200;0;;15.2;;
83049;05/05/2018;0000;;29.1;;1;
83049;05/05/2018;1200;0;;13.9;;
83049;06/05/2018;0000;;28.9;;1;
83049;06/05/2018;1200;0;;14.8;;
83049;07/05/2018;0000;;27.1;;1;
83049;07/05/2018;1200;0;;12.8;;
83049;08/05/2018;0000;;25.6;;1.666667;
83049;08/05/2018;1200;0;;13.1;;
83049;09/05/2018;0000;;25.6;;1;
83049;09/05/2018;1200;0;;12.3;;
83049;10/05/2018;0000;;25.1;;1.666667;
83049;10/05/2018;1200;0;;13.1;;
83049;11/05/2018;0000;;26.7;;1.333333;
83049;11/05/2018;1200;0;;9.6;;
83049;12/05/2018;0000;;29.7;;1;
83049;12/05/2018;1200;0;;13.6;;
83049;13/05/2018;0000;;25.4;;1;
83049;13/05/2018;1200;4.6;;18.3;;
83049;14/05/2018;0000;;25.6;;1.333333;
83049;14/05/2018;1200;0;;15;;
83049;15/05/2018;0000;;24.7;;1.333333;
83049;15/05/2018;1200;0;;14.3;;
83049;16/05/2018;0000;;29.1;;1.333333;
83049;16/05/2018;1200;0;;14.8;;
83049;17/05/2018;0000;;25.1;;1;
83049;17/05/2018;1200;30.7;;17.8;;
83049;18/05/2018;0000;;25.6;;1.333333;
83049;18/05/2018;1200;0;;17.4;;
83049;19/05/2018;0000;;27.7;;1;
83049;19/05/2018;1200;0;;17.4;;
83049;20/05/2018;0000;;24.5;;1;
83049;20/05/2018;1200;35.5;;11.6;;
83049;21/05/2018;0000;;24.1;;1;
83049;21/05/2018;1200;0;;6.4;;
83049;22/05/2018;0000;;24.1;;1;
83049;22/05/2018;1200;0;;6.5;;
83049;23/05/2018;0000;;26.1;;1.333333;
83049;23/05/2018;1200;0;;7.6;;
83049;24/05/2018;0000;;23.7;;1;
83049;24/05/2018;1200;0;;11.2;;
83049;25/05/2018;0000;;24.5;;1;
83049;25/05/2018;1200;0;;10.6;;
83049;26/05/2018;0000;;24.1;;1;
83049;26/05/2018;1200;0;;10.1;;
83049;27/05/2018;0000;;25.3;;1;
83049;27/05/2018;1200;0;;10.1;;
83049;28/05/2018;0000;;24.6;;1;
83049;28/05/2018;1200;0;;11;;
83049;29/05/2018;0000;;24.6;;1;
83049;29/05/2018;1200;0;;10.8;;
83049;30/05/2018;0000;;24.6;;1;
83049;30/05/2018;1200;0;;7.5;;
83049;31/05/2018;0000;;24.7;;1;
83049;31/05/2018;1200;0;;12.4;;
83049;01/06/2018;0000;;26.1;;1;
83049;01/06/2018;1200;0;;9.6;;
83049;02/06/2018;0000;;28.1;;1;
83049;02/06/2018;1200;0;;9.6;;
83049;03/06/2018;0000;;24.6;;1;
83049;03/06/2018;1200;0;;10.8;;
83049;04/06/2018;0000;;21.6;;1.666667;
83049;04/06/2018;1200;0;;14.6;;
83049;05/06/2018;0000;;21.1;;1;
83049;05/06/2018;1200;0;;12.5;;
83049;06/06/2018;0000;;25.1;;1.333333;
83049;06/06/2018;1200;1;;15.8;;
83049;07/06/2018;0000;;25.1;;1;
83049;07/06/2018;1200;0;;14.3;;
83049;08/06/2018;0000;;24.1;;1.666667;
83049;08/06/2018;1200;0;;14.4;;
83049;09/06/2018;0000;;22.4;;1;
83049;09/06/2018;1200;0;;14.3;;
83049;10/06/2018;0000;;25.1;;1;
83049;10/06/2018;1200;0;;14.3;;
83049;11/06/2018;0000;;26.1;;1.666667;
83049;11/06/2018;1200;0;;13.1;;
83049;12/06/2018;0000;;28.6;;1;
83049;12/06/2018;1200;0;;13.2;;
83049;13/06/2018;0000;;27.9;;1;
83049;13/06/2018;1200;0;;12.3;;
83049;14/06/2018;0000;;22.1;;1;
83049;14/06/2018;1200;0;;16.2;;
83049;15/06/2018;0000;;24.6;;1;
83049;15/06/2018;1200;0;;16.2;;
83049;16/06/2018;0000;;20.1;;1;
83049;16/06/2018;1200;0;;16.4;;
83049;17/06/2018;0000;;23.6;;1;
83049;17/06/2018;1200;0;;14.2;;
83049;18/06/2018;0000;;24.8;;1;
83049;18/06/2018;1200;0;;13.6;;
83049;19/06/2018;0000;;24.1;;1.333333;
83049;19/06/2018;1200;0;;15.3;;
83049;20/06/2018;0000;;25.1;;1;
83049;20/06/2018;1200;0;;9.6;;
83049;21/06/2018;0000;;26.3;;1;
83049;21/06/2018;1200;0;;8.1;;
83049;22/06/2018;0000;;27.1;;1;
83049;22/06/2018;1200;0;;8.6;;
83049;23/06/2018;0000;;26.7;;1;
83049;23/06/2018;1200;0;;8.6;;
83049;24/06/2018;0000;;27.1;;1;
83049;24/06/2018;1200;0;;11.1;;
83049;25/06/2018;0000;;27.6;;1;
83049;25/06/2018;1200;0;;9.3;;
83049;26/06/2018;0000;;28.9;;1;
83049;26/06/2018;1200;0;;12.5;;
83049;27/06/2018;0000;;27.6;;1;
83049;27/06/2018;1200;0;;9.6;;
83049;28/06/2018;0000;;25.1;;1.333333;
83049;28/06/2018;1200;0;;13.1;;
83049;29/06/2018;0000;;25.6;;1;
83049;29/06/2018;1200;0;;8.3;;
83049;30/06/2018;0000;;25.6;;1;
83049;30/06/2018;1200;0;;9.9;;
83049;01/07/2018;0000;;28.1;;1;
83049;01/07/2018;1200;0;;9.5;;
83049;02/07/2018;0000;;27.7;;1;
83049;02/07/2018;1200;0;;9.6;;
83049;03/07/2018;0000;;28.6;;1;
83049;03/07/2018;1200;0;;10.4;;
83049;04/07/2018;0000;;26.1;;1;
83049;04/07/2018;1200;0;;12;;
83049;05/07/2018;0000;;27.8;;1;
83049;05/07/2018;1200;0;;12;;
83049;06/07/2018;0000;;27.6;;1;
83049;06/07/2018;1200;0;;10.1;;
83049;07/07/2018;0000;;26.1;;1;
83049;07/07/2018;1200;0;;7.1;;
83049;08/07/2018;0000;;28.6;;1;
83049;08/07/2018;1200;0;;7.2;;
83049;09/07/2018;0000;;28.6;;1;
83049;09/07/2018;1200;0;;6.6;;
83049;10/07/2018;0000;;20.7;;1.666667;
83049;10/07/2018;1200;0;;12.5;;
83049;11/07/2018;0000;;19.7;;1;
83049;11/07/2018;1200;6.8;;10.6;;
83049;12/07/2018;0000;;21.7;;1;
83049;12/07/2018;1200;0;;5.5;;
83049;13/07/2018;0000;;27.1;;1;
83049;13/07/2018;1200;0;;10.4;;
83049;14/07/2018;0000;;26.7;;1;
83049;14/07/2018;1200;0;;8;;
83049;15/07/2018;0000;;28.6;;1;
83049;15/07/2018;1200;0;;9.1;;
83049;16/07/2018;0000;;29.1;;1;
83049;16/07/2018;1200;0;;9.6;;
83049;17/07/2018;0000;;28.1;;1.333333;
83049;17/07/2018;1200;0;;6.6;;
83049;18/07/2018;0000;;27.1;;1.333333;
83049;18/07/2018;1200;0;;8.9;;
83049;19/07/2018;0000;;27.1;;1.333333;
83049;19/07/2018;1200;0;;8.4;;
83049;20/07/2018;0000;;28.1;;1;
83049;20/07/2018;1200;0;;7.6;;
83049;21/07/2018;0000;;29.6;;1;
83049;21/07/2018;1200;0;;9.2;;
83049;22/07/2018;0000;;26.7;;1;
83049;22/07/2018;1200;0;;8.4;;
83049;23/07/2018;0000;;26.1;;1;
83049;23/07/2018;1200;0;;12.1;;
83049;24/07/2018;0000;;26.1;;1;
83049;24/07/2018;1200;0;;9.1;;
83049;25/07/2018;0000;;26.6;;1;
83049;25/07/2018;1200;0;;12.2;;
83049;26/07/2018;0000;;25.1;;1.666667;
83049;26/07/2018;1200;0;;9.3;;
83049;27/07/2018;0000;;25.5;;1.333333;
83049;27/07/2018;1200;0;;7.6;;
83049;28/07/2018;0000;;27.6;;1;
83049;28/07/2018;1200;0;;7.6;;
83049;29/07/2018;0000;;28;;1;
83049;29/07/2018;1200;0;;8.9;;
83049;30/07/2018;0000;;29.8;;1;
83049;30/07/2018;1200;0;;11.6;;
83049;31/07/2018;0000;;20.6;;1;
83049;31/07/2018;1200;0;;13.1;;
83049;01/08/2018;0000;;22.1;;1;
83049;01/08/2018;1200;6.4;;12;;
83049;02/08/2018;0000;;20.6;;1;
83049;02/08/2018;1200;15.8;;14.7;;
83049;03/08/2018;0000;;20.6;;1;
83049;03/08/2018;1200;0;;15.8;;
83049;04/08/2018;0000;;26.6;;1;
83049;04/08/2018;1200;25.8;;16.2;;
83049;05/08/2018;0000;;25.9;;1;
83049;05/08/2018;1200;0;;13.6;;
83049;06/08/2018;0000;;17.7;;1;
83049;06/08/2018;1200;0;;14.5;;
83049;07/08/2018;0000;;18.7;;1;
83049;07/08/2018;1200;10.4;;14.5;;
83049;08/08/2018;0000;;24.2;;1;
83049;08/08/2018;1200;0;;14.4;;
83049;09/08/2018;0000;;27.1;;1;
83049;09/08/2018;1200;0;;13.9;;
83049;10/08/2018;0000;;30.5;;1.333333;
83049;10/08/2018;1200;0;;16.8;;
83049;11/08/2018;0000;;24.2;;1;
83049;11/08/2018;1200;0;;9.6;;
83049;12/08/2018;0000;;23.1;;1;
83049;12/08/2018;1200;0;;13;;
83049;13/08/2018;0000;;22.2;;1;
83049;13/08/2018;1200;0;;10.7;;
83049;14/08/2018;0000;;25.7;;1;
83049;14/08/2018;1200;0;;6.6;;
83049;15/08/2018;0000;;26.2;;1;
83049;15/08/2018;1200;0;;6.6;;
83049;16/08/2018;0000;;25.1;;1;
83049;16/08/2018;1200;0;;15;;
83049;17/08/2018;0000;;22.7;;1;
83049;17/08/2018;1200;0;;14.9;;
83049;18/08/2018;0000;;23.7;;1;
83049;18/08/2018;1200;0;;13.1;;
83049;19/08/2018;0000;;25.3;;1;
83049;19/08/2018;1200;0;;12;;
83049;20/08/2018;0000;;28.2;;1;
83049;20/08/2018;1200;0;;9.2;;
83049;21/08/2018;0000;;27.2;;1;
83049;21/08/2018;1200;0;;9.1;;
83049;22/08/2018;0000;;27.5;;1;
83049;22/08/2018;1200;0;;9.2;;
83049;23/08/2018;0000;;27.8;;1.666667;
83049;23/08/2018;1200;0;;11.1;;
83049;24/08/2018;0000;;28.7;;1.333333;
83049;24/08/2018;1200;0;;11;;
83049;25/08/2018;0000;;28.3;;1;
83049;25/08/2018;1200;0;;14.8;;
83049;26/08/2018;0000;;19;;1.333333;
83049;26/08/2018;1200;0;;14.4;;
83049;27/08/2018;0000;;18.7;;1;
83049;27/08/2018;1200;0;;14;;
83049;28/08/2018;0000;;22.7;;1;
83049;28/08/2018;1200;0;;13;;
83049;29/08/2018;0000;;24.2;;1.666667;
83049;29/08/2018;1200;0;;12.3;;
83049;30/08/2018;0000;;26.7;;1.333333;
83049;30/08/2018;1200;0;;10.6;;
83049;31/08/2018;0000;;28.6;;1.666667;
83049;31/08/2018;1200;0;;11.1;;
83049;01/09/2018;0000;;29.7;;1;
83049;01/09/2018;1200;0;;10.6;;
83049;02/09/2018;0000;;30.7;;1;
83049;02/09/2018;1200;0;;10.7;;
83049;03/09/2018;0000;;31.7;;1.666667;
83049;03/09/2018;1200;0;;15.2;;
83049;04/09/2018;0000;;25.6;;1;
83049;04/09/2018;1200;0;;15.3;;
83049;05/09/2018;0000;;23.3;;2;
83049;05/09/2018;1200;0;;13;;
83049;06/09/2018;0000;;24.3;;1;
83049;06/09/2018;1200;0;;7.5;;
83049;07/09/2018;0000;;27.2;;1;
83049;07/09/2018;1200;0;;10.6;;
83049;08/09/2018;0000;;26.2;;1;
83049;08/09/2018;1200;0;;6.6;;
83049;09/09/2018;0000;;26.7;;1;
83049;09/09/2018;1200;0;;7.7;;
83049;10/09/2018;0000;;24.7;;1;
83049;10/09/2018;1200;0;;13.5;;
83049;11/09/2018;0000;;23.7;;1;
83049;11/09/2018;1200;0;;15;;
83049;12/09/2018;0000;;21.2;;1;
83049;12/09/2018;1200;0;;12.2;;
83049;13/09/2018;0000;;22.2;;1.666667;
83049;13/09/2018;1200;0;;15.6;;
83049;14/09/2018;0000;;25.7;;1.333333;
83049;14/09/2018;1200;0;;16.5;;
83049;15/09/2018;0000;;26.1;;1;
83049;15/09/2018;1200;23.1;;16.8;;
83049;16/09/2018;0000;;25.1;;1;
83049;16/09/2018;1200;0;;14.5;;
83049;17/09/2018;0000;;19.7;;1;
83049;17/09/2018;1200;0;;13.5;;
83049;18/09/2018;0000;;25.7;;1;
83049;18/09/2018;1200;25;;17.3;;
83049;19/09/2018;0000;;31.2;;1;
83049;19/09/2018;1200;7;;16.8;;
83049;20/09/2018;0000;;26.2;;1;
83049;20/09/2018;1200;0;;17.8;;
83049;21/09/2018;0000;;28.4;;1;
83049;21/09/2018;1200;4.8;;18.7;;
83049;22/09/2018;0000;;29.2;;1;
83049;22/09/2018;1200;0;;15;;
83049;23/09/2018;0000;;29.6;;1.333333;
83049;23/09/2018;1200;0;;11.6;;
83049;24/09/2018;0000;;32.7;;1;
83049;24/09/2018;1200;0;;14.5;;
83049;25/09/2018;0000;;31.2;;1;
83049;25/09/2018;1200;0;;17;;
83049;26/09/2018;0000;;30.7;;1;
83049;26/09/2018;1200;0;;15.3;;
83049;27/09/2018;0000;;32.2;;1;
83049;27/09/2018;1200;0;;16.6;;
83049;28/09/2018;0000;;27.5;;1.333333;
83049;28/09/2018;1200;8.2;;19.6;;
83049;29/09/2018;0000;;28.3;;1;
83049;29/09/2018;1200;2;;19.6;;
83049;30/09/2018;0000;;27.5;;1;
83049;30/09/2018;1200;0;;20.6;;
83049;01/10/2018;0000;;26.7;;1.333333;
83049;01/10/2018;1200;0;;20.4;;
83049;02/10/2018;0000;;32.4;;1;
83049;02/10/2018;1200;0;;17.8;;
83049;03/10/2018;0000;;33.5;;1.333333;
83049;03/10/2018;1200;0;;15.8;;
83049;04/10/2018;0000;;27.1;;1;
83049;04/10/2018;1200;1.2;;20.2;;
83049;05/10/2018;0000;;24.5;;1.666667;
83049;05/10/2018;1200;0;;17.2;;
83049;06/10/2018;0000;;21;;1;
83049;06/10/2018;1200;0;;16.3;;
83049;07/10/2018;0000;;23.7;;1;
83049;07/10/2018;1200;0;;16.8;;
83049;08/10/2018;0000;;27.2;;1.333333;
83049;08/10/2018;1200;0;;19.4;;
83049;09/10/2018;0000;;23.3;;1;
83049;09/10/2018;1200;4.4;;19.4;;
83049;10/10/2018;0000;;31.2;;1;
83049;10/10/2018;1200;2.2;;18.2;;
83049;11/10/2018;0000;;27.9;;1;
83049;11/10/2018;1200;1.2;;20.1;;
83049;12/10/2018;0000;;26.7;;1;
83049;12/10/2018;1200;0;;20;;
83049;13/10/2018;0000;;32.7;;1;
83049;13/10/2018;1200;0;;18.6;;
83049;14/10/2018;0000;;25.9;;1;
83049;14/10/2018;1200;4;;19.8;;
83049;15/10/2018;0000;;23.7;;1;
83049;15/10/2018;1200;0;;18.5;;
83049;16/10/2018;0000;;24.9;;1.333333;
83049;16/10/2018;1200;0.9;;19.2;;
83049;17/10/2018;0000;;24.7;;1;
83049;17/10/2018;1200;0;;19.1;;
83049;18/10/2018;0000;;28.3;;1;
83049;18/10/2018;1200;0;;19.3;;
83049;19/10/2018;0000;;24.9;;1;
83049;19/10/2018;1200;0;;18.9;;
83049;20/10/2018;0000;;24.7;;1;
83049;20/10/2018;1200;1.1;;15.4;;
83049;21/10/2018;0000;;25.1;;1;
83049;21/10/2018;1200;0;;13.6;;
83049;22/10/2018;0000;;26.2;;1.333333;
83049;22/10/2018;1200;0;;15.9;;
83049;23/10/2018;0000;;33.7;;1.333333;
83049;23/10/2018;1200;0;;13.1;;
83049;24/10/2018;0000;;27.7;;1.333333;
83049;24/10/2018;1200;0;;17.5;;
83049;25/10/2018;0000;;21.2;;1;
83049;25/10/2018;1200;10;;18.5;;
83049;26/10/2018;0000;;30.7;;1;
83049;26/10/2018;1200;2.8;;17.8;;
83049;27/10/2018;0000;;31.2;;1;
83049;27/10/2018;1200;0;;20;;
83049;28/10/2018;0000;;25.2;;1;
83049;28/10/2018;1200;0;;16.4;;
83049;29/10/2018;0000;;21.9;;1;
83049;29/10/2018;1200;0;;14.8;;
83049;30/10/2018;0000;;27.7;;1;
83049;30/10/2018;1200;0;;16.3;;
83049;31/10/2018;0000;;30.9;;1.666667;
83049;31/10/2018;1200;0;;19.5;;
83049;01/11/2018;0000;;29.9;;1;
83049;01/11/2018;1200;0;;20;;
83049;02/11/2018;0000;;27.7;;1;
83049;02/11/2018;1200;0;;17.8;;
83049;03/11/2018;0000;;31.7;;2;
83049;03/11/2018;1200;0;;20.5;;
83049;04/11/2018;0000;;27.7;;1;
83049;04/11/2018;1200;0.9;;19.8;;
83049;05/11/2018;0000;;21.7;;1;
83049;05/11/2018;1200;7;;17.4;;
83049;06/11/2018;0000;;25.7;;1;
83049;06/11/2018;1200;0.8;;17;;
83049;07/11/2018;0000;;28.7;;1.666667;
83049;07/11/2018;1200;0;;17;;
83049;08/11/2018;0000;;21.9;;1;
83049;08/11/2018;1200;5.1;;17;;
83049;09/11/2018;0000;;23.2;;1;
83049;09/11/2018;1200;10.2;;16.9;;
83049;10/11/2018;0000;;28.9;;1;
83049;10/11/2018;1200;2.4;;18.6;;
83049;11/11/2018;0000;;28.9;;1;
83049;11/11/2018;1200;0;;19.3;;
83049;12/11/2018;0000;;31.3;;1;
83049;12/11/2018;1200;0;;18.9;;
83049;13/11/2018;0000;;30.3;;1.666667;
83049;13/11/2018;1200;0;;20.4;;
83049;14/11/2018;0000;;32.7;;1;
83049;14/11/2018;1200;0;;20.9;;
83049;15/11/2018;0000;;29.7;;1;
83049;15/11/2018;1200;9;;20;;
83049;16/11/2018;0000;;27.7;;1.333333;
83049;16/11/2018;1200;49.8;;19.4;;
83049;17/11/2018;0000;;27.5;;1;
83049;17/11/2018;1200;0;;16.8;;
83049;18/11/2018;0000;;31.1;;1;
83049;18/11/2018;1200;0;;18.5;;
83049;19/11/2018;0000;;25.2;;1;
83049;19/11/2018;1200;1.3;;17.4;;
83049;20/11/2018;0000;;18.5;;1;
83049;20/11/2018;1200;45.5;;15.4;;
83049;21/11/2018;0000;;20.7;;1.333333;
83049;21/11/2018;1200;23.3;;15.8;;
83049;22/11/2018;0000;;28.7;;1.333333;
83049;22/11/2018;1200;12.9;;14.8;;
83049;23/11/2018;0000;;29;;1.666667;
83049;23/11/2018;1200;0;;19.5;;
83049;24/11/2018;0000;;27.5;;1.333333;
83049;24/11/2018;1200;2.9;;17.4;;
83049;25/11/2018;0000;;26.7;;1;
83049;25/11/2018;1200;0;;19;;
83049;26/11/2018;0000;;27.9;;1.333333;
83049;26/11/2018;1200;0;;18.4;;
83049;27/11/2018;0000;;28.3;;1;
83049;27/11/2018;1200;0;;16.1;;
83049;28/11/2018;0000;;29.4;;1.333333;
83049;28/11/2018;1200;0;;18.4;;
83049;29/11/2018;0000;;30.7;;1.666667;
83049;29/11/2018;1200;0;;16.9;;
83049;30/11/2018;0000;;30.6;;1;
83049;30/11/2018;1200;0;;17.8;;
83049;01/12/2018;0000;;27.2;;1;
83049;01/12/2018;1200;7.3;;19.6;;
83049;02/12/2018;0000;;27.2;;1;
83049;02/12/2018;1200;1.5;;19;;
83049;03/12/2018;0000;;26.7;;2;
83049;03/12/2018;1200;0;;18.9;;
83049;04/12/2018;0000;;27.7;;1.666667;
83049;04/12/2018;1200;5.1;;18.5;;
83049;05/12/2018;0000;;30.7;;1.666667;
83049;05/12/2018;1200;0;;18.7;;
83049;06/12/2018;0000;;29.8;;2;
83049;06/12/2018;1200;10.7;;16.8;;
83049;07/12/2018;0000;;27.7;;1.333333;
83049;07/12/2018;1200;4.6;;19;;
83049;08/12/2018;0000;;22.7;;1.666667;
83049;08/12/2018;1200;0;;15;;
83049;09/12/2018;0000;;26.2;;1.666667;
83049;09/12/2018;1200;0;;9.4;;
83049;10/12/2018;0000;;28.7;;2;
83049;10/12/2018;1200;0;;14.8;;
83049;11/12/2018;0000;;31.4;;1.333333;
83049;11/12/2018;1200;0;;15.6;;
83049;12/12/2018;0000;;34;;2;
83049;12/12/2018;1200;0;;17.8;;
83049;13/12/2018;0000;;33.7;;1;
83049;13/12/2018;1200;0;;18.5;;
83049;14/12/2018;0000;;34.1;;1.333333;
83049;14/12/2018;1200;0;;17.2;;
83049;15/12/2018;0000;;35.7;;1;
83049;15/12/2018;1200;0;;16.8;;
83049;16/12/2018;0000;;33.1;;1;
83049;16/12/2018;1200;0;;19.6;;
83049;17/12/2018;0000;;33.2;;2;
83049;17/12/2018;1200;0;;19.1;;
83049;18/12/2018;0000;;36.1;;1.333333;
83049;18/12/2018;1200;0;;20.5;;
83049;19/12/2018;0000;;34.7;;1.333333;
83049;19/12/2018;1200;0;;19.9;;
83049;20/12/2018;0000;;35.1;;1.333333;
83049;20/12/2018;1200;0;;20.6;;
83049;21/12/2018;0000;;37.7;;1.333333;
83049;21/12/2018;1200;0;;20;;
83049;22/12/2018;0000;;37.3;;1;
83049;22/12/2018;1200;0;;20;;
83049;23/12/2018;0000;;33.9;;1;
83049;23/12/2018;1200;2.7;;19.1;;
83049;24/12/2018;0000;;31.7;;1;
83049;24/12/2018;1200;0;;19;;
83049;25/12/2018;0000;;26.7;;1;
83049;25/12/2018;1200;9.7;;19.2;;
83049;26/12/2018;0000;;23.7;;1.333333;
83049;26/12/2018;1200;1.7;;20;;
83049;27/12/2018;0000;;23.9;;1;
83049;27/12/2018;1200;10.5;;19.6;;
83049;28/12/2018;0000;;28.7;;1;
83049;28/12/2018;1200;0.8;;20.8;;
83049;29/12/2018;0000;;31.9;;1;
83049;29/12/2018;1200;0;;19.6;;
83049;30/12/2018;0000;;32;;1;
83049;30/12/2018;1200;0;;19.5;;
83049;31/12/2018;0000;;32;;1;
83049;31/12/2018;1200;0;;19.5;;
83049;01/01/2019;0000;;30.7;;1;
83049;01/01/2019;1200;0;;20;;
83049;02/01/2019;0000;;32.9;;1;
83049;02/01/2019;1200;5;;19.9;;
83049;03/01/2019;0000;;34.2;;1;
83049;03/01/2019;1200;14.4;;21.4;;
83049;04/01/2019;0000;;32.6;;1;
83049;04/01/2019;1200;3.3;;20.5;;
83049;05/01/2019;0000;;31.7;;1;
83049;05/01/2019;1200;37;;20;;
83049;06/01/2019;0000;;33.7;;1;
83049;06/01/2019;1200;9.2;;20.6;;
83049;07/01/2019;0000;;34.3;;1.333333;
83049;07/01/2019;1200;0;;19.4;;
83049;08/01/2019;0000;;32.7;;1;
83049;08/01/2019;1200;0;;20;;
83049;09/01/2019;0000;;31.7;;1;
83049;09/01/2019;1200;6.3;;20.1;;
83049;10/01/2019;0000;;33.5;;1.333333;
83049;10/01/2019;1200;0;;17.8;;
83049;11/01/2019;0000;;33.3;;1.333333;
83049;11/01/2019;1200;0;;17.4;;
83049;12/01/2019;0000;;34.9;;1;
83049;12/01/2019;1200;0;;18.6;;
83049;13/01/2019;0000;;33.2;;1;
83049;13/01/2019;1200;0;;20.4;;
83049;14/01/2019;0000;;32.3;;1;
83049;14/01/2019;1200;0;;20.4;;
83049;15/01/2019;0000;;35.2;;1;
83049;15/01/2019;1200;0;;19.6;;
83049;16/01/2019;0000;;35.9;;1;
83049;16/01/2019;1200;10;;20.5;;
83049;17/01/2019;0000;;34.5;;1;
83049;17/01/2019;1200;6;;17.8;;
83049;18/01/2019;0000;;34.3;;1;
83049;18/01/2019;1200;0;;20.5;;
83049;19/01/2019;0000;;33.6;;1;
83049;19/01/2019;1200;0;;22;;
83049;20/01/2019;0000;;34.2;;1;
83049;20/01/2019;1200;0;;21.8;;
83049;21/01/2019;0000;;34.2;;1;
83049;21/01/2019;1200;9.4;;21.3;;
83049;22/01/2019;0000;;35.2;;1;
83049;22/01/2019;1200;6.2;;20.4;;
83049;23/01/2019;0000;;35.2;;1;
83049;23/01/2019;1200;0;;20.2;;
83049;24/01/2019;0000;;33.9;;1;
83049;24/01/2019;1200;0;;19.4;;
83049;25/01/2019;0000;;33.2;;1.333333;
83049;25/01/2019;1200;0;;21.2;;
83049;26/01/2019;0000;;33.3;;1;
83049;26/01/2019;1200;32.7;;17.4;;
83049;27/01/2019;0000;;33.3;;1;
83049;27/01/2019;1200;0;;17.4;;
83049;28/01/2019;0000;;32.6;;1;
83049;28/01/2019;1200;0;;17.8;;
83049;29/01/2019;0000;;35.7;;1;
83049;29/01/2019;1200;0;;18.8;;
83049;30/01/2019;0000;;36.1;;1;
83049;30/01/2019;1200;0;;18.5;;
83049;31/01/2019;0000;;36.2;;1;
83049;31/01/2019;1200;0;;17.8;;
83049;01/02/2019;0000;;37.2;;1;
83049;01/02/2019;1200;0;;18.8;;
83049;02/02/2019;0000;;37.7;;1;
83049;02/02/2019;1200;0;;19;;
83049;03/02/2019;0000;;34.9;;1;
83049;03/02/2019;1200;0;;20;;
83049;04/02/2019;0000;;30.7;;1;
83049;04/02/2019;1200;0;;20.2;;
83049;05/02/2019;0000;;27.1;;1;
83049;05/02/2019;1200;9.3;;19.6;;
83049;06/02/2019;0000;;25.2;;1;
83049;06/02/2019;1200;0;;18.6;;
83049;07/02/2019;0000;;29.4;;1;
83049;07/02/2019;1200;39.7;;18.8;;
83049;08/02/2019;0000;;31.7;;1;
83049;08/02/2019;1200;0;;19.5;;
83049;09/02/2019;0000;;33.2;;1;
83049;09/02/2019;1200;0;;18.5;;
83049;10/02/2019;0000;;33.7;;1;
83049;10/02/2019;1200;0;;20.9;;
83049;11/02/2019;0000;;32.6;;1;
83049;11/02/2019;1200;0;;21;;
83049;12/02/2019;0000;;34.6;;1.333333;
83049;12/02/2019;1200;0;;20;;
83049;13/02/2019;0000;;23.6;;1;
83049;13/02/2019;1200;28.6;;18.5;;
83049;14/02/2019;0000;;25.1;;1;
83049;14/02/2019;1200;4;;16.9;;
83049;15/02/2019;0000;;27.1;;1;
83049;15/02/2019;1200;0.4;;18.4;;
83049;16/02/2019;0000;;26.1;;1;
83049;16/02/2019;1200;5.8;;21;;
83049;17/02/2019;0000;;33.4;;1;
83049;17/02/2019;1200;2.5;;20.1;;
83049;18/02/2019;0000;;30.6;;1;
83049;18/02/2019;1200;23;;20.5;;
83049;19/02/2019;0000;;32.3;;1;
83049;19/02/2019;1200;17.1;;21;;
83049;20/02/2019;0000;;33.1;;1;
83049;20/02/2019;1200;25;;19.9;;
83049;21/02/2019;0000;;25.7;;1;
83049;21/02/2019;1200;1;;21;;
83049;22/02/2019;0000;;33.6;;1;
83049;22/02/2019;1200;2.9;;19;;
83049;23/02/2019;0000;;34.6;;1;
83049;23/02/2019;1200;11.5;;19.6;;
83049;24/02/2019;0000;;35.3;;1;
83049;24/02/2019;1200;0;;19.8;;
83049;25/02/2019;0000;;35.1;;1;
83049;25/02/2019;1200;0;;20.8;;
83049;26/02/2019;0000;;30.6;;1;
83049;26/02/2019;1200;25.1;;20.1;;
83049;27/02/2019;0000;;32.6;;1;
83049;27/02/2019;1200;6.6;;20.5;;
83049;28/02/2019;0000;;29.1;;1;
83049;28/02/2019;1200;7.6;;21.1;;
83049;01/03/2019;0000;;30.6;;1;
83049;01/03/2019;1200;3.8;;21;;
83049;02/03/2019;0000;;27.1;;1;
83049;02/03/2019;1200;58.7;;20;;
83049;03/03/2019;0000;;29.7;;1;
83049;03/03/2019;1200;2.2;;20.7;;
83049;04/03/2019;0000;;28.7;;1;
83049;04/03/2019;1200;16.1;;20;;
83049;05/03/2019;0000;;30.6;;1;
83049;05/03/2019;1200;0;;20.5;;
83049;06/03/2019;0000;;31.5;;1;
83049;06/03/2019;1200;0;;20;;
83049;07/03/2019;0000;;32.1;;1;
83049;07/03/2019;1200;0;;21.6;;
83049;08/03/2019;0000;;32.8;;1;
83049;08/03/2019;1200;0;;19.6;;
83049;09/03/2019;0000;;32.5;;1;
83049;09/03/2019;1200;0;;19;;
83049;10/03/2019;0000;;31.3;;1;
83049;10/03/2019;1200;0;;18.4;;
83049;11/03/2019;0000;;29.1;;1;
83049;11/03/2019;1200;0;;18.5;;
83049;12/03/2019;0000;;32.1;;1;
83049;12/03/2019;1200;5.7;;20;;
83049;13/03/2019;0000;;32.3;;1;
83049;13/03/2019;1200;0.5;;20.8;;
83049;14/03/2019;0000;;33.1;;1;
83049;14/03/2019;1200;0;;18.8;;
83049;15/03/2019;0000;;32.1;;1.333333;
83049;15/03/2019;1200;0;;20.5;;
83049;16/03/2019;0000;;29.3;;1;
83049;16/03/2019;1200;0;;20.6;;
83049;17/03/2019;0000;;30.6;;1;
83049;17/03/2019;1200;6.8;;21.4;;
83049;18/03/2019;0000;;33.1;;1;
83049;18/03/2019;1200;18.8;;21.6;;
83049;19/03/2019;0000;;33.1;;1;
83049;19/03/2019;1200;0;;20.5;;
83049;20/03/2019;0000;;29.4;;1.666667;
83049;20/03/2019;1200;1;;21.4;;
83049;21/03/2019;0000;;25.7;;1;
83049;21/03/2019;1200;0;;19.8;;
83049;22/03/2019;0000;;23.6;;1;
83049;22/03/2019;1200;0;;18.8;;
83049;23/03/2019;0000;;28.6;;1;
83049;23/03/2019;1200;0;;16.8;;
83049;24/03/2019;0000;;29.6;;1;
83049;24/03/2019;1200;0;;17.5;;
83049;25/03/2019;0000;;30.6;;1;
83049;25/03/2019;1200;0;;19;;
83049;26/03/2019;0000;;30.1;;1;
83049;26/03/2019;1200;0;;16.2;;
83049;27/03/2019;0000;;30.1;;1;
83049;27/03/2019;1200;0;;13;;
83049;28/03/2019;0000;;27.1;;1;
83049;28/03/2019;1200;0;;17.8;;
83049;29/03/2019;0000;;25.1;;1;
83049;29/03/2019;1200;8;;16.8;;
83049;30/03/2019;0000;;29.1;;1;
83049;30/03/2019;1200;0;;12.6;;

		
	
[Fechar] <#>
	
		

