--------------------
BDMEP - INMET
--------------------
Estação           : BARBACENA - MG (OMM: 83689)
Latitude  (graus) : -21.25
Longitude (graus) : -43.76
Altitude  (metros): 1126.00
Estação Operante
Inicio de operação: 09/06/1914
Periodo solicitado dos dados: 01/01/2018 a 30/03/2019
Os dados listados abaixo são os que encontram-se digitados no BDMEP
Hora em UTC
--------------------
Obs.: Os dados aparecem separados por ; (ponto e vírgula) no formato txt.
      Para o formato planilha XLS, siga as instruções <http://www.inmet.gov.br/projetos/rede/pesquisa/instrucao.html>
--------------------
Estacao;Data;Hora;Precipitacao;TempMaxima;TempMinima;Velocidade do Vento Media;
83689;01/01/2018;0000;;;;2.566667;
83689;01/01/2018;1200;5.2;;17.8;;
83689;02/01/2018;0000;;;;2.433333;
83689;02/01/2018;1200;0;;18.6;;
83689;03/01/2018;0000;;;;2.033333;
83689;03/01/2018;1200;0.4;;18.9;;
83689;04/01/2018;0000;;;;0.5;
83689;04/01/2018;1200;28.2;;16.8;;
83689;05/01/2018;0000;;;;1.7;
83689;05/01/2018;1200;47.2;;16.9;;
83689;06/01/2018;0000;;;;0.666667;
83689;06/01/2018;1200;14.4;;17.4;;
83689;08/01/2018;0000;;;;1;
83689;08/01/2018;1200;0;;17.7;;
83689;09/01/2018;0000;;;;0.833333;
83689;09/01/2018;1200;11;;17.1;;
83689;10/01/2018;0000;;;;1;
83689;10/01/2018;1200;0;;17.1;;
83689;11/01/2018;0000;;;;0.833333;
83689;11/01/2018;1200;0;;16.1;;
83689;12/01/2018;0000;;;;0.633333;
83689;12/01/2018;1200;0;;16.9;;
83689;13/01/2018;0000;;;;0.666667;
83689;13/01/2018;1200;2.4;;16.5;;
83689;15/01/2018;0000;;;;0.166667;
83689;15/01/2018;1200;0;;16.6;;
83689;16/01/2018;0000;;;;0.333333;
83689;16/01/2018;1200;9.6;;15.5;;
83689;17/01/2018;0000;;;;0.333333;
83689;17/01/2018;1200;0;;17.3;;
83689;18/01/2018;0000;;;;1.333333;
83689;18/01/2018;1200;0;;16.9;;
83689;19/01/2018;0000;;;;1;
83689;19/01/2018;1200;0;;16.3;;
83689;20/01/2018;0000;;;;0.666667;
83689;20/01/2018;1200;0;;16.3;;
83689;22/01/2018;0000;;;;1;
83689;22/01/2018;1200;0;;16.5;;
83689;23/01/2018;0000;;28.7;;0.5;
83689;23/01/2018;1200;22;;16.9;;
83689;24/01/2018;0000;;;;0.333333;
83689;24/01/2018;1200;2;;17.8;;
83689;25/01/2018;0000;;;;0.666667;
83689;25/01/2018;1200;0;;17.5;;
83689;26/01/2018;0000;;;;0.166667;
83689;26/01/2018;1200;0.2;;17.5;;
83689;27/01/2018;0000;;;;0.666667;
83689;27/01/2018;1200;16.4;;17.7;;
83689;29/01/2018;0000;;;;1.466667;
83689;29/01/2018;1200;0;;17.5;;
83689;30/01/2018;0000;;;;0.666667;
83689;30/01/2018;1200;17;;17.5;;
83689;31/01/2018;0000;;;;0.17148;
83689;31/01/2018;1200;42.6;;15.5;;
83689;01/02/2018;0000;;;;0;
83689;01/02/2018;1200;0;;13.4;;
83689;02/02/2018;0000;;;;0.5;
83689;02/02/2018;1200;0;;16.5;;
83689;03/02/2018;0000;;;;1;
83689;03/02/2018;1200;0;;16.8;;
83689;05/02/2018;0000;;;;0;
83689;05/02/2018;1200;17.2;;13.5;;
83689;06/02/2018;0000;;;;0;
83689;06/02/2018;1200;20.8;;14.1;;
83689;07/02/2018;0000;;;;0.75;
83689;07/02/2018;1200;2.2;;15.7;;
83689;08/02/2018;0000;;;;0;
83689;08/02/2018;1200;0;;16.5;;
83689;09/02/2018;0000;;;;0.50722;
83689;09/02/2018;1200;0;;17.5;;
83689;10/02/2018;0000;;;;0.25;
83689;10/02/2018;1200;0;;17.9;;
83689;12/02/2018;0000;;;;0.5;
83689;12/02/2018;1200;0;;17.5;;
83689;13/02/2018;0000;;;;0.75;
83689;13/02/2018;1200;0;;16.7;;
83689;14/02/2018;0000;;;;1;
83689;14/02/2018;1200;0;;17.7;;
83689;15/02/2018;0000;;;;0.5;
83689;15/02/2018;1200;0;;17.7;;
83689;16/02/2018;0000;;;;0.25;
83689;16/02/2018;1200;0;;16.9;;
83689;17/02/2018;0000;;;;0.25;
83689;17/02/2018;1200;0;;16.8;;
83689;19/02/2018;0000;;;;0.75;
83689;19/02/2018;1200;15.6;;16.5;;
83689;20/02/2018;0000;;;;0.75;
83689;20/02/2018;1200;9.2;;17.7;;
83689;21/02/2018;0000;;;;1.25;
83689;21/02/2018;1200;2.6;;18.4;;
83689;22/02/2018;0000;;;;0.75;
83689;22/02/2018;1200;2.7;;17.8;;
83689;23/02/2018;0000;;;;1.3;
83689;23/02/2018;1200;1;;18.2;;
83689;24/02/2018;0000;;;;0;
83689;24/02/2018;1200;22;;17.5;;
83689;26/02/2018;0000;;;;0.25;
83689;26/02/2018;1200;3;;16.2;;
83689;27/02/2018;0000;;;;1.3;
83689;27/02/2018;1200;22;;16.2;;
83689;28/02/2018;0000;;;;1.3;
83689;28/02/2018;1200;9;;17.2;;
83689;01/03/2018;0000;;;;0.5;
83689;01/03/2018;1200;1;;18.2;;
83689;02/03/2018;0000;;;;0.5;
83689;02/03/2018;1200;3.4;;18.5;;
83689;03/03/2018;0000;;;;0.75;
83689;03/03/2018;1200;38.6;;18.4;;
83689;05/03/2018;0000;;;;0.25;
83689;05/03/2018;1200;18;;17.8;;
83689;06/03/2018;0000;;;;0.5;
83689;06/03/2018;1200;0;;18.2;;
83689;07/03/2018;0000;;;;0.25;
83689;07/03/2018;1200;2.4;;19.8;;
83689;08/03/2018;0000;;;;0.25;
83689;08/03/2018;1200;1;;19.3;;
83689;09/03/2018;0000;;;;0.25;
83689;09/03/2018;1200;5.2;;18.5;;
83689;10/03/2018;0000;;;;1.25;
83689;10/03/2018;1200;1.4;;17.8;;
83689;12/03/2018;0000;;;;0.5;
83689;12/03/2018;1200;57.4;;15.7;;
83689;13/03/2018;0000;;;;0.5;
83689;13/03/2018;1200;0;;17.8;;
83689;14/03/2018;0000;;;;1.25;
83689;14/03/2018;1200;2;;18.4;;
83689;15/03/2018;0000;;;;0.5;
83689;15/03/2018;1200;43;;17.9;;
83689;16/03/2018;0000;;;;0;
83689;16/03/2018;1200;0;;17.3;;
83689;17/03/2018;0000;;;;0.5;
83689;17/03/2018;1200;0;;18.2;;
83689;19/03/2018;0000;;;;0.5;
83689;19/03/2018;1200;10.8;;17.8;;
83689;20/03/2018;0000;;;;0.5;
83689;20/03/2018;1200;0;;17.7;;
83689;21/03/2018;0000;;;;0;
83689;21/03/2018;1200;2.8;;18.4;;
83689;22/03/2018;0000;;;;0;
83689;22/03/2018;1200;0;;18.4;;
83689;23/03/2018;0000;;;;1;
83689;23/03/2018;1200;1.6;;17.5;;
83689;24/03/2018;0000;;;;1.55;
83689;24/03/2018;1200;0;;17.5;;
83689;26/03/2018;0000;;;;0.5;
83689;26/03/2018;1200;0;;17.1;;
83689;27/03/2018;0000;;;;0.25;
83689;27/03/2018;1200;0;;16.2;;
83689;28/03/2018;0000;;;;0;
83689;28/03/2018;1200;0;;15.8;;
83689;29/03/2018;0000;;;;0.25;
83689;29/03/2018;1200;0;;16.2;;
83689;30/03/2018;0000;;;;0;
83689;30/03/2018;1200;0;;16.1;;
83689;31/03/2018;0000;;;;0.5;
83689;31/03/2018;1200;0;;15.5;;
83689;23/04/2018;0000;;;;0.25;
83689;23/04/2018;1200;1.6;;12.5;;
83689;24/04/2018;0000;;;;0.75;
83689;24/04/2018;1200;4;;14.2;;
83689;25/04/2018;0000;;;;0.25;
83689;25/04/2018;1200;0;;16.3;;
83689;26/04/2018;0000;;;;0.25;
83689;26/04/2018;1200;0;;15.6;;
83689;27/04/2018;0000;;;;0.5;
83689;27/04/2018;1200;0;;15.5;;
83689;28/04/2018;0000;;;;0;
83689;28/04/2018;1200;0;;14.7;;
83689;30/04/2018;0000;;;;0.25;
83689;30/04/2018;1200;0;;12.3;;
83689;01/05/2018;0000;;;;0;
83689;01/05/2018;1200;0;;10.8;;
83689;02/05/2018;0000;;;;0.25;
83689;02/05/2018;1200;0;;13.5;;
83689;03/05/2018;0000;;;;1;
83689;03/05/2018;1200;0;;14.3;;
83689;04/05/2018;0000;;;;0.25;
83689;04/05/2018;1200;0;;15.3;;
83689;05/05/2018;0000;;;;0.25;
83689;05/05/2018;1200;0;;15.3;;
83689;07/05/2018;0000;;;;0.5;
83689;07/05/2018;1200;0;;14.4;;
83689;08/05/2018;0000;;;;1;
83689;08/05/2018;1200;0;;15.3;;
83689;09/05/2018;0000;;;;0.75;
83689;09/05/2018;1200;0;;13.4;;
83689;10/05/2018;0000;;;;0.75;
83689;10/05/2018;1200;0;;11.6;;
83689;11/05/2018;0000;;;;0;
83689;11/05/2018;1200;0;;10.3;;
83689;12/05/2018;0000;;;;0.75;
83689;12/05/2018;1200;0;;13.8;;
83689;14/05/2018;0000;;;;0.75;
83689;14/05/2018;1200;0;;15.2;;
83689;15/05/2018;0000;;;;1;
83689;15/05/2018;1200;0;;15.3;;
83689;16/05/2018;0000;;;;0.75;
83689;16/05/2018;1200;0;;13.4;;
83689;17/05/2018;0000;;;;1;
83689;17/05/2018;1200;1.2;;15.8;;
83689;18/05/2018;0000;;;;0.5;
83689;18/05/2018;1200;0;;15.2;;
83689;19/05/2018;0000;;;;1.5;
83689;19/05/2018;1200;0;;15.2;;
83689;20/05/2018;1200;5;;;;
83689;21/05/2018;0000;;;;0.25;
83689;21/05/2018;1200;0;;3.7;;
83689;22/05/2018;0000;;;;0.25;
83689;22/05/2018;1200;0;;6.4;;
83689;23/05/2018;0000;;;;0;
83689;23/05/2018;1200;0;;6.2;;
83689;24/05/2018;0000;;;;0.25;
83689;24/05/2018;1200;0;;11.6;;
83689;25/05/2018;0000;;;;0.25;
83689;25/05/2018;1200;0;;11;;
83689;26/05/2018;0000;;;;0.5;
83689;26/05/2018;1200;0;;11.7;;
83689;28/05/2018;0000;;;;0.25;
83689;28/05/2018;1200;0;;4;;
83689;29/05/2018;0000;;;;1.55;
83689;29/05/2018;1200;0;;0.8;;
83689;30/05/2018;0000;;;;0;
83689;30/05/2018;1200;0;;9;;

		
	
[Fechar] <#>
	
		

