--------------------
BDMEP - INMET
--------------------
Estação           : BOM DESPACHO - MG (OMM: 83533)
Latitude  (graus) : -19.68
Longitude (graus) : -45.36
Altitude  (metros): 695.00
Estação Operante
Inicio de operação: 01/01/1981
Periodo solicitado dos dados: 01/01/2018 a 30/03/2019
Os dados listados abaixo são os que encontram-se digitados no BDMEP
Hora em UTC
--------------------
Obs.: Os dados aparecem separados por ; (ponto e vírgula) no formato txt.
      Para o formato planilha XLS, siga as instruções <http://www.inmet.gov.br/projetos/rede/pesquisa/instrucao.html>
--------------------
Estacao;Data;Hora;Precipitacao;TempMaxima;TempMinima;Velocidade do Vento Media;
83533;01/01/2018;0000;;30.3;;0.066667;
83533;01/01/2018;1200;13.4;;20.4;;
83533;02/01/2018;0000;;31.7;;0.133333;
83533;02/01/2018;1200;8.7;;19.2;;
83533;03/01/2018;0000;;33.3;;0.133333;
83533;03/01/2018;1200;0;;19.5;;
83533;04/01/2018;0000;;35.1;;0.133333;
83533;04/01/2018;1200;0;;17.2;;
83533;05/01/2018;0000;;32.9;;0.1;
83533;05/01/2018;1200;0.8;;19.8;;
83533;06/01/2018;0000;;33.1;;0.1;
83533;06/01/2018;1200;0;;18.2;;
83533;07/01/2018;0000;;32.9;;0.066667;
83533;07/01/2018;1200;0;;18.6;;
83533;08/01/2018;0000;;34.5;;0.166667;
83533;08/01/2018;1200;0;;18.4;;
83533;09/01/2018;0000;;33.3;;0.1;
83533;09/01/2018;1200;0.5;;18.8;;
83533;10/01/2018;0000;;32.5;;0.1;
83533;10/01/2018;1200;0;;16.4;;
83533;11/01/2018;0000;;31.9;;0.1;
83533;11/01/2018;1200;0;;17.4;;
83533;12/01/2018;0000;;32.9;;0.133333;
83533;12/01/2018;1200;0;;20;;
83533;13/01/2018;0000;;34.1;;0.033333;
83533;13/01/2018;1200;0;;19;;
83533;14/01/2018;0000;;34.3;;0.133333;
83533;14/01/2018;1200;0;;18.6;;
83533;01/02/2018;0000;;30.7;;0.066667;
83533;01/02/2018;1200;8.8;;19.6;;
83533;02/02/2018;0000;;26;;0.066667;
83533;02/02/2018;1200;6.1;;20.8;;
83533;03/02/2018;0000;;29.7;;0.1;
83533;03/02/2018;1200;19.4;;20;;
83533;04/02/2018;0000;;25.6;;0.1;
83533;04/02/2018;1200;0;;20;;
83533;05/02/2018;0000;;24.4;;0.066667;
83533;05/02/2018;1200;3.9;;19;;
83533;06/02/2018;0000;;26;;0.066667;
83533;06/02/2018;1200;24.7;;19.6;;
83533;07/02/2018;0000;;30.9;;0.066667;
83533;07/02/2018;1200;16.4;;19.4;;
83533;08/02/2018;0000;;33.1;;0.033333;
83533;08/02/2018;1200;0;;17.8;;
83533;09/02/2018;0000;;31.1;;0.033333;
83533;09/02/2018;1200;0;;19.4;;
83533;10/02/2018;0000;;29.7;;0.066667;
83533;10/02/2018;1200;24.2;;20;;
83533;11/02/2018;0000;;32.5;;0.133333;
83533;11/02/2018;1200;0;;19.8;;
83533;12/02/2018;0000;;32.7;;0.066667;
83533;12/02/2018;1200;0;;18.6;;
83533;13/02/2018;0000;;33.3;;0.133333;
83533;13/02/2018;1200;0;;17.6;;
83533;14/02/2018;0000;;31.9;;0.166667;
83533;14/02/2018;1200;0;;18.6;;
83533;15/02/2018;0000;;31.3;;0.066667;
83533;15/02/2018;1200;0;;17;;
83533;16/02/2018;0000;;31.1;;0.066667;
83533;16/02/2018;1200;0;;16.8;;
83533;17/02/2018;0000;;33.5;;0.133333;
83533;17/02/2018;1200;0;;16.6;;
83533;18/02/2018;0000;;31.5;;0.133333;
83533;18/02/2018;1200;0;;16.4;;
83533;19/02/2018;0000;;31.1;;0.133333;
83533;19/02/2018;1200;1;;16;;
83533;20/02/2018;0000;;29.9;;0.033333;
83533;20/02/2018;1200;50.2;;17;;
83533;21/02/2018;0000;;30.1;;0.033333;
83533;21/02/2018;1200;0;;20;;
83533;22/02/2018;0000;;30.3;;0.133333;
83533;22/02/2018;1200;12.4;;20.6;;
83533;23/02/2018;0000;;27.9;;0.033333;
83533;23/02/2018;1200;12.5;;20;;
83533;24/02/2018;0000;;28.1;;0.033333;
83533;24/02/2018;1200;8.6;;19.6;;
83533;25/02/2018;0000;;28.9;;0.066667;
83533;25/02/2018;1200;30;;16.8;;
83533;26/02/2018;0000;;27.9;;0.066667;
83533;26/02/2018;1200;0;;20;;
83533;27/02/2018;0000;;30.9;;0.066667;
83533;27/02/2018;1200;17.8;;19;;
83533;28/02/2018;0000;;32.7;;0.033333;
83533;28/02/2018;1200;34.1;;19.8;;
83533;01/03/2018;0000;;32.7;;0.066667;
83533;01/03/2018;1200;0.6;;18.4;;
83533;02/03/2018;0000;;31.5;;0.133333;
83533;02/03/2018;1200;0;;17.6;;
83533;03/03/2018;0000;;33.1;;0.033333;
83533;03/03/2018;1200;1.3;;20;;
83533;04/03/2018;0000;;32.9;;0;
83533;04/03/2018;1200;20;;19.8;;
83533;05/03/2018;0000;;33.7;;0.066667;
83533;05/03/2018;1200;0;;20;;
83533;06/03/2018;0000;;34.7;;0.066667;
83533;06/03/2018;1200;0;;19.2;;
83533;07/03/2018;0000;;32.1;;0.1;
83533;07/03/2018;1200;1;;18.8;;
83533;08/03/2018;0000;;31.7;;0.066667;
83533;08/03/2018;1200;2.4;;18.4;;
83533;09/03/2018;0000;;28.5;;0.066667;
83533;09/03/2018;1200;0;;20;;
83533;10/03/2018;0000;;30.1;;0.133333;
83533;10/03/2018;1200;13.5;;18.6;;
83533;11/03/2018;0000;;30.1;;0.033333;
83533;11/03/2018;1200;16;;20.8;;
83533;12/03/2018;0000;;33.3;;0.033333;
83533;12/03/2018;1200;3.7;;19.6;;
83533;13/03/2018;0000;;34.7;;0.066667;
83533;13/03/2018;1200;0;;17.6;;
83533;14/03/2018;0000;;32.9;;0.033333;
83533;14/03/2018;1200;0;;17.4;;
83533;15/03/2018;0000;;31;;0.066667;
83533;15/03/2018;1200;0;;20.1;;
83533;16/03/2018;0000;;33.6;;0.066667;
83533;16/03/2018;1200;0;;17;;
83533;17/03/2018;0000;;33.5;;0.066667;
83533;17/03/2018;1200;0;;21;;
83533;18/03/2018;0000;;33.1;;0.033333;
83533;18/03/2018;1200;0;;19.4;;
83533;19/03/2018;0000;;33.5;;0.033333;
83533;19/03/2018;1200;0;;17.5;;
83533;20/03/2018;0000;;31.1;;0.066667;
83533;20/03/2018;1200;1.3;;17.4;;
83533;21/03/2018;0000;;28.7;;0.066667;
83533;21/03/2018;1200;0;;17.4;;
83533;22/03/2018;0000;;29.9;;0.066667;
83533;22/03/2018;1200;13.3;;17.6;;
83533;23/03/2018;0000;;32.1;;0.066667;
83533;23/03/2018;1200;0;;19;;
83533;24/03/2018;0000;;28.7;;0.066667;
83533;24/03/2018;1200;1;;17.4;;
83533;25/03/2018;0000;;30.9;;0.066667;
83533;25/03/2018;1200;0;;17.6;;
83533;26/03/2018;0000;;30.7;;0.066667;
83533;26/03/2018;1200;0;;13.6;;
83533;27/03/2018;0000;;31.7;;0.133333;
83533;27/03/2018;1200;0;;11.8;;
83533;28/03/2018;0000;;30.9;;0.066667;
83533;28/03/2018;1200;0;;13.7;;
83533;29/03/2018;0000;;30.1;;0;
83533;29/03/2018;1200;0;;15.2;;
83533;30/03/2018;0000;;31.1;;0.066667;
83533;30/03/2018;1200;0;;15;;
83533;31/03/2018;0000;;31.7;;0.066667;
83533;31/03/2018;1200;0;;14.6;;
83533;01/04/2018;0000;;31.2;;0.133333;
83533;01/04/2018;1200;0;;19.2;;
83533;02/04/2018;0000;;29.5;;0.066667;
83533;02/04/2018;1200;0;;18.4;;
83533;03/04/2018;0000;;29.9;;0.066667;
83533;03/04/2018;1200;0.5;;15;;
83533;04/04/2018;0000;;30.1;;0.666667;
83533;04/04/2018;1200;4.6;;18.4;;
83533;05/04/2018;0000;;32.1;;0.066667;
83533;05/04/2018;1200;1;;18.8;;
83533;06/04/2018;0000;;28.9;;0.133333;
83533;06/04/2018;1200;0.5;;16.6;;
83533;07/04/2018;0000;;31.9;;0.2;
83533;07/04/2018;1200;0;;15.4;;
83533;08/04/2018;0000;;31.3;;0.066667;
83533;08/04/2018;1200;0;;14.6;;
83533;09/04/2018;0000;;29.9;;0.1;
83533;09/04/2018;1200;0;;15.7;;
83533;10/04/2018;0000;;30.1;;0.066667;
83533;10/04/2018;1200;0;;15.5;;
83533;11/04/2018;0000;;30.9;;0.066667;
83533;11/04/2018;1200;0;;13.6;;
83533;12/04/2018;0000;;28.5;;0.066667;
83533;12/04/2018;1200;0;;12.4;;
83533;13/04/2018;0000;;29.9;;0.066667;
83533;13/04/2018;1200;0;;13;;
83533;14/04/2018;0000;;31.3;;0.066667;
83533;14/04/2018;1200;0;;13.4;;
83533;15/04/2018;0000;;29.1;;0.066667;
83533;15/04/2018;1200;0;;16.4;;
83533;16/04/2018;0000;;26.8;;0.066667;
83533;16/04/2018;1200;0.1;;13.6;;
83533;17/04/2018;0000;;25.4;;0.066667;
83533;17/04/2018;1200;0;;13;;
83533;18/04/2018;0000;;27.5;;0.133333;
83533;18/04/2018;1200;0.7;;12;;
83533;19/04/2018;0000;;27.9;;0.066667;
83533;19/04/2018;1200;0;;13;;
83533;20/04/2018;0000;;28.9;;0.066667;
83533;20/04/2018;1200;0;;12.4;;
83533;21/04/2018;0000;;28.7;;0.133333;
83533;21/04/2018;1200;0;;12;;
83533;22/04/2018;0000;;27.7;;0.066667;
83533;22/04/2018;1200;0;;13;;
83533;23/04/2018;0000;;29.3;;0.1;
83533;23/04/2018;1200;0;;11.8;;
83533;24/04/2018;0000;;29.5;;0.033333;
83533;24/04/2018;1200;0;;10.6;;
83533;25/04/2018;0000;;30;;0.066667;
83533;25/04/2018;1200;0;;13.2;;
83533;26/04/2018;0000;;30.9;;0.066667;
83533;26/04/2018;1200;0;;11.4;;
83533;27/04/2018;0000;;31.3;;0.066667;
83533;27/04/2018;1200;0;;14;;
83533;28/04/2018;0000;;31.5;;0.066667;
83533;28/04/2018;1200;0;;14.2;;
83533;29/04/2018;0000;;30.8;;0.066667;
83533;29/04/2018;1200;0;;13;;
83533;30/04/2018;0000;;30.1;;0.066667;
83533;30/04/2018;1200;0;;11.4;;
83533;01/05/2018;0000;;30.5;;0.066667;
83533;01/05/2018;1200;0;;10.2;;
83533;02/05/2018;0000;;30.7;;0.066667;
83533;02/05/2018;1200;0;;9.8;;
83533;03/05/2018;0000;;31.9;;;
83533;03/05/2018;1200;0;;10.4;;
83533;04/05/2018;0000;;32.1;;;
83533;04/05/2018;1200;0;;13.4;;
83533;05/05/2018;0000;;31.9;;;
83533;05/05/2018;1200;0;;12;;
83533;06/05/2018;0000;;31.3;;;
83533;06/05/2018;1200;0;;13.6;;
83533;07/05/2018;0000;;28.9;;;
83533;07/05/2018;1200;0;;12.8;;
83533;08/05/2018;0000;;28.7;;;
83533;08/05/2018;1200;0;;13;;
83533;09/05/2018;0000;;27.9;;;
83533;09/05/2018;1200;0;;13.6;;
83533;10/05/2018;0000;;28.1;;;
83533;10/05/2018;1200;0;;10.8;;
83533;11/05/2018;0000;;30.7;;;
83533;11/05/2018;1200;0;;11;;
83533;12/05/2018;0000;;30.9;;;
83533;12/05/2018;1200;0;;10.8;;
83533;13/05/2018;0000;;31.1;;;
83533;13/05/2018;1200;0;;14;;
83533;14/05/2018;0000;;30.3;;;
83533;14/05/2018;1200;0;;15.4;;
83533;15/05/2018;0000;;29.9;;;
83533;15/05/2018;1200;0;;13.6;;
83533;16/05/2018;0000;;31.3;;;
83533;16/05/2018;1200;0;;13.5;;
83533;17/05/2018;0000;;31.7;;;
83533;17/05/2018;1200;0;;12.4;;
83533;18/05/2018;0000;;31.1;;;
83533;18/05/2018;1200;0;;13;;
83533;19/05/2018;0000;;22.4;;;
83533;19/05/2018;1200;0;;14;;
83533;20/05/2018;0000;;22.2;;;
83533;20/05/2018;1200;3.6;;8.8;;
83533;21/05/2018;0000;;25.8;;;
83533;21/05/2018;1200;0;;1;;
83533;22/05/2018;0000;;27.7;;;
83533;22/05/2018;1200;0;;3.2;;
83533;23/05/2018;0000;;29.3;;;
83533;23/05/2018;1200;0;;4.8;;
83533;24/05/2018;0000;;29.1;;;
83533;24/05/2018;1200;0;;5.6;;
83533;25/05/2018;0000;;28.8;;;
83533;25/05/2018;1200;0;;7.2;;
83533;26/05/2018;0000;;27.9;;;
83533;26/05/2018;1200;0;;7.5;;
83533;27/05/2018;0000;;27.9;;;
83533;27/05/2018;1200;0;;7.4;;
83533;28/05/2018;0000;;27.1;;;
83533;28/05/2018;1200;0;;10.2;;
83533;29/05/2018;0000;;27.1;;;
83533;29/05/2018;1200;0;;10;;
83533;30/05/2018;0000;;26.4;;;
83533;30/05/2018;1200;0;;11.4;;
83533;31/05/2018;0000;;26;;;
83533;31/05/2018;1200;0;;6;;
83533;01/06/2018;0000;;27.7;;0.666667;
83533;01/06/2018;1200;0;;8.4;;
83533;02/06/2018;0000;;29.2;;0.666667;
83533;02/06/2018;1200;0;;6.8;;
83533;03/06/2018;0000;;31.1;;0.666667;
83533;03/06/2018;1200;0;;10;;
83533;04/06/2018;0000;;29.1;;0.666667;
83533;04/06/2018;1200;0;;12.6;;
83533;05/06/2018;0000;;27.7;;1.333333;
83533;05/06/2018;1200;0;;11.8;;
83533;06/06/2018;0000;;28.5;;1.666667;
83533;06/06/2018;1200;0;;13.2;;
83533;07/06/2018;0000;;29.9;;0.666667;
83533;07/06/2018;1200;0;;12.4;;
83533;08/06/2018;0000;;27.9;;1.333333;
83533;08/06/2018;1200;3.6;;11.6;;
83533;09/06/2018;0000;;28.9;;0.666667;
83533;09/06/2018;1200;0;;12.2;;
83533;10/06/2018;0000;;29.7;;0.666667;
83533;10/06/2018;1200;0;;13;;
83533;11/06/2018;0000;;27.1;;0.666667;
83533;11/06/2018;1200;0;;11.6;;
83533;12/06/2018;0000;;29.9;;0.666667;
83533;12/06/2018;1200;0;;10;;
83533;13/06/2018;0000;;31.5;;0.666667;
83533;13/06/2018;1200;0;;11.8;;
83533;14/06/2018;0000;;31.9;;0.666667;
83533;14/06/2018;1200;0;;12.4;;
83533;15/06/2018;0000;;30.1;;0.333333;
83533;15/06/2018;1200;0;;15.8;;
83533;16/06/2018;0000;;29.7;;0.333333;
83533;16/06/2018;1200;0;;11.8;;
83533;17/06/2018;0000;;28.3;;0.666667;
83533;17/06/2018;1200;0;;11.6;;
83533;18/06/2018;0000;;28.5;;0.666667;
83533;18/06/2018;1200;0;;11.8;;
83533;19/06/2018;0000;;29.9;;2;
83533;19/06/2018;1200;0;;10.6;;
83533;20/06/2018;0000;;28.1;;1;
83533;20/06/2018;1200;0;;8.8;;
83533;21/06/2018;0000;;28.9;;0.666667;
83533;21/06/2018;1200;0;;8;;
83533;22/06/2018;0000;;28.1;;0.666667;
83533;22/06/2018;1200;0;;8.2;;
83533;23/06/2018;0000;;28.5;;0.333333;
83533;23/06/2018;1200;0;;8;;
83533;24/06/2018;0000;;28.1;;0.666667;
83533;24/06/2018;1200;0;;12;;
83533;25/06/2018;0000;;29.9;;0.333333;
83533;25/06/2018;1200;0;;9;;
83533;26/06/2018;0000;;29.3;;0.333333;
83533;26/06/2018;1200;0;;9.8;;
83533;27/06/2018;0000;;29.5;;0.333333;
83533;27/06/2018;1200;0;;14;;
83533;28/06/2018;0000;;27.9;;0.666667;
83533;28/06/2018;1200;0;;13.2;;
83533;29/06/2018;0000;;27.1;;0.666667;
83533;29/06/2018;1200;0;;8.4;;
83533;30/06/2018;0000;;28.7;;1;
83533;30/06/2018;1200;0;;7.6;;
83533;01/07/2018;0000;;29.5;;0.066667;
83533;01/07/2018;1200;0;;8.6;;
83533;02/07/2018;0000;;31.3;;0.066667;
83533;02/07/2018;1200;0;;9.6;;
83533;03/07/2018;0000;;30.2;;0.1;
83533;03/07/2018;1200;0;;10.8;;
83533;04/07/2018;0000;;29.7;;0.066667;
83533;04/07/2018;1200;0;;9.6;;
83533;05/07/2018;0000;;28.9;;0.066667;
83533;05/07/2018;1200;0;;8.8;;
83533;06/07/2018;0000;;28.9;;0.133333;
83533;06/07/2018;1200;0;;7.4;;
83533;07/07/2018;0000;;28.3;;0.133333;
83533;07/07/2018;1200;0;;6.8;;
83533;08/07/2018;0000;;29.9;;0.1;
83533;08/07/2018;1200;0;;6.2;;
83533;09/07/2018;0000;;30.9;;0.1;
83533;09/07/2018;1200;0;;8.6;;
83533;10/07/2018;0000;;29.5;;0;
83533;10/07/2018;1200;0;;8.8;;
83533;11/07/2018;0000;;25.6;;0.133333;
83533;11/07/2018;1200;0;;8.6;;
83533;12/07/2018;0000;;28.7;;0.066667;
83533;12/07/2018;1200;0;;8;;
83533;13/07/2018;0000;;27.9;;0.133333;
83533;13/07/2018;1200;0;;6.8;;
83533;14/07/2018;0000;;27.9;;0.066667;
83533;14/07/2018;1200;0;;7;;
83533;15/07/2018;0000;;29.3;;0;
83533;15/07/2018;1200;0;;7;;
83533;16/07/2018;0000;;29.1;;0.1;
83533;16/07/2018;1200;0;;7.6;;
83533;17/07/2018;0000;;28.8;;0.133333;
83533;17/07/2018;1200;0;;7.4;;
83533;18/07/2018;0000;;30.1;;0.033333;
83533;18/07/2018;1200;0;;9.6;;
83533;19/07/2018;0000;;29.3;;0.1;
83533;19/07/2018;1200;0;;7.8;;
83533;20/07/2018;0000;;30.9;;0.033333;
83533;20/07/2018;1200;0;;8.2;;
83533;21/07/2018;0000;;30.3;;0.066667;
83533;21/07/2018;1200;0;;7.8;;
83533;22/07/2018;0000;;29.5;;0.066667;
83533;22/07/2018;1200;0;;9.6;;
83533;23/07/2018;0000;;28.7;;0.033333;
83533;23/07/2018;1200;0;;9.8;;
83533;24/07/2018;0000;;28.7;;0.066667;
83533;24/07/2018;1200;0;;8.6;;
83533;25/07/2018;0000;;28.3;;0.233333;
83533;25/07/2018;1200;0;;9;;
83533;26/07/2018;0000;;27.7;;0.1;
83533;26/07/2018;1200;0;;7.6;;
83533;27/07/2018;0000;;28.3;;0.066667;
83533;27/07/2018;1200;0;;7.8;;
83533;28/07/2018;0000;;29.9;;0.033333;
83533;28/07/2018;1200;0;;7;;
83533;29/07/2018;0000;;30.1;;0.033333;
83533;29/07/2018;1200;0;;7.2;;
83533;30/07/2018;0000;;30.9;;0.033333;
83533;30/07/2018;1200;0;;7.6;;
83533;31/07/2018;0000;;31.1;;0.066667;
83533;31/07/2018;1200;0;;7.6;;
83533;01/08/2018;0000;;27;;0.066667;
83533;01/08/2018;1200;0;;8.6;;
83533;02/08/2018;0000;;27.3;;0.066667;
83533;02/08/2018;1200;2.5;;7.9;;
83533;03/08/2018;0000;;30.1;;0.133333;
83533;03/08/2018;1200;0;;8.4;;
83533;04/08/2018;0000;;23.2;;0.133333;
83533;04/08/2018;1200;30.5;;14.6;;
83533;05/08/2018;0000;;27.7;;0.066667;
83533;05/08/2018;1200;2;;12.4;;
83533;06/08/2018;0000;;28.5;;0.1;
83533;06/08/2018;1200;0.2;;14;;
83533;07/08/2018;0000;;28.9;;0.1;
83533;07/08/2018;1200;16.4;;13.8;;
83533;08/08/2018;0000;;30.9;;0.066667;
83533;08/08/2018;1200;0;;14.6;;
83533;09/08/2018;0000;;28.1;;0.066667;
83533;09/08/2018;1200;0.4;;13.8;;
83533;10/08/2018;0000;;30.9;;0.1;
83533;10/08/2018;1200;0;;13;;
83533;11/08/2018;0000;;28.9;;0.133333;
83533;11/08/2018;1200;0;;4;;
83533;12/08/2018;0000;;28.9;;0.066667;
83533;12/08/2018;1200;0;;2.8;;
83533;13/08/2018;0000;;29.3;;0.133333;
83533;13/08/2018;1200;0;;5.2;;
83533;14/08/2018;0000;;31.1;;0.133333;
83533;14/08/2018;1200;0;;7.2;;
83533;15/08/2018;0000;;32.5;;0.166667;
83533;15/08/2018;1200;0;;9.2;;
83533;16/08/2018;0000;;26;;0.1;
83533;16/08/2018;1200;0;;12.4;;
83533;17/08/2018;0000;;29.7;;0.1;
83533;17/08/2018;1200;0;;12;;
83533;18/08/2018;0000;;27;;0.233333;
83533;18/08/2018;1200;0;;13.4;;
83533;19/08/2018;0000;;29.3;;0.2;
83533;19/08/2018;1200;0;;11.2;;
83533;20/08/2018;0000;;30.5;;0.066667;
83533;20/08/2018;1200;0;;13.4;;
83533;21/08/2018;0000;;29.9;;0.166667;
83533;21/08/2018;1200;0;;14.2;;
83533;22/08/2018;0000;;29.5;;0.166667;
83533;22/08/2018;1200;0;;9.8;;
83533;23/08/2018;0000;;30.9;;0.133333;
83533;23/08/2018;1200;0;;13;;
83533;24/08/2018;0000;;31.5;;0.133333;
83533;24/08/2018;1200;0;;11.6;;
83533;25/08/2018;0000;;27.9;;0.133333;
83533;25/08/2018;1200;0;;9.8;;
83533;26/08/2018;0000;;29.3;;0.1;
83533;26/08/2018;1200;0;;13;;
83533;27/08/2018;0000;;28.9;;0.233333;
83533;27/08/2018;1200;0;;14;;
83533;28/08/2018;0000;;26.2;;0.2;
83533;28/08/2018;1200;0;;15.2;;
83533;29/08/2018;0000;;28.9;;0.2;
83533;29/08/2018;1200;0;;11.6;;
83533;30/08/2018;0000;;29.1;;0.133333;
83533;30/08/2018;1200;0;;12.4;;
83533;31/08/2018;0000;;29.9;;0.166667;
83533;31/08/2018;1200;0;;11.5;;
83533;01/09/2018;0000;;32.1;;0.1;
83533;01/09/2018;1200;0;;10;;
83533;02/09/2018;0000;;33.2;;0.1;
83533;02/09/2018;1200;0;;11.2;;
83533;03/09/2018;0000;;33.5;;0.2;
83533;03/09/2018;1200;0;;13;;
83533;04/09/2018;0000;;29.1;;0.2;
83533;04/09/2018;1200;0.1;;12.4;;
83533;05/09/2018;0000;;28.7;;0.266667;
83533;05/09/2018;1200;0;;6;;
83533;06/09/2018;0000;;31.3;;0.2;
83533;06/09/2018;1200;0;;8.6;;
83533;07/09/2018;0000;;32.3;;0.2;
83533;07/09/2018;1200;0;;10;;
83533;08/09/2018;0000;;32.7;;0.166667;
83533;08/09/2018;1200;0;;9.2;;
83533;09/09/2018;0000;;31.9;;0.133333;
83533;09/09/2018;1200;0;;8.8;;
83533;10/09/2018;0000;;32.1;;0.133333;
83533;10/09/2018;1200;0;;7.8;;
83533;11/09/2018;0000;;33.7;;0.233333;
83533;11/09/2018;1200;0;;10.2;;
83533;12/09/2018;0000;;32.9;;0.166667;
83533;12/09/2018;1200;0;;8;;
83533;13/09/2018;0000;;31.7;;0.3;
83533;13/09/2018;1200;0;;10.2;;
83533;14/09/2018;0000;;30.8;;0.2;
83533;14/09/2018;1200;0;;11.2;;
83533;15/09/2018;0000;;29.3;;0.1;
83533;15/09/2018;1200;12.5;;14.8;;
83533;16/09/2018;0000;;28.9;;0.066667;
83533;16/09/2018;1200;8.2;;15;;
83533;17/09/2018;0000;;25;;0.066667;
83533;17/09/2018;1200;1.3;;14.2;;
83533;18/09/2018;0000;;26.8;;0.133333;
83533;18/09/2018;1200;0.4;;15.6;;
83533;19/09/2018;0000;;29.9;;0.266667;
83533;19/09/2018;1200;7.5;;16.2;;
83533;20/09/2018;0000;;23.6;;0.066667;
83533;20/09/2018;1200;0.4;;19.4;;
83533;21/09/2018;0000;;31.5;;0.1;
83533;21/09/2018;1200;3.7;;19.4;;
83533;22/09/2018;0000;;33.9;;0.133333;
83533;22/09/2018;1200;0;;16.2;;
83533;23/09/2018;0000;;33.5;;0.2;
83533;23/09/2018;1200;0;;18.8;;
83533;24/09/2018;0000;;34.4;;0.2;
83533;24/09/2018;1200;0;;15.6;;
83533;25/09/2018;0000;;35.1;;0.166667;
83533;25/09/2018;1200;0;;15.4;;
83533;26/09/2018;0000;;34.5;;0.166667;
83533;26/09/2018;1200;0;;14.8;;
83533;27/09/2018;0000;;35;;0.166667;
83533;27/09/2018;1200;0;;15;;
83533;28/09/2018;0000;;35.9;;0.166667;
83533;28/09/2018;1200;0;;16.8;;
83533;29/09/2018;0000;;35.1;;0.233333;
83533;29/09/2018;1200;0;;16.6;;
83533;30/09/2018;0000;;32.9;;0.2;
83533;30/09/2018;1200;9.8;;16.8;;
83533;01/10/2018;0000;;32.7;;0.066667;
83533;01/10/2018;1200;0;;16.7;;
83533;02/10/2018;0000;;33.9;;0.1;
83533;02/10/2018;1200;0;;19.2;;
83533;03/10/2018;0000;;34.9;;0.133333;
83533;03/10/2018;1200;0;;16.4;;
83533;04/10/2018;0000;;35;;0.1;
83533;04/10/2018;1200;2.6;;19.8;;
83533;05/10/2018;0000;;33.3;;0.133333;
83533;05/10/2018;1200;0;;19.2;;
83533;06/10/2018;0000;;32.7;;0.133333;
83533;06/10/2018;1200;9;;17.6;;
83533;07/10/2018;0000;;26;;0.066667;
83533;07/10/2018;1200;15.8;;19.6;;
83533;08/10/2018;0000;;31.9;;0.166667;
83533;08/10/2018;1200;0;;16.5;;
83533;09/10/2018;0000;;31.1;;0.1;
83533;09/10/2018;1200;0;;17.4;;
83533;10/10/2018;0000;;30.9;;0.133333;
83533;10/10/2018;1200;0;;18.2;;
83533;11/10/2018;0000;;34.5;;0.133333;
83533;11/10/2018;1200;0;;19.2;;
83533;12/10/2018;0000;;29.9;;0.2;
83533;12/10/2018;1200;0;;20;;
83533;13/10/2018;0000;;36.3;;0.1;
83533;13/10/2018;1200;0;;20.2;;
83533;14/10/2018;0000;;34.5;;0.133333;
83533;14/10/2018;1200;6.7;;21.2;;
83533;15/10/2018;0000;;31.7;;0.133333;
83533;15/10/2018;1200;1.4;;19.8;;
83533;16/10/2018;0000;;33.9;;0.133333;
83533;16/10/2018;1200;0;;17.8;;
83533;17/10/2018;0000;;28.5;;0.1;
83533;17/10/2018;1200;23.5;;19;;
83533;18/10/2018;0000;;27.9;;0.166667;
83533;18/10/2018;1200;0;;18.5;;
83533;19/10/2018;0000;;30.7;;0.233333;
83533;19/10/2018;1200;0;;19.2;;
83533;20/10/2018;0000;;29.9;;0.166667;
83533;20/10/2018;1200;0;;20.2;;
83533;21/10/2018;0000;;30.1;;0.166667;
83533;21/10/2018;1200;0;;16.6;;
83533;22/10/2018;0000;;31.5;;0.166667;
83533;22/10/2018;1200;0;;16.4;;
83533;23/10/2018;0000;;32.7;;0.166667;
83533;23/10/2018;1200;0;;15;;
83533;24/10/2018;0000;;30.3;;0.166667;
83533;24/10/2018;1200;0;;15.4;;
83533;25/10/2018;0000;;29.7;;0.133333;
83533;25/10/2018;1200;39.9;;16.6;;
83533;26/10/2018;0000;;32.3;;0.166667;
83533;26/10/2018;1200;0;;17;;
83533;27/10/2018;0000;;29.5;;0.033333;
83533;27/10/2018;1200;15.2;;17.8;;
83533;28/10/2018;0000;;31.3;;0.133333;
83533;28/10/2018;1200;13;;18;;
83533;29/10/2018;0000;;29.9;;0.133333;
83533;29/10/2018;1200;0;;18.4;;
83533;30/10/2018;0000;;31.7;;0.166667;
83533;30/10/2018;1200;0;;16.4;;
83533;31/10/2018;0000;;32.9;;0.1;
83533;31/10/2018;1200;0;;17.8;;
83533;01/11/2018;0000;;33.9;;0.2;
83533;01/11/2018;1200;0;;17.4;;
83533;02/11/2018;0000;;32.7;;0.066667;
83533;02/11/2018;1200;;;20;;
83533;03/11/2018;0000;;31.9;;0.2;
83533;03/11/2018;1200;3.8;;18.4;;
83533;04/11/2018;0000;;29.7;;0.066667;
83533;04/11/2018;1200;0.5;;19;;
83533;05/11/2018;0000;;27;;0.133333;
83533;05/11/2018;1200;59.5;;18.5;;
83533;06/11/2018;0000;;26.8;;0.133333;
83533;06/11/2018;1200;0;;19.2;;
83533;07/11/2018;0000;;28.3;;0.066667;
83533;07/11/2018;1200;0;;20.2;;
83533;08/11/2018;0000;;23.4;;0.2;
83533;08/11/2018;1200;16;;18;;
83533;09/11/2018;0000;;21.6;;0.133333;
83533;09/11/2018;1200;44.1;;14;;
83533;10/11/2018;0000;;24;;0.133333;
83533;10/11/2018;1200;25.9;;14.8;;
83533;11/11/2018;0000;;28.9;;0.166667;
83533;11/11/2018;1200;3;;15.6;;
83533;12/11/2018;0000;;31.9;;0.2;
83533;12/11/2018;1200;0;;15.2;;
83533;13/11/2018;0000;;32.7;;0.133333;
83533;13/11/2018;1200;0;;16;;
83533;14/11/2018;0000;;32.9;;0.133333;
83533;14/11/2018;1200;0;;15.6;;
83533;15/11/2018;0000;;33.9;;0.166667;
83533;15/11/2018;1200;0;;17;;
83533;16/11/2018;0000;;31.5;;0.166667;
83533;16/11/2018;1200;15;;18.8;;
83533;17/11/2018;0000;;29.9;;0.233333;
83533;17/11/2018;1200;0.5;;19;;
83533;18/11/2018;0000;;30.9;;0.233333;
83533;18/11/2018;1200;0;;18.6;;
83533;19/11/2018;0000;;27.7;;0.1;
83533;19/11/2018;1200;23.9;;19;;
83533;20/11/2018;0000;;23.8;;0.166667;
83533;20/11/2018;1200;16.5;;18.4;;
83533;21/11/2018;0000;;22;;0.133333;
83533;21/11/2018;1200;36.6;;17.6;;
83533;22/11/2018;0000;;27;;0.166667;
83533;22/11/2018;1200;51.4;;14.2;;
83533;23/11/2018;0000;;27.3;;0.2;
83533;23/11/2018;1200;7.9;;17.2;;
83533;24/11/2018;0000;;25;;0.166667;
83533;24/11/2018;1200;2.7;;19.4;;
83533;25/11/2018;0000;;26;;0.2;
83533;25/11/2018;1200;11.7;;19.6;;
83533;26/11/2018;0000;;29.7;;0.2;
83533;26/11/2018;1200;0;;16;;
83533;27/11/2018;0000;;29.1;;0.2;
83533;27/11/2018;1200;0;;15;;
83533;28/11/2018;0000;;30.1;;0.2;
83533;28/11/2018;1200;0;;14.2;;
83533;29/11/2018;0000;;31.9;;0.2;
83533;29/11/2018;1200;0;;14;;
83533;30/11/2018;0000;;33.3;;0.366667;
83533;30/11/2018;1200;0;;15;;
83533;01/12/2018;0000;;27;;0.033333;
83533;01/12/2018;1200;11.4;;14.6;;
83533;02/12/2018;0000;;27.7;;0.1;
83533;02/12/2018;1200;23.1;;14.6;;
83533;03/12/2018;0000;;26.4;;0.1;
83533;03/12/2018;1200;9.7;;18.6;;
83533;04/12/2018;0000;;29.9;;0.133333;
83533;04/12/2018;1200;2.5;;15.2;;
83533;05/12/2018;0000;;31.3;;0.2;
83533;05/12/2018;1200;0;;15.4;;
83533;06/12/2018;0000;;32.4;;0.1;
83533;06/12/2018;1200;0;;16.9;;
83533;07/12/2018;0000;;29.7;;0.166667;
83533;07/12/2018;1200;9.4;;19.8;;
83533;08/12/2018;0000;;29.9;;0.2;
83533;08/12/2018;1200;9;;16.6;;
83533;09/12/2018;0000;;27.7;;0.166667;
83533;09/12/2018;1200;0;;14.8;;
83533;10/12/2018;0000;;29.9;;0.166667;
83533;10/12/2018;1200;0;;15;;
83533;11/12/2018;0000;;31.3;;0.2;
83533;11/12/2018;1200;0;;15.6;;
83533;12/12/2018;0000;;33.5;;0.2;
83533;12/12/2018;1200;0;;19.6;;
83533;13/12/2018;0000;;33.7;;0.066667;
83533;13/12/2018;1200;0;;20.2;;
83533;14/12/2018;0000;;32.7;;0.033333;
83533;14/12/2018;1200;3.8;;19.8;;
83533;15/12/2018;0000;;34.1;;0.166667;
83533;15/12/2018;1200;0;;17.2;;
83533;16/12/2018;0000;;33.9;;0.166667;
83533;16/12/2018;1200;0;;19;;
83533;17/12/2018;0000;;33.7;;0.066667;
83533;17/12/2018;1200;0;;19.8;;
83533;18/12/2018;0000;;35.3;;0.033333;
83533;18/12/2018;1200;0;;17.8;;
83533;19/12/2018;0000;;34.1;;0.033333;
83533;19/12/2018;1200;0;;20.5;;
83533;20/12/2018;0000;;35.9;;0.1;
83533;20/12/2018;1200;0;;21.2;;
83533;21/12/2018;0000;;34.9;;0.166667;
83533;21/12/2018;1200;4.4;;18.6;;
83533;22/12/2018;0000;;33.9;;0.033333;
83533;22/12/2018;1200;0;;21.4;;
83533;23/12/2018;0000;;35.7;;0.1;
83533;23/12/2018;1200;0;;19.6;;
83533;24/12/2018;0000;;34.7;;0.133333;
83533;24/12/2018;1200;0;;21;;
83533;25/12/2018;0000;;32.7;;0.033333;
83533;25/12/2018;1200;4.5;;20.4;;
83533;26/12/2018;0000;;30.3;;0.066667;
83533;26/12/2018;1200;9.3;;19.2;;
83533;27/12/2018;0000;;27.9;;0.066667;
83533;27/12/2018;1200;2.9;;18.2;;
83533;28/12/2018;0000;;28.5;;0.133333;
83533;28/12/2018;1200;6.2;;19.5;;
83533;29/12/2018;0000;;29.1;;0.066667;
83533;29/12/2018;1200;3;;20;;
83533;30/12/2018;0000;;29.9;;0.133333;
83533;30/12/2018;1200;1.6;;21.4;;
83533;31/12/2018;0000;;29.9;;0.166667;
83533;31/12/2018;1200;0;;21.7;;
83533;01/01/2019;0000;;30.3;;0.066667;
83533;01/01/2019;1200;13.4;;20.4;;
83533;02/01/2019;0000;;31.7;;0.133333;
83533;02/01/2019;1200;8.7;;19.2;;
83533;03/01/2019;0000;;33.3;;0.133333;
83533;03/01/2019;1200;0;;19.5;;
83533;04/01/2019;0000;;35.1;;0.133333;
83533;04/01/2019;1200;0;;17.2;;
83533;05/01/2019;0000;;32.9;;0.1;
83533;05/01/2019;1200;0.8;;19.8;;
83533;06/01/2019;0000;;33.1;;0.1;
83533;06/01/2019;1200;0;;18.2;;
83533;07/01/2019;0000;;32.9;;0.066667;
83533;07/01/2019;1200;0;;18.6;;
83533;08/01/2019;0000;;34.5;;0.166667;
83533;08/01/2019;1200;0;;18.4;;
83533;09/01/2019;0000;;33.3;;0.1;
83533;09/01/2019;1200;0.5;;18.8;;
83533;10/01/2019;0000;;32.5;;0.1;
83533;10/01/2019;1200;0;;16.4;;
83533;11/01/2019;0000;;31.9;;0.1;
83533;11/01/2019;1200;0;;17.4;;
83533;12/01/2019;0000;;32.9;;0.133333;
83533;12/01/2019;1200;0;;20;;
83533;13/01/2019;0000;;34.1;;0.033333;
83533;13/01/2019;1200;0;;19;;
83533;14/01/2019;0000;;34.3;;0.133333;
83533;14/01/2019;1200;0;;18.6;;
83533;15/01/2019;0000;;34.5;;0.1;
83533;15/01/2019;1200;0;;17.2;;
83533;16/01/2019;0000;;34.9;;0.1;
83533;16/01/2019;1200;0;;18.4;;
83533;17/01/2019;0000;;32.1;;0.1;
83533;17/01/2019;1200;28.7;;20.2;;
83533;18/01/2019;0000;;34.9;;0.1;
83533;18/01/2019;1200;0;;19.4;;
83533;19/01/2019;0000;;34.3;;0.033333;
83533;19/01/2019;1200;8.4;;19.8;;
83533;20/01/2019;0000;;34.9;;0.066667;
83533;20/01/2019;1200;0;;21;;
83533;21/01/2019;0000;;35.1;;0.033333;
83533;21/01/2019;1200;0;;19.4;;
83533;22/01/2019;0000;;35.3;;0.1;
83533;22/01/2019;1200;0;;19.6;;
83533;23/01/2019;0000;;33.9;;0.166667;
83533;23/01/2019;1200;0;;19.8;;
83533;24/01/2019;0000;;35.3;;0.066667;
83533;24/01/2019;1200;0;;18.2;;
83533;25/01/2019;0000;;33.9;;0.033333;
83533;25/01/2019;1200;0;;17.6;;
83533;26/01/2019;0000;;26.6;;0.166667;
83533;26/01/2019;1200;0;;16;;
83533;27/01/2019;0000;;29.3;;0.2;
83533;27/01/2019;1200;8.3;;15.8;;
83533;28/01/2019;0000;;33.7;;0.1;
83533;28/01/2019;1200;0;;17.2;;
83533;29/01/2019;0000;;34.9;;0.1;
83533;29/01/2019;1200;0;;17.9;;
83533;30/01/2019;0000;;34.9;;0.066667;
83533;30/01/2019;1200;0;;19.4;;
83533;31/01/2019;0000;;36.1;;0.066667;
83533;31/01/2019;1200;0;;18.9;;

		
	
[Fechar] <#>
	
		

