--------------------
BDMEP - INMET
--------------------
Estação           : CAMPOS - RJ (OMM: 83698)
Latitude  (graus) : -21.74
Longitude (graus) : -41.33
Altitude  (metros): 11.20
Estação Operante
Inicio de operação: 17/06/1911
Periodo solicitado dos dados: 01/01/2018 a 30/03/2019
Os dados listados abaixo são os que encontram-se digitados no BDMEP
Hora em UTC
--------------------
Obs.: Os dados aparecem separados por ; (ponto e vírgula) no formato txt.
      Para o formato planilha XLS, siga as instruções <http://www.inmet.gov.br/projetos/rede/pesquisa/instrucao.html>
--------------------
Estacao;Data;Hora;Precipitacao;TempMaxima;TempMinima;Velocidade do Vento Media;
83698;31/01/2018;0000;;28.7;;0.77166;
83698;31/01/2018;1200;70.4;;22.5;;
83698;01/02/2018;0000;;31.4;;0;
83698;01/02/2018;1200;1.2;;22;;
83698;02/02/2018;0000;;31.7;;0;
83698;02/02/2018;1200;4;;23;;
83698;03/02/2018;0000;;30.4;;0;
83698;03/02/2018;1200;0;;23.2;;
83698;04/02/2018;0000;;25.2;;0;
83698;04/02/2018;1200;0.6;;22.5;;
83698;05/02/2018;0000;;24.2;;0;
83698;05/02/2018;1200;6.9;;19.9;;
83698;06/02/2018;0000;;30.1;;0;
83698;06/02/2018;1200;45;;20.5;;
83698;07/02/2018;0000;;30.2;;0;
83698;07/02/2018;1200;2.8;;22.5;;
83698;08/02/2018;0000;;33.6;;0;
83698;08/02/2018;1200;0;;22.4;;
83698;09/02/2018;0000;;33;;0;
83698;09/02/2018;1200;0;;23.2;;
83698;10/02/2018;0000;;32.4;;1.6;
83698;10/02/2018;1200;0;;24;;
83698;11/02/2018;0000;;34.4;;1.6;
83698;11/02/2018;1200;0;;24;;
83698;12/02/2018;0000;;32.1;;1.6;
83698;12/02/2018;1200;0;;23;;
83698;13/02/2018;0000;;36;;1.6;
83698;13/02/2018;1200;0;;24;;
83698;14/02/2018;0000;;34;;0;
83698;14/02/2018;1200;0;;24.5;;
83698;15/02/2018;0000;;32;;0;
83698;15/02/2018;1200;0;;24.6;;
83698;16/02/2018;0000;;34;;0;
83698;16/02/2018;1200;0.8;;23.8;;
83698;17/02/2018;0000;;31.4;;0;
83698;17/02/2018;1200;0;;23.5;;
83698;18/02/2018;0000;;34;;0.8;
83698;18/02/2018;1200;0;;23;;
83698;19/02/2018;0000;;33.7;;1.6;
83698;19/02/2018;1200;5.9;;24;;
83698;20/02/2018;0000;;33.8;;1.6;
83698;20/02/2018;1200;0;;24.6;;
83698;21/02/2018;0000;;34;;1.6;
83698;21/02/2018;1200;5.8;;24.6;;
83698;22/02/2018;0000;;33;;0.8;
83698;22/02/2018;1200;0;;24.8;;
83698;23/02/2018;0000;;32.8;;0.8;
83698;23/02/2018;1200;13.2;;23.5;;
83698;24/02/2018;0000;;31.7;;0;
83698;24/02/2018;1200;2.8;;23;;
83698;25/02/2018;0000;;31;;0;
83698;25/02/2018;1200;0;;23.6;;
83698;26/02/2018;0000;;31.2;;0;
83698;26/02/2018;1200;0;;23;;
83698;27/02/2018;0000;;34;;0;
83698;27/02/2018;1200;0;;23;;
83698;28/02/2018;0000;;32;;0;
83698;28/02/2018;1200;0;;24.5;;
83698;01/03/2018;0000;;34;;0.8;
83698;01/03/2018;1200;16.2;;24;;
83698;02/03/2018;0000;;35.4;;0;
83698;02/03/2018;1200;0;;24.7;;
83698;03/03/2018;0000;;34;;0;
83698;03/03/2018;1200;21.6;;24.6;;
83698;04/03/2018;0000;;31.4;;0;
83698;04/03/2018;1200;0;;24;;
83698;05/03/2018;0000;;35;;0;
83698;05/03/2018;1200;10.3;;24.7;;
83698;06/03/2018;0000;;34;;0;
83698;06/03/2018;1200;12.6;;24.9;;
83698;07/03/2018;0000;;34.8;;0;
83698;07/03/2018;1200;0;;24.8;;
83698;08/03/2018;0000;;31;;0;
83698;08/03/2018;1200;42.9;;23.8;;
83698;09/03/2018;0000;;27;;0.8;
83698;09/03/2018;1200;149.5;;22.5;;
83698;10/03/2018;0000;;32.8;;0;
83698;10/03/2018;1200;0;;22.5;;
83698;11/03/2018;0000;;31.7;;0.8;
83698;11/03/2018;1200;12.8;;24.8;;
83698;12/03/2018;0000;;35.1;;0;
83698;12/03/2018;1200;26.2;;22.5;;
83698;13/03/2018;0000;;34;;0;
83698;13/03/2018;1200;0;;23.5;;
83698;14/03/2018;0000;;33.2;;0;
83698;14/03/2018;1200;0;;25;;
83698;15/03/2018;0000;;33.2;;0;
83698;15/03/2018;1200;0;;26.1;;
83698;16/03/2018;0000;;37.4;;0;
83698;16/03/2018;1200;0;;26.1;;
83698;17/03/2018;0000;;28;;0;
83698;17/03/2018;1200;1.2;;25.6;;
83698;18/03/2018;0000;;31.4;;0;
83698;18/03/2018;1200;7.2;;24;;
83698;19/03/2018;0000;;32.4;;0.8;
83698;19/03/2018;1200;0;;23.5;;
83698;20/03/2018;0000;;36.2;;0;
83698;20/03/2018;1200;0;;24.5;;
83698;21/03/2018;0000;;27;;0;
83698;21/03/2018;1200;11.6;;24.6;;
83698;22/03/2018;0000;;30.4;;0;
83698;22/03/2018;1200;42.2;;23.6;;
83698;23/03/2018;0000;;32;;0;
83698;23/03/2018;1200;19;;23.5;;
83698;24/03/2018;0000;;33.2;;0.8;
83698;24/03/2018;1200;1;;24;;
83698;25/03/2018;0000;;31;;0;
83698;25/03/2018;1200;0;;24;;
83698;26/03/2018;0000;;32;;0;
83698;26/03/2018;1200;0;;23.4;;
83698;27/03/2018;0000;;32;;0;
83698;27/03/2018;1200;0;;23;;
83698;28/03/2018;0000;;32.4;;0;
83698;28/03/2018;1200;0;;22.5;;
83698;29/03/2018;0000;;31.3;;0;
83698;29/03/2018;1200;2.2;;23.5;;
83698;30/03/2018;0000;;33;;0;
83698;30/03/2018;1200;0;;23;;
83698;31/03/2018;0000;;32.4;;0;
83698;31/03/2018;1200;0;;23;;
83698;01/04/2018;0000;;33;;0;
83698;01/04/2018;1200;0;;23;;
83698;02/04/2018;0000;;33;;0.8;
83698;02/04/2018;1200;0;;23;;
83698;03/04/2018;0000;;35.4;;0;
83698;03/04/2018;1200;0;;23;;
83698;04/04/2018;0000;;28.2;;0;
83698;04/04/2018;1200;3.1;;23.5;;
83698;05/04/2018;0000;;31;;0;
83698;05/04/2018;1200;0;;24.5;;
83698;06/04/2018;0000;;28;;0;
83698;06/04/2018;1200;4.6;;24;;
83698;07/04/2018;0000;;30;;0;
83698;07/04/2018;1200;2;;23.5;;
83698;08/04/2018;0000;;29.8;;0;
83698;08/04/2018;1200;4.2;;22;;
83698;09/04/2018;0000;;31.4;;0;
83698;09/04/2018;1200;5.8;;21.8;;
83698;10/04/2018;0000;;29;;0;
83698;10/04/2018;1200;0;;21.6;;
83698;11/04/2018;0000;;30;;0;
83698;11/04/2018;1200;0;;21.8;;
83698;12/04/2018;0000;;30.4;;0;
83698;12/04/2018;1200;1.6;;20.6;;
83698;13/04/2018;0000;;32.1;;0;
83698;13/04/2018;1200;0;;23.6;;
83698;14/04/2018;0000;;32.1;;0;
83698;14/04/2018;1200;0;;22.8;;
83698;15/04/2018;0000;;29;;0;
83698;15/04/2018;1200;4.4;;23;;
83698;16/04/2018;0000;;27;;0;
83698;16/04/2018;1200;23.2;;22.5;;
83698;17/04/2018;0000;;28;;0;
83698;17/04/2018;1200;1.2;;20;;
83698;18/04/2018;0000;;28.4;;0;
83698;18/04/2018;1200;0;;19.5;;
83698;19/04/2018;0000;;28;;0;
83698;19/04/2018;1200;0.6;;19;;
83698;20/04/2018;0000;;29.6;;0;
83698;20/04/2018;1200;0;;20;;
83698;21/04/2018;0000;;29;;0;
83698;21/04/2018;1200;0;;19.6;;
83698;22/04/2018;0000;;26.4;;0;
83698;22/04/2018;1200;0;;20.2;;
83698;23/04/2018;0000;;29;;0;
83698;23/04/2018;1200;0;;20.5;;
83698;24/04/2018;0000;;30.6;;0.8;
83698;24/04/2018;1200;2.4;;22;;
83698;25/04/2018;0000;;31;;0;
83698;25/04/2018;1200;0;;21.8;;
83698;26/04/2018;0000;;30;;0;
83698;26/04/2018;1200;0;;20.7;;
83698;27/04/2018;0000;;30.6;;0;
83698;27/04/2018;1200;1.1;;23.5;;
83698;28/04/2018;0000;;31;;0;
83698;28/04/2018;1200;0.6;;20.7;;
83698;29/04/2018;0000;;30.6;;0;
83698;29/04/2018;1200;0;;20.7;;
83698;30/04/2018;0000;;30.1;;0;
83698;30/04/2018;1200;0;;18.7;;
83698;01/05/2018;0000;;33.6;;0;
83698;01/05/2018;1200;0;;19.3;;
83698;02/05/2018;0000;;31;;0;
83698;02/05/2018;1200;0;;19.9;;
83698;03/05/2018;0000;;28.8;;0;
83698;03/05/2018;1200;0;;22.5;;
83698;04/05/2018;0000;;28.6;;0;
83698;04/05/2018;1200;5.1;;22.2;;
83698;05/05/2018;0000;;28;;0;
83698;05/05/2018;1200;11.8;;22;;
83698;06/05/2018;0000;;31;;0;
83698;06/05/2018;1200;0;;20.5;;
83698;07/05/2018;0000;;28.4;;0;
83698;07/05/2018;1200;0;;20.7;;
83698;08/05/2018;0000;;25.4;;0;
83698;08/05/2018;1200;14.2;;20.5;;
83698;09/05/2018;0000;;29;;0;
83698;09/05/2018;1200;15.1;;20.2;;
83698;10/05/2018;0000;;29;;0;
83698;10/05/2018;1200;0;;17.6;;
83698;11/05/2018;0000;;29;;0;
83698;11/05/2018;1200;0;;18.7;;
83698;12/05/2018;0000;;31;;0.8;
83698;12/05/2018;1200;0;;19.7;;
83698;13/05/2018;0000;;25.8;;0.8;
83698;13/05/2018;1200;0;;22.5;;
83698;14/05/2018;0000;;27.4;;0;
83698;14/05/2018;1200;0;;21.5;;
83698;15/05/2018;0000;;27;;0;
83698;15/05/2018;1200;1.6;;20.7;;
83698;16/05/2018;0000;;31;;0.8;
83698;16/05/2018;1200;0;;21.5;;
83698;17/05/2018;0000;;27;;0;
83698;17/05/2018;1200;0;;20.7;;
83698;18/05/2018;0000;;26.8;;0;
83698;18/05/2018;1200;0;;21.8;;
83698;19/05/2018;0000;;32.2;;0;
83698;19/05/2018;1200;0;;21.5;;
83698;20/05/2018;0000;;26.8;;0;
83698;20/05/2018;1200;0;;19;;
83698;21/05/2018;0000;;27.8;;0;
83698;21/05/2018;1200;0;;15.1;;
83698;22/05/2018;0000;;28;;0;
83698;22/05/2018;1200;0;;16.2;;
83698;23/05/2018;0000;;29.4;;0;
83698;23/05/2018;1200;0;;16.6;;
83698;24/05/2018;0000;;27.5;;0;
83698;24/05/2018;1200;0;;19.2;;
83698;25/05/2018;0000;;23;;0;
83698;25/05/2018;1200;0;;19.9;;
83698;26/05/2018;0000;;26.1;;0;
83698;26/05/2018;1200;11.6;;19.2;;
83698;27/05/2018;0000;;27.7;;0;
83698;27/05/2018;1200;0;;16.1;;
83698;28/05/2018;0000;;26.8;;0;
83698;28/05/2018;1200;0;;16.6;;
83698;29/05/2018;0000;;27.8;;0;
83698;29/05/2018;1200;5.6;;17.6;;
83698;30/05/2018;0000;;24.8;;0;
83698;30/05/2018;1200;1.2;;18.6;;
83698;31/05/2018;0000;;28.4;;0;
83698;31/05/2018;1200;12.6;;16.6;;
83698;01/06/2018;0000;;29.4;;0;
83698;01/06/2018;1200;0;;19;;
83698;02/06/2018;0000;;31.2;;0;
83698;02/06/2018;1200;0;;19.7;;
83698;03/06/2018;0000;;28.7;;0.8;
83698;03/06/2018;1200;0;;20.4;;
83698;04/06/2018;0000;;24.2;;0.8;
83698;04/06/2018;1200;1.2;;19;;
83698;05/06/2018;0000;;24.2;;0;
83698;05/06/2018;1200;0.6;;18.4;;
83698;06/06/2018;0000;;27.1;;0;
83698;06/06/2018;1200;0.4;;18.5;;
83698;07/06/2018;0000;;26;;0;
83698;07/06/2018;1200;0;;19.9;;
83698;08/06/2018;0000;;25.7;;0.8;
83698;08/06/2018;1200;0;;19;;
83698;09/06/2018;0000;;25.1;;0;
83698;09/06/2018;1200;0;;20.2;;
83698;10/06/2018;0000;;26.1;;0;
83698;10/06/2018;1200;0;;19.2;;
83698;11/06/2018;0000;;27.5;;0;
83698;11/06/2018;1200;0;;19.1;;
83698;12/06/2018;0000;;30.9;;0.8;
83698;12/06/2018;1200;0;;19.2;;
83698;13/06/2018;0000;;33.8;;0;
83698;13/06/2018;1200;0;;19.7;;
83698;14/06/2018;0000;;28.7;;1.6;
83698;14/06/2018;1200;0;;20.2;;
83698;15/06/2018;0000;;24.9;;0;
83698;15/06/2018;1200;0.4;;18.7;;
83698;16/06/2018;0000;;27.7;;1.6;
83698;16/06/2018;1200;0;;19.7;;
83698;17/06/2018;0000;;26.1;;1.6;
83698;17/06/2018;1200;0;;19.2;;
83698;18/06/2018;0000;;24.8;;1.6;
83698;18/06/2018;1200;0;;19.5;;
83698;19/06/2018;0000;;24.4;;0;
83698;19/06/2018;1200;0;;19.1;;
83698;20/06/2018;0000;;27.7;;0.8;
83698;20/06/2018;1200;0;;18.7;;
83698;21/06/2018;0000;;28.4;;1.6;
83698;21/06/2018;1200;0;;17.6;;
83698;22/06/2018;0000;;30;;0;
83698;22/06/2018;1200;0;;19.7;;
83698;23/06/2018;0000;;30.4;;0;
83698;23/06/2018;1200;0;;19.6;;
83698;24/06/2018;0000;;32.6;;0;
83698;24/06/2018;1200;0;;19.7;;
83698;25/06/2018;0000;;30.7;;1.6;
83698;25/06/2018;1200;0;;18.2;;
83698;26/06/2018;0000;;31.1;;0.8;
83698;26/06/2018;1200;0;;21.4;;
83698;27/06/2018;0000;;29.5;;0;
83698;27/06/2018;1200;0;;20.7;;
83698;28/06/2018;0000;;28.3;;0.8;
83698;28/06/2018;1200;0;;19.2;;
83698;29/06/2018;0000;;26.5;;0;
83698;29/06/2018;1200;0;;19.2;;
83698;30/06/2018;0000;;27.5;;0.8;
83698;30/06/2018;1200;0;;20.2;;
83698;01/07/2018;0000;;30.5;;0.8;
83698;01/07/2018;1200;0;;18.7;;
83698;02/07/2018;0000;;30.7;;0;
83698;02/07/2018;1200;0;;21.2;;
83698;03/07/2018;0000;;31.4;;0;
83698;03/07/2018;1200;0;;20.2;;
83698;04/07/2018;0000;;26.7;;0;
83698;04/07/2018;1200;0;;20.7;;
83698;05/07/2018;0000;;30.4;;0.8;
83698;05/07/2018;1200;0;;19.1;;
83698;06/07/2018;0000;;32.6;;0;
83698;06/07/2018;1200;0;;20.5;;
83698;07/07/2018;0000;;32.8;;0;
83698;07/07/2018;1200;0;;19;;
83698;08/07/2018;0000;;30.7;;0.8;
83698;08/07/2018;1200;0;;17.2;;
83698;09/07/2018;0000;;33.4;;0.8;
83698;09/07/2018;1200;0;;18.3;;
83698;10/07/2018;0000;;27.1;;1.6;
83698;10/07/2018;1200;0;;19.7;;
83698;11/07/2018;0000;;22;;0.8;
83698;11/07/2018;1200;13;;15.2;;
83698;12/07/2018;0000;;22;;0;
83698;12/07/2018;1200;0;;15.6;;
83698;13/07/2018;0000;;24.6;;0;
83698;13/07/2018;1200;0;;15.4;;
83698;14/07/2018;0000;;27;;0;
83698;14/07/2018;1200;0;;17;;
83698;15/07/2018;0000;;30;;0;
83698;15/07/2018;1200;0;;19;;
83698;16/07/2018;0000;;30.7;;0.8;
83698;16/07/2018;1200;0;;17.6;;
83698;17/07/2018;0000;;29.1;;0.8;
83698;17/07/2018;1200;0;;17.6;;
83698;18/07/2018;0000;;28.5;;0.8;
83698;18/07/2018;1200;0;;19.7;;
83698;19/07/2018;0000;;28.5;;0;
83698;19/07/2018;1200;0;;18.2;;
83698;20/07/2018;0000;;29;;0;
83698;20/07/2018;1200;0;;18.2;;
83698;21/07/2018;0000;;31.4;;0.8;
83698;21/07/2018;1200;0;;19;;
83698;22/07/2018;0000;;29.1;;0;
83698;22/07/2018;1200;0;;19;;
83698;23/07/2018;0000;;28;;0;
83698;23/07/2018;1200;0;;17.6;;
83698;24/07/2018;0000;;27.9;;0;
83698;24/07/2018;1200;0;;17.9;;
83698;25/07/2018;0000;;27.1;;0;
83698;25/07/2018;1200;0;;17.5;;
83698;26/07/2018;0000;;27.5;;0;
83698;26/07/2018;1200;0;;16.6;;
83698;27/07/2018;0000;;27.7;;0;
83698;27/07/2018;1200;0;;17.1;;
83698;28/07/2018;0000;;29;;0;
83698;28/07/2018;1200;0;;17.1;;
83698;29/07/2018;0000;;30.6;;0;
83698;29/07/2018;1200;0;;17;;
83698;30/07/2018;0000;;31.1;;0.8;
83698;30/07/2018;1200;0;;17.6;;
83698;31/07/2018;0000;;28.5;;0.8;
83698;31/07/2018;1200;0;;17.6;;
83698;01/08/2018;0000;;24.8;;0;
83698;01/08/2018;1200;9.8;;19.1;;
83698;02/08/2018;0000;;21.8;;0;
83698;02/08/2018;1200;16.6;;18.6;;
83698;03/08/2018;0000;;21.6;;0;
83698;03/08/2018;1200;16;;17.6;;
83698;04/08/2018;0000;;27.7;;0;
83698;04/08/2018;1200;34.8;;16.6;;
83698;05/08/2018;0000;;26.7;;0;
83698;05/08/2018;1200;0;;18.7;;
83698;06/08/2018;0000;;25.1;;0.8;
83698;06/08/2018;1200;0;;18.7;;
83698;07/08/2018;0000;;20.8;;0;
83698;07/08/2018;1200;10.6;;16.6;;
83698;08/08/2018;0000;;25.5;;0;
83698;08/08/2018;1200;3.4;;17.6;;
83698;09/08/2018;0000;;27.8;;0.8;
83698;09/08/2018;1200;0;;18.2;;
83698;10/08/2018;0000;;26.7;;0.8;
83698;10/08/2018;1200;0;;19.5;;
83698;11/08/2018;0000;;26.1;;0.8;
83698;11/08/2018;1200;0;;17.6;;
83698;12/08/2018;0000;;27.5;;0.8;
83698;12/08/2018;1200;0;;16.1;;
83698;13/08/2018;0000;;27.1;;0;
83698;13/08/2018;1200;0;;15.6;;
83698;14/08/2018;0000;;26.7;;0;
83698;14/08/2018;1200;0;;15.4;;
83698;15/08/2018;0000;;28.7;;0;
83698;15/08/2018;1200;0;;15.2;;
83698;16/08/2018;0000;;26;;0.8;
83698;16/08/2018;1200;0;;17;;
83698;17/08/2018;0000;;25.4;;0;
83698;17/08/2018;1200;0;;18.7;;
83698;18/08/2018;0000;;24.4;;0;
83698;18/08/2018;1200;5.8;;17.6;;
83698;19/08/2018;0000;;26.7;;0;
83698;19/08/2018;1200;1.2;;14.6;;
83698;20/08/2018;0000;;27.9;;0;
83698;20/08/2018;1200;0;;16.1;;
83698;21/08/2018;0000;;28.7;;0;
83698;21/08/2018;1200;0;;17.6;;
83698;22/08/2018;0000;;28.1;;0.8;
83698;22/08/2018;1200;0;;17.6;;
83698;23/08/2018;0000;;29.5;;0;
83698;23/08/2018;1200;0;;18.2;;
83698;24/08/2018;0000;;30.1;;0.8;
83698;24/08/2018;1200;0;;18.7;;
83698;25/08/2018;0000;;30.7;;1.6;
83698;25/08/2018;1200;0;;19.2;;
83698;26/08/2018;0000;;27.7;;1.6;
83698;26/08/2018;1200;0;;18.6;;
83698;27/08/2018;0000;;22.8;;0;
83698;27/08/2018;1200;0.3;;16.1;;
83698;28/08/2018;0000;;23.6;;0;
83698;28/08/2018;1200;0.3;;17.1;;
83698;29/08/2018;0000;;25.6;;0;
83698;29/08/2018;1200;0.2;;17.1;;
83698;30/08/2018;0000;;29;;0;
83698;30/08/2018;1200;0;;18.4;;
83698;31/08/2018;0000;;30.7;;0.8;
83698;31/08/2018;1200;0;;18.5;;
83698;01/09/2018;0000;;32.1;;0.8;
83698;01/09/2018;1200;0;;17;;
83698;02/09/2018;0000;;32.7;;0.8;
83698;02/09/2018;1200;0;;18.7;;
83698;03/09/2018;0000;;32.7;;0;
83698;03/09/2018;1200;0;;18.7;;
83698;04/09/2018;0000;;25.5;;0;
83698;04/09/2018;1200;0.3;;17.6;;
83698;05/09/2018;0000;;27.1;;0.8;
83698;05/09/2018;1200;0;;17.2;;
83698;06/09/2018;0000;;26;;0.8;
83698;06/09/2018;1200;0.3;;15.6;;
83698;07/09/2018;0000;;27.7;;0;
83698;07/09/2018;1200;0;;17.1;;
83698;08/09/2018;0000;;28.7;;0;
83698;08/09/2018;1200;0;;15.6;;
83698;09/09/2018;0000;;28;;0;
83698;09/09/2018;1200;0;;15.1;;
83698;10/09/2018;0000;;27.7;;0;
83698;10/09/2018;1200;0;;17.6;;
83698;11/09/2018;0000;;24.2;;0;
83698;11/09/2018;1200;0;;19.2;;
83698;12/09/2018;0000;;23.8;;0;
83698;12/09/2018;1200;0;;17.6;;
83698;13/09/2018;0000;;23.2;;0.8;
83698;13/09/2018;1200;0;;17.6;;
83698;14/09/2018;0000;;25.5;;0.8;
83698;14/09/2018;1200;0;;17;;
83698;15/09/2018;0000;;29.5;;0;
83698;15/09/2018;1200;2.7;;18;;
83698;16/09/2018;0000;;27.9;;0.8;
83698;16/09/2018;1200;12.2;;17.6;;
83698;17/09/2018;0000;;24;;0;
83698;17/09/2018;1200;0;;19.2;;
83698;18/09/2018;0000;;28.7;;0;
83698;18/09/2018;1200;2.9;;19.7;;
83698;19/09/2018;0000;;34;;0;
83698;19/09/2018;1200;1.2;;22;;
83698;20/09/2018;0000;;30.5;;0;
83698;20/09/2018;1200;0;;22;;
83698;21/09/2018;0000;;27.7;;0;
83698;21/09/2018;1200;0.2;;20.7;;
83698;22/09/2018;0000;;30.1;;0;
83698;22/09/2018;1200;5.6;;20.2;;
83698;23/09/2018;0000;;30.3;;0;
83698;23/09/2018;1200;0;;19.7;;
83698;24/09/2018;0000;;33.2;;0;
83698;24/09/2018;1200;0;;20.7;;
83698;25/09/2018;0000;;31.4;;0;
83698;25/09/2018;1200;0;;22;;
83698;26/09/2018;0000;;30;;0.8;
83698;26/09/2018;1200;0;;20.2;;
83698;27/09/2018;0000;;34.2;;1.6;
83698;27/09/2018;1200;0;;19.7;;
83698;28/09/2018;0000;;31.1;;0;
83698;28/09/2018;1200;0;;22.6;;
83698;29/09/2018;0000;;27.1;;0;
83698;29/09/2018;1200;0.7;;22.5;;
83698;30/09/2018;0000;;29.7;;0;
83698;30/09/2018;1200;4.1;;22.4;;
83698;01/10/2018;0000;;30.7;;1.6;
83698;01/10/2018;1200;0.5;;22.5;;
83698;02/10/2018;0000;;33.8;;1.6;
83698;02/10/2018;1200;0;;23;;
83698;03/10/2018;0000;;33.8;;1.6;
83698;03/10/2018;1200;0;;22.4;;
83698;04/10/2018;0000;;31.5;;0.8;
83698;04/10/2018;1200;0;;22.8;;
83698;05/10/2018;0000;;25.7;;0;
83698;05/10/2018;1200;0;;20;;
83698;06/10/2018;0000;;25;;0;
83698;06/10/2018;1200;3.8;;19.3;;
83698;07/10/2018;0000;;24.6;;0;
83698;07/10/2018;1200;2.6;;18.2;;
83698;08/10/2018;0000;;30.7;;0;
83698;08/10/2018;1200;1.3;;19.7;;
83698;09/10/2018;0000;;30.4;;0;
83698;09/10/2018;1200;0;;22;;
83698;10/10/2018;0000;;34.2;;0;
83698;10/10/2018;1200;0;;22.8;;
83698;11/10/2018;0000;;27.7;;0;
83698;11/10/2018;1200;0;;21.6;;
83698;12/10/2018;0000;;29;;0.8;
83698;12/10/2018;1200;0.2;;23;;
83698;13/10/2018;0000;;35;;0.8;
83698;13/10/2018;1200;0;;23;;
83698;14/10/2018;0000;;28;;0.8;
83698;14/10/2018;1200;0;;23.8;;
83698;15/10/2018;0000;;27.6;;0;
83698;15/10/2018;1200;0;;20.4;;
83698;16/10/2018;0000;;25.1;;0;
83698;16/10/2018;1200;2.8;;20.1;;
83698;17/10/2018;0000;;26;;0;
83698;17/10/2018;1200;3.6;;20.7;;
83698;18/10/2018;0000;;27.7;;0.8;
83698;18/10/2018;1200;2.6;;22.6;;
83698;19/10/2018;0000;;30.4;;0;
83698;19/10/2018;1200;2.2;;24;;
83698;20/10/2018;0000;;27.1;;1.6;
83698;20/10/2018;1200;3.6;;21.4;;
83698;21/10/2018;0000;;25.4;;0.8;
83698;21/10/2018;1200;0;;18.7;;
83698;22/10/2018;0000;;27.1;;0;
83698;22/10/2018;1200;0;;18.5;;
83698;23/10/2018;0000;;29;;1.6;
83698;23/10/2018;1200;0;;18.3;;
83698;24/10/2018;0000;;31.7;;0.8;
83698;24/10/2018;1200;0;;20.7;;
83698;25/10/2018;0000;;25.1;;0;
83698;25/10/2018;1200;0;;20.6;;
83698;26/10/2018;0000;;25.7;;0;
83698;26/10/2018;1200;38;;20.2;;
83698;27/10/2018;0000;;30.4;;0.8;
83698;27/10/2018;1200;6.2;;21.5;;
83698;28/10/2018;0000;;27;;0.8;
83698;28/10/2018;1200;20.4;;22.5;;
83698;29/10/2018;0000;;26.7;;0;
83698;29/10/2018;1200;0;;19.3;;
83698;30/10/2018;0000;;28;;0;
83698;30/10/2018;1200;0;;18.1;;
83698;31/10/2018;0000;;28.7;;0.8;
83698;31/10/2018;1200;1.2;;17;;
83698;01/11/2018;0000;;33.8;;0;
83698;01/11/2018;1200;0;;18.1;;
83698;02/11/2018;0000;;30.1;;0;
83698;02/11/2018;1200;3.2;;22;;
83698;03/11/2018;0000;;31.7;;0.8;
83698;03/11/2018;1200;0;;21.6;;
83698;04/11/2018;0000;;31.7;;0.8;
83698;04/11/2018;1200;0;;23.2;;
83698;05/11/2018;0000;;25.1;;0.8;
83698;05/11/2018;1200;2.2;;21.2;;
83698;06/11/2018;0000;;25.7;;0;
83698;06/11/2018;1200;4.3;;22.6;;
83698;07/11/2018;0000;;30.9;;0;
83698;07/11/2018;1200;4.2;;22.2;;
83698;08/11/2018;0000;;25.2;;0.8;
83698;08/11/2018;1200;2.4;;20.7;;
83698;09/11/2018;0000;;24.6;;0;
83698;09/11/2018;1200;27.2;;20.3;;
83698;10/11/2018;0000;;27.7;;0.8;
83698;10/11/2018;1200;15.8;;20.7;;
83698;11/11/2018;0000;;30.5;;0.8;
83698;11/11/2018;1200;0;;20.7;;
83698;12/11/2018;0000;;30.7;;0;
83698;12/11/2018;1200;0;;22.4;;
83698;13/11/2018;0000;;30.1;;1.6;
83698;13/11/2018;1200;1.2;;23;;
83698;14/11/2018;0000;;32.8;;0.8;
83698;14/11/2018;1200;0;;24;;
83698;15/11/2018;0000;;35.8;;0.8;
83698;15/11/2018;1200;0;;23;;
83698;16/11/2018;0000;;30.4;;0;
83698;16/11/2018;1200;0;;24;;
83698;17/11/2018;0000;;29;;0;
83698;17/11/2018;1200;0;;22;;
83698;18/11/2018;0000;;31.2;;0.8;
83698;18/11/2018;1200;0;;23;;
83698;19/11/2018;0000;;33.6;;0;
83698;19/11/2018;1200;0;;21.9;;
83698;20/11/2018;0000;;23.8;;1.6;
83698;20/11/2018;1200;41.6;;18.7;;
83698;21/11/2018;0000;;26.7;;0;
83698;21/11/2018;1200;12;;18.5;;
83698;22/11/2018;0000;;27.1;;0;
83698;22/11/2018;1200;2.3;;18.2;;
83698;23/11/2018;0000;;30.7;;1.6;
83698;23/11/2018;1200;1.1;;23;;
83698;24/11/2018;0000;;30.3;;1.6;
83698;24/11/2018;1200;0.2;;23;;
83698;25/11/2018;0000;;31.7;;0.8;
83698;25/11/2018;1200;0;;24;;
83698;26/11/2018;0000;;30.2;;0;
83698;26/11/2018;1200;0;;21.5;;
83698;27/11/2018;0000;;30.9;;0;
83698;27/11/2018;1200;20.6;;21.5;;
83698;28/11/2018;0000;;30.5;;0;
83698;28/11/2018;1200;0.4;;21.5;;
83698;29/11/2018;0000;;31.5;;0;
83698;29/11/2018;1200;0;;20.7;;
83698;30/11/2018;0000;;29.6;;0.8;
83698;30/11/2018;1200;0;;23;;
83698;01/12/2018;0000;;34.2;;0;
83698;01/12/2018;1200;0;;23;;
83698;02/12/2018;0000;;31;;0;
83698;02/12/2018;1200;0;;24;;
83698;03/12/2018;0000;;27.7;;0;
83698;03/12/2018;1200;0.2;;23;;
83698;04/12/2018;0000;;28.7;;0;
83698;04/12/2018;1200;2.6;;21.6;;
83698;05/12/2018;0000;;35.2;;0;
83698;05/12/2018;1200;0;;22.2;;
83698;06/12/2018;0000;;31.7;;0;
83698;06/12/2018;1200;0;;23.5;;
83698;07/12/2018;0000;;27.7;;0.77166;
83698;07/12/2018;1200;0;;21.4;;
83698;08/12/2018;0000;;23.8;;0.8;
83698;08/12/2018;1200;23.2;;19.2;;
83698;09/12/2018;0000;;27.1;;0;
83698;09/12/2018;1200;2.8;;16.2;;
83698;10/12/2018;0000;;29.7;;0;
83698;10/12/2018;1200;0;;19.7;;
83698;11/12/2018;0000;;32.4;;0;
83698;11/12/2018;1200;0;;20.7;;
83698;12/12/2018;0000;;33.2;;0;
83698;12/12/2018;1200;0;;22;;
83698;13/12/2018;0000;;35.8;;0.8;
83698;13/12/2018;1200;0;;24;;
83698;14/12/2018;0000;;32.2;;0;
83698;14/12/2018;1200;0;;24.7;;
83698;15/12/2018;0000;;33;;0;
83698;15/12/2018;1200;0;;23.2;;
83698;16/12/2018;0000;;37;;0;
83698;16/12/2018;1200;0;;23.6;;
83698;17/12/2018;0000;;33;;0.77166;
83698;17/12/2018;1200;0;;24;;
83698;18/12/2018;0000;;34.8;;1.6;
83698;18/12/2018;1200;0;;23;;
83698;19/12/2018;0000;;35.4;;0;
83698;19/12/2018;1200;0;;23.6;;
83698;20/12/2018;0000;;35.8;;0;
83698;20/12/2018;1200;0;;24.7;;
83698;21/12/2018;0000;;36.4;;0;
83698;21/12/2018;1200;0;;23.4;;
83698;22/12/2018;0000;;36;;0;
83698;22/12/2018;1200;0;;24.5;;
83698;23/12/2018;0000;;35.8;;0;
83698;23/12/2018;1200;0;;24;;
83698;24/12/2018;0000;;35.6;;0;
83698;24/12/2018;1200;0;;24;;
83698;25/12/2018;0000;;30.5;;0;
83698;25/12/2018;1200;2.2;;23;;
83698;26/12/2018;0000;;29;;0;
83698;26/12/2018;1200;7.2;;22.5;;
83698;27/12/2018;0000;;27.7;;0;
83698;27/12/2018;1200;4.1;;21.6;;
83698;28/12/2018;0000;;29.7;;0;
83698;28/12/2018;1200;4.3;;22.4;;
83698;29/12/2018;0000;;31.7;;0;
83698;29/12/2018;1200;21;;22.6;;
83698;30/12/2018;0000;;34.8;;0;
83698;30/12/2018;1200;0;;24;;
83698;31/12/2018;0000;;34;;0;
83698;31/12/2018;1200;0;;23;;
83698;01/01/2019;0000;;35;;1.54332;
83698;01/01/2019;1200;0;;23.6;;
83698;01/02/2019;0000;;36.2;;0;
83698;01/02/2019;1200;0;;24;;
83698;02/02/2019;0000;;35;;0;
83698;02/02/2019;1200;0;;24.7;;
83698;03/02/2019;0000;;36;;0;
83698;03/02/2019;1200;0;;24.5;;
83698;04/02/2019;0000;;36;;0;
83698;04/02/2019;1200;0;;24;;
83698;05/02/2019;0000;;31.1;;0.8;
83698;05/02/2019;1200;0;;23.6;;
83698;06/02/2019;0000;;32;;0;
83698;06/02/2019;1200;0;;24;;
83698;07/02/2019;0000;;27.9;;0;
83698;07/02/2019;1200;0;;24;;
83698;08/02/2019;0000;;34.8;;0;
83698;08/02/2019;1200;0.8;;23;;
83698;09/02/2019;0000;;34;;0;
83698;09/02/2019;1200;0;;23.6;;
83698;10/02/2019;0000;;36;;0.8;
83698;10/02/2019;1200;0;;24.7;;
83698;11/02/2019;0000;;36.8;;1.6;
83698;11/02/2019;1200;0;;25.1;;
83698;12/02/2019;0000;;39;;0.8;
83698;12/02/2019;1200;0;;24.7;;
83698;13/02/2019;0000;;29.7;;0;
83698;13/02/2019;1200;0;;23.8;;
83698;14/02/2019;0000;;31.1;;0;
83698;14/02/2019;1200;2;;23;;
83698;15/02/2019;0000;;32.8;;0;
83698;15/02/2019;1200;0;;22.5;;
83698;16/02/2019;0000;;32.2;;0;
83698;16/02/2019;1200;0;;25.1;;
83698;17/02/2019;0000;;33;;0;
83698;17/02/2019;1200;0;;24.6;;
83698;18/02/2019;0000;;38.6;;0;
83698;18/02/2019;1200;0;;23.5;;
83698;19/02/2019;0000;;36.8;;0.8;
83698;19/02/2019;1200;57.6;;23.4;;
83698;20/02/2019;0000;;36;;0;
83698;20/02/2019;1200;0;;25.1;;
83698;21/02/2019;0000;;38.4;;0;
83698;21/02/2019;1200;4.4;;24;;
83698;22/02/2019;0000;;36.8;;0;
83698;22/02/2019;1200;11.2;;24.7;;
83698;23/02/2019;0000;;38;;0;
83698;23/02/2019;1200;0;;26.4;;
83698;24/02/2019;0000;;40.8;;0;
83698;24/02/2019;1200;0;;26;;
83698;25/02/2019;0000;;40;;0;
83698;25/02/2019;1200;0;;26.8;;
83698;26/02/2019;0000;;33.6;;0.8;
83698;26/02/2019;1200;0;;26.7;;
83698;27/02/2019;0000;;33;;0;
83698;27/02/2019;1200;0;;24.4;;
83698;28/02/2019;0000;;37.4;;0;
83698;28/02/2019;1200;0;;25;;
83698;01/03/2019;0000;;33.6;;0;
83698;01/03/2019;1200;56.1;;24.6;;
83698;02/03/2019;0000;;37.4;;0;
83698;02/03/2019;1200;0;;24.5;;
83698;03/03/2019;0000;;36.8;;0;
83698;03/03/2019;1200;0;;24.5;;
83698;04/03/2019;0000;;34.2;;0;
83698;04/03/2019;1200;0;;24.6;;
83698;05/03/2019;0000;;34.2;;0;
83698;05/03/2019;1200;0;;25.1;;
83698;06/03/2019;0000;;33;;0.8;
83698;06/03/2019;1200;0;;25.9;;
83698;07/03/2019;0000;;33;;0.8;
83698;07/03/2019;1200;0;;25.6;;
83698;08/03/2019;0000;;33.2;;0;
83698;08/03/2019;1200;0;;25.5;;
83698;09/03/2019;0000;;34.6;;0;
83698;09/03/2019;1200;0;;24.5;;
83698;10/03/2019;0000;;30.4;;0;
83698;10/03/2019;1200;0;;24.3;;
83698;11/03/2019;0000;;30;;0;
83698;11/03/2019;1200;0;;25.3;;
83698;12/03/2019;0000;;33;;0;
83698;12/03/2019;1200;1;;25.1;;
83698;13/03/2019;0000;;33;;0;
83698;13/03/2019;1200;0;;25.9;;
83698;14/03/2019;0000;;32.2;;0;
83698;14/03/2019;1200;0;;26.1;;
83698;15/03/2019;0000;;31.4;;0;
83698;15/03/2019;1200;0;;25.1;;
83698;16/03/2019;0000;;30.4;;0;
83698;16/03/2019;1200;0;;25.7;;
83698;17/03/2019;0000;;34;;0;
83698;17/03/2019;1200;21.2;;26.1;;
83698;18/03/2019;0000;;34.2;;0;
83698;18/03/2019;1200;21.2;;25.6;;
83698;19/03/2019;0000;;32.6;;0;
83698;19/03/2019;1200;0;;25.1;;
83698;20/03/2019;0000;;32.2;;0;
83698;20/03/2019;1200;3.2;;25.3;;
83698;21/03/2019;0000;;29.3;;0;
83698;21/03/2019;1200;2;;22.5;;
83698;22/03/2019;0000;;27.6;;0;
83698;22/03/2019;1200;4.1;;22.5;;
83698;23/03/2019;0000;;28;;0;
83698;23/03/2019;1200;0;;22;;
83698;24/03/2019;0000;;30;;0;
83698;24/03/2019;1200;0;;22.5;;
83698;25/03/2019;0000;;31.2;;0;
83698;25/03/2019;1200;0;;22.5;;
83698;26/03/2019;0000;;32.1;;0;
83698;26/03/2019;1200;0;;23;;
83698;27/03/2019;0000;;30.4;;0;
83698;27/03/2019;1200;0;;22.5;;
83698;28/03/2019;0000;;32.4;;0;
83698;28/03/2019;1200;0;;24;;
83698;29/03/2019;0000;;28.4;;0;
83698;29/03/2019;1200;0;;22.6;;
83698;30/03/2019;0000;;28.2;;0;
83698;30/03/2019;1200;0;;21.2;;

		
	
[Fechar] <#>
	
		

