--------------------
BDMEP - INMET
--------------------
Estação           : CATANDUVA - SP (OMM: 83676)
Latitude  (graus) : -21.11
Longitude (graus) : -48.93
Altitude  (metros): 570.00
Estação Operante
Inicio de operação: 01/08/1936
Periodo solicitado dos dados: 01/01/2018 a 30/03/2019
Os dados listados abaixo são os que encontram-se digitados no BDMEP
Hora em UTC
--------------------
Obs.: Os dados aparecem separados por ; (ponto e vírgula) no formato txt.
      Para o formato planilha XLS, siga as instruções <http://www.inmet.gov.br/projetos/rede/pesquisa/instrucao.html>
--------------------
Estacao;Data;Hora;Precipitacao;TempMaxima;TempMinima;Velocidade do Vento Media;
83676;01/01/2018;0000;;30.5;;1.5;
83676;01/01/2018;1200;0.4;;20.4;;
83676;02/01/2018;0000;;28.7;;2;
83676;02/01/2018;1200;14;;20.8;;
83676;03/01/2018;0000;;27.5;;2;
83676;03/01/2018;1200;25.4;;20.7;;
83676;04/01/2018;0000;;30.8;;1.5;
83676;04/01/2018;1200;3;;21;;
83676;05/01/2018;0000;;31;;2;
83676;05/01/2018;1200;0;;21.5;;
83676;07/01/2018;0000;;27.5;;1.5;
83676;07/01/2018;1200;13.2;;21.3;;
83676;08/01/2018;0000;;24.4;;2;
83676;08/01/2018;1200;9.4;;20.7;;
83676;09/01/2018;0000;;26.8;;1;
83676;09/01/2018;1200;11.3;;19.8;;
83676;10/01/2018;0000;;31.7;;1.5;
83676;10/01/2018;1200;0;;19.5;;
83676;11/01/2018;0000;;31;;1.5;
83676;11/01/2018;1200;0;;21.3;;
83676;12/01/2018;0000;;28;;1.5;
83676;12/01/2018;1200;6.4;;20;;
83676;13/01/2018;1200;12;;;;
83676;14/01/2018;0000;;30.5;;2.5;
83676;14/01/2018;1200;24.5;;23;;
83676;15/01/2018;0000;;30.4;;1.5;
83676;15/01/2018;1200;14.2;;20.4;;
83676;16/01/2018;0000;;31.2;;1.5;
83676;16/01/2018;1200;4.1;;21;;
83676;17/01/2018;0000;;30.8;;1.5;
83676;17/01/2018;1200;8.3;;21.5;;
83676;18/01/2018;0000;;32.4;;2;
83676;18/01/2018;1200;0;;22.1;;
83676;19/01/2018;0000;;33;;2.5;
83676;19/01/2018;1200;0;;21;;
83676;21/01/2018;0000;;33.4;;1.5;
83676;21/01/2018;1200;0;;;;
83676;22/01/2018;0000;;34.5;;1.5;
83676;22/01/2018;1200;0;;22.7;;
83676;23/01/2018;0000;;35.2;;1.5;
83676;23/01/2018;1200;0;;23;;
83676;24/01/2018;0000;;34;;3;
83676;24/01/2018;1200;0;;22.5;;
83676;25/01/2018;0000;;31.8;;2;
83676;25/01/2018;1200;1;;21.8;;
83676;26/01/2018;0000;;32.7;;1.5;
83676;26/01/2018;1200;0;;21.9;;
83676;27/01/2018;1200;76.2;;;;
83676;28/01/2018;0000;;32.5;;1.5;
83676;28/01/2018;1200;28.1;;25;;
83676;29/01/2018;0000;;30;;2;
83676;29/01/2018;1200;11.4;;20.4;;
83676;30/01/2018;0000;;27.1;;1;
83676;30/01/2018;1200;1.7;;22;;
83676;31/01/2018;0000;;30.4;;1.5;
83676;31/01/2018;1200;13.4;;19.4;;
83676;01/02/2018;0000;;31.4;;1.5;
83676;01/02/2018;1200;0;;17.7;;
83676;02/02/2018;0000;;31;;2.5;
83676;02/02/2018;1200;0;;19.1;;
83676;04/02/2018;0000;;31.5;;2.5;
83676;04/02/2018;1200;0;;23.7;;
83676;05/02/2018;0000;;29.7;;2;
83676;05/02/2018;1200;6.4;;19;;
83676;06/02/2018;0000;;30.4;;1.5;
83676;06/02/2018;1200;0;;20.8;;
83676;07/02/2018;0000;;31.3;;2;
83676;07/02/2018;1200;0;;19.4;;
83676;08/02/2018;0000;;32.5;;1.5;
83676;08/02/2018;1200;0;;20.6;;
83676;09/02/2018;0000;;33;;2.5;
83676;09/02/2018;1200;0;;21.7;;
83676;11/02/2018;0000;;32.3;;2;
83676;11/02/2018;1200;20;;25.4;;
83676;12/02/2018;0000;;32.4;;1.5;
83676;12/02/2018;1200;0;;21.7;;
83676;13/02/2018;0000;;31.6;;2;
83676;13/02/2018;1200;0;;21.5;;
83676;14/02/2018;0000;;26.7;;2.5;
83676;14/02/2018;1200;5.5;;20;;
83676;15/02/2018;0000;;30.5;;2;
83676;15/02/2018;1200;0;;18.8;;
83676;16/02/2018;0000;;31.7;;3;
83676;16/02/2018;1200;0;;19.5;;
83676;18/02/2018;0000;;30.5;;4;
83676;18/02/2018;1200;18.2;;22.5;;
83676;19/02/2018;0000;;29.5;;1.5;
83676;19/02/2018;1200;28.3;;20.4;;
83676;20/02/2018;0000;;29.5;;2.5;
83676;20/02/2018;1200;0.4;;20;;
83676;21/02/2018;0000;;30.8;;1.5;
83676;21/02/2018;1200;0;;21.4;;
83676;22/02/2018;0000;;31.7;;1.5;
83676;22/02/2018;1200;0;;21.5;;
83676;23/02/2018;0000;;32.1;;1.5;
83676;23/02/2018;1200;0;;21;;
83676;25/02/2018;0000;;32;;2.5;
83676;25/02/2018;1200;0;;25.2;;
83676;26/02/2018;0000;;26.8;;1.5;
83676;26/02/2018;1200;0;;21.6;;
83676;27/02/2018;0000;;28.7;;1;
83676;27/02/2018;1200;8.1;;20.7;;
83676;28/02/2018;0000;;31.3;;1.5;
83676;28/02/2018;1200;5.6;;21.1;;
83676;01/03/2018;0000;;32.8;;1.5;
83676;01/03/2018;1200;0;;21.7;;
83676;02/03/2018;0000;;32;;1.5;
83676;02/03/2018;1200;0;;22.7;;
83676;03/03/2018;1200;0;;;;
83676;04/03/2018;0000;;33.2;;1;
83676;04/03/2018;1200;1.3;;;;
83676;05/03/2018;0000;;33.2;;1.5;
83676;05/03/2018;1200;0;;22.8;;
83676;06/03/2018;0000;;33.5;;3.5;
83676;06/03/2018;1200;0;;21;;
83676;07/03/2018;0000;;31.4;;2;
83676;07/03/2018;1200;57.2;;20.4;;
83676;08/03/2018;0000;;30.7;;1.5;
83676;08/03/2018;1200;0;;21.4;;
83676;09/03/2018;0000;;31;;1.5;
83676;09/03/2018;1200;0;;20.6;;
83676;10/03/2018;1200;0;;;;
83676;11/03/2018;0000;;32;;1;
83676;11/03/2018;1200;7.8;;;;
83676;12/03/2018;0000;;33.7;;1;
83676;12/03/2018;1200;0;;22.7;;
83676;13/03/2018;0000;;34;;1.5;
83676;13/03/2018;1200;0;;23.9;;
83676;14/03/2018;0000;;34.5;;1.5;
83676;14/03/2018;1200;0;;24.5;;
83676;15/03/2018;0000;;32.8;;1.5;
83676;15/03/2018;1200;10.7;;21.7;;
83676;16/03/2018;0000;;32.1;;2;
83676;16/03/2018;1200;0;;22;;
83676;17/03/2018;1200;20.1;;;;
83676;18/03/2018;0000;;33.1;;1.5;
83676;18/03/2018;1200;0;;;;
83676;19/03/2018;0000;;33.2;;1.5;
83676;19/03/2018;1200;0;;23;;
83676;20/03/2018;0000;;31.4;;1;
83676;20/03/2018;1200;0;;23.9;;
83676;21/03/2018;0000;;32.8;;2;
83676;21/03/2018;1200;0;;21.6;;
83676;22/03/2018;0000;;31.8;;1.5;
83676;22/03/2018;1200;1;;20.5;;
83676;23/03/2018;0000;;32.2;;1.5;
83676;23/03/2018;1200;0;;22.1;;
83676;24/03/2018;1200;0;;;;
83676;25/03/2018;0000;;31.4;;2.5;
83676;25/03/2018;1200;0;;24.4;;
83676;26/03/2018;0000;;30.8;;1;
83676;26/03/2018;1200;1.8;;21;;
83676;27/03/2018;0000;;30.7;;1;
83676;27/03/2018;1200;0;;20;;
83676;28/03/2018;0000;;31.2;;2;
83676;28/03/2018;1200;0;;20.3;;
83676;29/03/2018;0000;;32.1;;2;
83676;29/03/2018;1200;0;;20.1;;
83676;30/03/2018;0000;;32.2;;2;
83676;30/03/2018;1200;0;;20.8;;
83676;31/03/2018;0000;;29.6;;1.5;
83676;31/03/2018;1200;0;;21.3;;
83676;02/04/2018;0000;;28.5;;1.5;
83676;02/04/2018;1200;4.8;;23.4;;
83676;03/04/2018;0000;;28.8;;1;
83676;03/04/2018;1200;0;;21;;
83676;04/04/2018;0000;;30.1;;1.5;
83676;04/04/2018;1200;2.4;;19.8;;
83676;05/04/2018;0000;;31.7;;1.5;
83676;05/04/2018;1200;0;;20.1;;
83676;06/04/2018;0000;;31;;1.5;
83676;06/04/2018;1200;0;;19;;
83676;07/04/2018;0000;;31.5;;2;
83676;07/04/2018;1200;0;;18.5;;
83676;09/04/2018;0000;;31.8;;2.5;
83676;09/04/2018;1200;0;;;;
83676;10/04/2018;0000;;32;;2.5;
83676;10/04/2018;1200;0;;19.4;;
83676;11/04/2018;0000;;31.3;;2;
83676;11/04/2018;1200;0;;19.2;;
83676;12/04/2018;0000;;31;;4;
83676;12/04/2018;1200;0;;19.3;;
83676;13/04/2018;0000;;30.5;;1.5;
83676;13/04/2018;1200;0;;17.8;;
83676;15/04/2018;0000;;27.7;;2.5;
83676;15/04/2018;1200;0;;22.1;;
83676;16/04/2018;0000;;27.8;;3;
83676;16/04/2018;1200;1;;17.8;;
83676;17/04/2018;0000;;27.8;;2.5;
83676;17/04/2018;1200;0;;16.5;;
83676;18/04/2018;0000;;29.1;;2.5;
83676;18/04/2018;1200;0;;18.3;;
83676;19/04/2018;0000;;30;;2;
83676;19/04/2018;1200;0;;17.1;;
83676;20/04/2018;0000;;30.3;;1.5;
83676;20/04/2018;1200;0;;18.5;;
83676;22/04/2018;0000;;30.2;;2.5;
83676;22/04/2018;1200;0;;22.7;;
83676;23/04/2018;0000;;30.3;;2.5;
83676;23/04/2018;1200;0;;17.2;;
83676;24/04/2018;0000;;30.5;;2;
83676;24/04/2018;1200;0;;17.5;;
83676;25/04/2018;0000;;30.5;;1.5;
83676;25/04/2018;1200;0;;18.2;;
83676;26/04/2018;0000;;30.2;;2;
83676;26/04/2018;1200;0;;18.3;;
83676;27/04/2018;0000;;31;;2.5;
83676;27/04/2018;1200;0;;20.3;;
83676;29/04/2018;0000;;31;;2;
83676;29/04/2018;1200;0;;;;
83676;30/04/2018;0000;;31.3;;2.5;
83676;30/04/2018;1200;0;;20.1;;
83676;01/05/2018;0000;;31.4;;1;
83676;01/05/2018;1200;0;;18.7;;
83676;02/05/2018;0000;;30.7;;1.5;
83676;02/05/2018;1200;0;;17.6;;
83676;03/05/2018;0000;;31.2;;2;
83676;03/05/2018;1200;0;;18.1;;
83676;04/05/2018;0000;;32.2;;2;
83676;04/05/2018;1200;0;;20.5;;
83676;06/05/2018;0000;;32.1;;2;
83676;06/05/2018;1200;0;;;;
83676;07/05/2018;0000;;29.8;;2;
83676;07/05/2018;1200;7.8;;17.1;;
83676;08/05/2018;0000;;29.5;;1.5;
83676;08/05/2018;1200;0;;16.5;;
83676;09/05/2018;0000;;28.8;;2.5;
83676;09/05/2018;1200;0;;16;;
83676;10/05/2018;0000;;29.4;;2.5;
83676;10/05/2018;1200;0;;18.1;;
83676;11/05/2018;0000;;29.8;;2.5;
83676;11/05/2018;1200;0;;18.6;;
83676;12/05/2018;0000;;29.7;;2;
83676;12/05/2018;1200;0;;19.8;;
83676;14/05/2018;0000;;30;;1.5;
83676;14/05/2018;1200;0;;22.2;;
83676;15/05/2018;0000;;29;;2.5;
83676;15/05/2018;1200;0;;20.4;;
83676;16/05/2018;0000;;26;;2;
83676;16/05/2018;1200;0;;19.3;;
83676;17/05/2018;0000;;29.7;;2;
83676;17/05/2018;1200;0;;18.9;;
83676;18/05/2018;0000;;30.8;;3;
83676;18/05/2018;1200;0;;20.1;;
83676;20/05/2018;0000;;21.2;;2.5;
83676;20/05/2018;1200;6.7;;13.8;;
83676;21/05/2018;0000;;23;;1.5;
83676;21/05/2018;1200;0;;9.7;;
83676;22/05/2018;0000;;25;;1;
83676;22/05/2018;1200;0;;12.3;;
83676;23/05/2018;0000;;26.7;;1.5;
83676;23/05/2018;1200;0;;10.7;;
83676;24/05/2018;0000;;28.1;;1;
83676;24/05/2018;1200;0;;12.2;;
83676;25/05/2018;0000;;27.2;;1.5;
83676;25/05/2018;1200;0;;13.9;;
83676;27/05/2018;0000;;28.4;;2;
83676;27/05/2018;1200;0;;20.2;;
83676;28/05/2018;0000;;27;;4;
83676;28/05/2018;1200;0;;13.3;;
83676;29/05/2018;0000;;27.1;;4;
83676;29/05/2018;1200;0;;16;;
83676;30/05/2018;0000;;26.5;;2.5;
83676;30/05/2018;1200;0;;15.5;;
83676;31/05/2018;0000;;27.3;;1.5;
83676;31/05/2018;1200;0;;14.8;;
83676;01/06/2018;0000;;27.9;;2;
83676;01/06/2018;1200;0;;16;;
83676;03/06/2018;0000;;28.5;;2;
83676;03/06/2018;1200;0;;;;
83676;04/06/2018;0000;;26.2;;2;
83676;04/06/2018;1200;0;;15;;
83676;05/06/2018;0000;;27.7;;1.5;
83676;05/06/2018;1200;0;;14.7;;
83676;06/06/2018;0000;;27.2;;1.5;
83676;06/06/2018;1200;1;;17.1;;
83676;07/06/2018;0000;;27;;2;
83676;07/06/2018;1200;0;;18.8;;
83676;08/06/2018;0000;;22.8;;2;
83676;08/06/2018;1200;0;;14.8;;
83676;09/06/2018;0000;;28.8;;2.5;
83676;09/06/2018;1200;0;;;;
83676;10/06/2018;0000;;28.8;;2.5;
83676;10/06/2018;1200;0;;;;
83676;11/06/2018;0000;;29.1;;2;
83676;11/06/2018;1200;0;;20.5;;
83676;12/06/2018;0000;;30.2;;1.5;
83676;12/06/2018;1200;0;;18.8;;
83676;13/06/2018;0000;;28.4;;1;
83676;13/06/2018;1200;0;;19.7;;
83676;14/06/2018;0000;;28.5;;1.5;
83676;14/06/2018;1200;0;;18.3;;
83676;15/06/2018;0000;;26.6;;2;
83676;15/06/2018;1200;0;;15.7;;
83676;17/06/2018;0000;;26.8;;1.5;
83676;17/06/2018;1200;0;;16.5;;
83676;18/06/2018;0000;;26.8;;2;
83676;18/06/2018;1200;0;;14.5;;
83676;19/06/2018;0000;;27;;2.5;
83676;19/06/2018;1200;0;;15.1;;
83676;20/06/2018;0000;;27.2;;1.5;
83676;20/06/2018;1200;0;;15.5;;
83676;21/06/2018;0000;;27.8;;2;
83676;21/06/2018;1200;0;;17.7;;
83676;22/06/2018;0000;;28;;2.5;
83676;22/06/2018;1200;0;;16.8;;
83676;24/06/2018;0000;;29.2;;2.5;
83676;24/06/2018;1200;0;;;;
83676;25/06/2018;0000;;29.8;;1.5;
83676;25/06/2018;1200;0;;17.5;;
83676;26/06/2018;0000;;29.7;;1.5;
83676;26/06/2018;1200;0;;17.8;;
83676;27/06/2018;0000;;29.7;;2.5;
83676;27/06/2018;1200;0;;18.4;;
83676;28/06/2018;0000;;29.1;;2.5;
83676;28/06/2018;1200;0;;18.2;;
83676;29/06/2018;0000;;28.5;;3.5;
83676;29/06/2018;1200;0;;17;;
83676;30/06/2018;0000;;28.2;;2.5;
83676;30/06/2018;1200;0;;16.7;;
83676;01/08/2018;0000;;25.5;;3;
83676;01/08/2018;1200;0;;15.8;;
83676;02/08/2018;0000;;25.3;;2;
83676;02/08/2018;1200;0.6;;14.7;;
83676;03/08/2018;0000;;21.1;;3.5;
83676;03/08/2018;1200;0;;16.2;;
83676;04/08/2018;0000;;26.7;;2.5;
83676;04/08/2018;1200;16.1;;15.5;;
83676;06/08/2018;0000;;20.8;;2;
83676;06/08/2018;1200;0.5;;16.4;;
83676;07/08/2018;0000;;24.1;;1.5;
83676;07/08/2018;1200;10.8;;14.1;;
83676;08/08/2018;0000;;27.7;;2;
83676;08/08/2018;1200;0;;14.4;;
83676;09/08/2018;0000;;27.5;;3;
83676;09/08/2018;1200;0.8;;16;;
83676;10/08/2018;0000;;23.1;;2;
83676;10/08/2018;1200;0;;9.5;;
83676;11/08/2018;0000;;24.2;;1.5;
83676;11/08/2018;1200;0;;8.8;;
83676;13/08/2018;0000;;27;;2;
83676;13/08/2018;1200;0;;14;;
83676;14/08/2018;0000;;29.2;;1.5;
83676;14/08/2018;1200;0;;11.5;;
83676;15/08/2018;0000;;29.1;;2.5;
83676;15/08/2018;1200;0;;15.1;;
83676;16/08/2018;0000;;26.3;;2.5;
83676;16/08/2018;1200;0;;14.1;;
83676;17/08/2018;0000;;27.7;;3;
83676;17/08/2018;1200;0;;14.5;;
83676;18/08/2018;0000;;28;;2;
83676;18/08/2018;1200;0;;13.1;;
83676;20/08/2018;0000;;29.8;;3.5;
83676;20/08/2018;1200;0;;22.8;;
83676;21/08/2018;0000;;30.4;;2;
83676;21/08/2018;1200;0;;18.7;;
83676;22/08/2018;0000;;28.2;;2;
83676;22/08/2018;1200;0;;17.8;;
83676;23/08/2018;0000;;30.7;;1.5;
83676;23/08/2018;1200;0;;17.8;;
83676;24/08/2018;0000;;30.2;;4;
83676;24/08/2018;1200;0;;20.6;;
83676;26/08/2018;0000;;27.1;;2.5;
83676;26/08/2018;1200;0;;17.6;;
83676;27/08/2018;0000;;28.2;;2.5;
83676;27/08/2018;1200;0;;11.5;;
83676;28/08/2018;0000;;29.5;;2.5;
83676;28/08/2018;1200;0;;14.8;;
83676;29/08/2018;0000;;29.8;;2.5;
83676;29/08/2018;1200;0;;17;;
83676;30/08/2018;0000;;30.2;;2;
83676;30/08/2018;1200;0;;19.1;;
83676;31/08/2018;0000;;31;;2;
83676;31/08/2018;1200;0;;20.8;;
83676;02/09/2018;0000;;32.4;;3.5;
83676;02/09/2018;1200;0;;23.2;;
83676;03/09/2018;0000;;23.2;;2.5;
83676;03/09/2018;1200;2;;14.2;;
83676;04/09/2018;0000;;22;;2;
83676;04/09/2018;1200;0;;10.8;;
83676;05/09/2018;0000;;25.1;;2.5;
83676;05/09/2018;1200;0;;11;;
83676;06/09/2018;0000;;28.4;;3;
83676;06/09/2018;1200;0;;10.2;;
83676;07/09/2018;0000;;31.2;;2;
83676;07/09/2018;1200;0;;12.5;;
83676;09/09/2018;0000;;32.2;;1.5;
83676;09/09/2018;1200;0;;25.2;;
83676;10/09/2018;0000;;32;;1.5;
83676;10/09/2018;1200;0;;15.5;;
83676;11/09/2018;0000;;32;;2.5;
83676;11/09/2018;1200;0;;15.2;;
83676;12/09/2018;0000;;31.8;;2.5;
83676;12/09/2018;1200;0;;15.4;;
83676;13/09/2018;0000;;32.8;;2.5;
83676;13/09/2018;1200;0;;16.1;;
83676;14/09/2018;0000;;26;;2;
83676;14/09/2018;1200;3.2;;19.1;;
83676;16/09/2018;0000;;28;;1.5;
83676;16/09/2018;1200;0;;22.2;;
83676;17/09/2018;0000;;24;;1.5;
83676;17/09/2018;1200;9.7;;17.4;;
83676;18/09/2018;0000;;25;;2;
83676;18/09/2018;1200;7.8;;17.7;;
83676;19/09/2018;0000;;30.4;;1.5;
83676;19/09/2018;1200;2;;18.6;;
83676;20/09/2018;0000;;26.2;;3;
83676;20/09/2018;1200;1.4;;17.2;;
83676;21/09/2018;0000;;29.8;;1.5;
83676;21/09/2018;1200;24.3;;17.2;;
83676;23/09/2018;0000;;32.5;;1.5;
83676;23/09/2018;1200;0;;;;
83676;24/09/2018;0000;;35.4;;1.5;
83676;24/09/2018;1200;0;;20.8;;
83676;25/09/2018;0000;;34.4;;2;
83676;25/09/2018;1200;0;;19;;
83676;26/09/2018;0000;;32.7;;1.5;
83676;26/09/2018;1200;4.2;;21;;
83676;27/09/2018;0000;;30;;2.5;
83676;27/09/2018;1200;0.7;;21.7;;
83676;28/09/2018;0000;;31.2;;2;
83676;28/09/2018;1200;0.4;;21;;
83676;29/09/2018;0000;;32.5;;2;
83676;29/09/2018;1200;0;;19.8;;
83676;01/10/2018;0000;;31.8;;2;
83676;01/10/2018;1200;3.7;;22.6;;
83676;02/10/2018;0000;;33;;1.5;
83676;02/10/2018;1200;0;;21.5;;
83676;03/10/2018;0000;;36.7;;2;
83676;03/10/2018;1200;0;;22.4;;
83676;04/10/2018;0000;;32.8;;1;
83676;04/10/2018;1200;28.3;;21;;
83676;05/10/2018;0000;;33;;3;
83676;05/10/2018;1200;0;;19.1;;
83676;06/10/2018;0000;;33.2;;2.5;
83676;06/10/2018;1200;0;;16.8;;
83676;08/10/2018;0000;;26.8;;2;
83676;08/10/2018;1200;28.4;;21.8;;
83676;09/10/2018;0000;;31.8;;1.5;
83676;09/10/2018;1200;4.4;;20;;
83676;10/10/2018;0000;;30.4;;1.5;
83676;10/10/2018;1200;8.1;;19.5;;
83676;11/10/2018;0000;;29.5;;2;
83676;11/10/2018;1200;31.8;;21;;
83676;12/10/2018;0000;;33.2;;1.5;
83676;12/10/2018;1200;0;;19.1;;
83676;13/10/2018;0000;;34.8;;2;
83676;13/10/2018;1200;0;;23.5;;
83676;15/10/2018;0000;;32.8;;1.5;
83676;15/10/2018;1200;0;;25;;
83676;16/10/2018;0000;;34;;1.5;
83676;16/10/2018;1200;0;;22.5;;
83676;17/10/2018;0000;;29.5;;2;
83676;17/10/2018;1200;7.2;;22.8;;
83676;18/10/2018;0000;;34.7;;3.5;
83676;18/10/2018;1200;0;;21.7;;
83676;19/10/2018;0000;;30.5;;2.5;
83676;19/10/2018;1200;9.7;;20.5;;
83676;20/10/2018;0000;;29.8;;3;
83676;20/10/2018;1200;0;;17.7;;
83676;22/10/2018;0000;;31;;2;
83676;22/10/2018;1200;0;;24.8;;
83676;23/10/2018;0000;;33.4;;2;
83676;23/10/2018;1200;0;;21.1;;
83676;24/10/2018;0000;;28.6;;1.5;
83676;24/10/2018;1200;11.8;;19.8;;
83676;25/10/2018;0000;;25;;1;
83676;25/10/2018;1200;3;;20;;
83676;26/10/2018;0000;;28;;1.5;
83676;26/10/2018;1200;18.2;;21.5;;
83676;27/10/2018;0000;;26.8;;2;
83676;27/10/2018;1200;3.8;;21.4;;
83676;29/10/2018;0000;;29.8;;2;
83676;29/10/2018;1200;0;;22.6;;
83676;30/10/2018;0000;;33.2;;1;
83676;30/10/2018;1200;0;;17.5;;
83676;31/10/2018;0000;;33.5;;3;
83676;31/10/2018;1200;0;;22.2;;
83676;01/11/2018;0000;;32.1;;1.5;
83676;01/11/2018;1200;0;;21.4;;
83676;02/11/2018;0000;;32.5;;1;
83676;02/11/2018;1200;0;;20.8;;
83676;03/11/2018;0000;;33.2;;2.5;
83676;03/11/2018;1200;0;;22.1;;
83676;05/11/2018;0000;;29.5;;2;
83676;05/11/2018;1200;29.3;;23.6;;
83676;06/11/2018;0000;;30;;3;
83676;06/11/2018;1200;0;;18.1;;
83676;07/11/2018;0000;;25.5;;2;
83676;07/11/2018;1200;9;;21;;
83676;08/11/2018;0000;;22;;2.5;
83676;08/11/2018;1200;37.4;;17.5;;
83676;09/11/2018;0000;;21.4;;4;
83676;09/11/2018;1200;1.3;;17;;
83676;10/11/2018;0000;;27.2;;2.5;
83676;10/11/2018;1200;10;;18.6;;
83676;12/11/2018;0000;;32.8;;2;
83676;12/11/2018;1200;0;;;;
83676;13/11/2018;0000;;33.7;;2.5;
83676;13/11/2018;1200;0;;22.7;;
83676;14/11/2018;0000;;34.4;;2.5;
83676;14/11/2018;1200;0;;23.2;;
83676;15/11/2018;0000;;34.5;;1.5;
83676;15/11/2018;1200;0;;22.5;;
83676;16/11/2018;0000;;33.7;;2.5;
83676;16/11/2018;1200;0;;22;;
83676;17/11/2018;1200;4.8;;;;
83676;18/11/2018;0000;;31;;1.5;
83676;18/11/2018;1200;5;;24;;
83676;19/11/2018;0000;;26.8;;2;
83676;19/11/2018;1200;4.4;;19.5;;
83676;20/11/2018;0000;;24;;2.5;
83676;20/11/2018;1200;44.5;;17;;
83676;21/11/2018;0000;;26.3;;2.5;
83676;21/11/2018;1200;0;;17.2;;
83676;22/11/2018;0000;;28.7;;3;
83676;22/11/2018;1200;0;;20.2;;
83676;23/11/2018;0000;;26.8;;2.5;
83676;23/11/2018;1200;0.2;;20.1;;
83676;24/11/2018;0000;;26;;3;
83676;24/11/2018;1200;17.1;;19.3;;
83676;25/11/2018;1200;7.3;;;;
83676;26/11/2018;0000;;28.8;;2;
83676;26/11/2018;1200;0;;23.3;;
83676;27/11/2018;0000;;30.4;;2.5;
83676;27/11/2018;1200;0;;17.5;;
83676;28/11/2018;0000;;31.2;;2;
83676;28/11/2018;1200;0;;18.8;;
83676;29/11/2018;0000;;32.5;;1.5;
83676;29/11/2018;1200;0;;21;;
83676;30/11/2018;0000;;32;;1.5;
83676;30/11/2018;1200;0;;22.4;;
83676;02/12/2018;0000;;29.1;;1;
83676;02/12/2018;1200;8.2;;;;
83676;03/12/2018;0000;;29.2;;1.5;
83676;03/12/2018;1200;2.5;;18.8;;
83676;04/12/2018;0000;;32.5;;1;
83676;04/12/2018;1200;0;;19.5;;
83676;05/12/2018;0000;;33.2;;1;
83676;05/12/2018;1200;0;;22.6;;
83676;06/12/2018;0000;;34;;1.5;
83676;06/12/2018;1200;0;;22.7;;
83676;07/12/2018;0000;;32.7;;1.5;
83676;07/12/2018;1200;0;;21.3;;
83676;08/12/2018;0000;;29.8;;3;
83676;08/12/2018;1200;0;;17.5;;
83676;10/12/2018;0000;;31.4;;2.5;
83676;10/12/2018;1200;0;;25.4;;
83676;11/12/2018;0000;;32.2;;2;
83676;11/12/2018;1200;0;;20.7;;
83676;12/12/2018;0000;;33.2;;1.5;
83676;12/12/2018;1200;0;;22;;
83676;13/12/2018;0000;;33.7;;2;
83676;13/12/2018;1200;0;;21.5;;
83676;14/12/2018;0000;;33.2;;2;
83676;14/12/2018;1200;0;;20.8;;
83676;15/12/2018;0000;;33.4;;2;
83676;15/12/2018;1200;0;;22.5;;
83676;17/12/2018;0000;;33.8;;1;
83676;17/12/2018;1200;0;;;;
83676;18/12/2018;0000;;33.5;;1.5;
83676;18/12/2018;1200;3.1;;23.5;;
83676;19/12/2018;0000;;30.5;;1.5;
83676;19/12/2018;1200;0;;23.7;;
83676;20/12/2018;0000;;34.8;;1;
83676;20/12/2018;1200;0;;22.2;;
83676;21/12/2018;0000;;34.5;;2.5;
83676;21/12/2018;1200;0;;23.4;;
83676;22/12/2018;0000;;34.3;;2;
83676;22/12/2018;1200;0;;22.3;;
83676;24/12/2018;0000;;32;;2;
83676;24/12/2018;1200;12.4;;24.6;;
83676;25/12/2018;0000;;30.2;;1.5;
83676;25/12/2018;1200;0;;21.4;;
83676;26/12/2018;0000;;24;;1;
83676;26/12/2018;1200;5.8;;21.5;;
83676;27/12/2018;0000;;28.1;;1;
83676;27/12/2018;1200;54.2;;21.5;;
83676;28/12/2018;0000;;27.8;;1.5;
83676;28/12/2018;1200;1.4;;21;;
83676;29/12/2018;0000;;29.3;;1.5;
83676;29/12/2018;1200;10.8;;21.4;;
83676;31/12/2018;0000;;30.4;;1.5;
83676;31/12/2018;1200;0;;25;;
83676;01/01/2019;0000;;29.3;;2;
83676;01/01/2019;1200;11.6;;22.3;;
83676;02/01/2019;0000;;31.2;;1.5;
83676;02/01/2019;1200;0;;22.5;;
83676;03/01/2019;0000;;31.6;;2.5;
83676;03/01/2019;1200;0;;23.3;;
83676;04/01/2019;0000;;27;;1.5;
83676;04/01/2019;1200;10.2;;21.6;;
83676;05/01/2019;0000;;26.4;;1.5;
83676;05/01/2019;1200;20.2;;21;;
83676;06/01/2019;1200;2.2;;;;
83676;07/01/2019;0000;;32;;1.5;
83676;07/01/2019;1200;0;;;;
83676;08/01/2019;0000;;33.4;;1.5;
83676;08/01/2019;1200;0;;23;;
83676;09/01/2019;0000;;33;;1.5;
83676;09/01/2019;1200;0;;23.1;;
83676;10/01/2019;0000;;33.2;;2;
83676;10/01/2019;1200;0;;23.3;;
83676;11/01/2019;0000;;32.1;;2;
83676;11/01/2019;1200;0;;23.7;;
83676;12/01/2019;0000;;33;;2;
83676;12/01/2019;1200;0;;21.5;;
83676;14/01/2019;0000;;34;;2;
83676;14/01/2019;1200;0;;;;
83676;15/01/2019;0000;;33.4;;2;
83676;15/01/2019;1200;0;;22.7;;
83676;16/01/2019;0000;;35.2;;1.5;
83676;16/01/2019;1200;0;;24;;
83676;17/01/2019;0000;;33.4;;2.5;
83676;17/01/2019;1200;0;;23;;
83676;18/01/2019;0000;;33.7;;2;
83676;18/01/2019;1200;0;;22;;
83676;19/01/2019;0000;;33;;2;
83676;19/01/2019;1200;14;;21.5;;
83676;21/01/2019;0000;;33;;1.5;
83676;21/01/2019;1200;10.1;;;;
83676;22/01/2019;0000;;35.7;;1;
83676;22/01/2019;1200;0;;24.6;;
83676;23/01/2019;0000;;35.4;;2;
83676;23/01/2019;1200;0;;23.5;;
83676;24/01/2019;0000;;33.1;;2.5;
83676;24/01/2019;1200;4.2;;23;;
83676;25/01/2019;0000;;33.8;;2.5;
83676;25/01/2019;1200;0;;21.3;;
83676;26/01/2019;0000;;29.8;;2.5;
83676;26/01/2019;1200;0;;19.8;;
83676;27/01/2019;1200;4;;;;
83676;28/01/2019;0000;;33;;1.5;
83676;28/01/2019;1200;0;;;;
83676;29/01/2019;0000;;35.4;;1.5;
83676;29/01/2019;1200;0;;23.5;;
83676;30/01/2019;0000;;36.7;;1.5;
83676;30/01/2019;1200;0;;23.8;;
83676;31/01/2019;0000;;37;;1.5;
83676;31/01/2019;1200;0;;23.4;;
83676;01/02/2019;0000;;36.8;;2;
83676;01/02/2019;1200;1.2;;23.4;;
83676;02/02/2019;0000;;36.8;;1.5;
83676;02/02/2019;1200;0;;23.2;;
83676;04/02/2019;0000;;32.2;;2.5;
83676;04/02/2019;1200;2.1;;23;;
83676;05/02/2019;0000;;28.2;;2;
83676;05/02/2019;1200;0;;18.5;;
83676;06/02/2019;0000;;29.5;;2.5;
83676;06/02/2019;1200;0.4;;21;;
83676;07/02/2019;0000;;30.4;;1.5;
83676;07/02/2019;1200;30.3;;17.7;;
83676;08/02/2019;0000;;32.8;;1.5;
83676;08/02/2019;1200;0;;19.9;;
83676;09/02/2019;0000;;33.8;;1.5;
83676;09/02/2019;1200;0;;22.6;;
83676;11/02/2019;0000;;33.5;;1.5;
83676;11/02/2019;1200;0;;;;
83676;12/02/2019;0000;;29.8;;1.5;
83676;12/02/2019;1200;0.5;;21.4;;
83676;13/02/2019;0000;;28.4;;1.5;
83676;13/02/2019;1200;26.3;;21.7;;
83676;14/02/2019;0000;;28.8;;1.5;
83676;14/02/2019;1200;0;;19.5;;
83676;15/02/2019;0000;;27.9;;2;
83676;15/02/2019;1200;4.4;;21;;
83676;16/02/2019;0000;;24;;1.5;
83676;16/02/2019;1200;17.2;;20.6;;
83676;18/02/2019;0000;;28.1;;1.5;
83676;18/02/2019;1200;0;;22.4;;
83676;19/02/2019;0000;;29.4;;1.5;
83676;19/02/2019;1200;18.5;;19.8;;
83676;20/02/2019;0000;;27.7;;2.5;
83676;20/02/2019;1200;1.7;;20.4;;
83676;21/02/2019;0000;;27.5;;2;
83676;21/02/2019;1200;1.6;;21;;
83676;22/02/2019;0000;;29.8;;1.5;
83676;22/02/2019;1200;1;;20.7;;
83676;23/02/2019;0000;;32.5;;1.5;
83676;23/02/2019;1200;0;;21.3;;
83676;25/02/2019;0000;;32.6;;2.5;
83676;25/02/2019;1200;0;;24.1;;
83676;26/02/2019;0000;;28.2;;2;
83676;26/02/2019;1200;3.6;;20.4;;
83676;27/02/2019;0000;;27.4;;2;
83676;27/02/2019;1200;33;;19.7;;
83676;28/02/2019;0000;;27.4;;2;
83676;28/02/2019;1200;28;;20.5;;
83676;01/03/2019;0000;;28;;2;
83676;01/03/2019;1200;0.4;;21.4;;
83676;02/03/2019;0000;;25.2;;1.5;
83676;02/03/2019;1200;13.3;;21;;
83676;03/03/2019;1200;2.8;;;;
83676;04/03/2019;0000;;28.4;;2.5;
83676;04/03/2019;1200;3.4;;21.5;;
83676;05/03/2019;0000;;29.5;;2;
83676;05/03/2019;1200;4.8;;20.1;;
83676;06/03/2019;0000;;31.4;;2;
83676;06/03/2019;1200;0;;21.3;;
83676;07/03/2019;0000;;31.7;;2.5;
83676;07/03/2019;1200;0;;21.5;;
83676;08/03/2019;0000;;32.5;;1.5;
83676;08/03/2019;1200;0;;21.5;;
83676;10/03/2019;0000;;33.4;;2;
83676;10/03/2019;1200;0;;22.7;;
83676;11/03/2019;0000;;27.2;;1.5;
83676;11/03/2019;1200;44.4;;20.4;;
83676;12/03/2019;0000;;32.5;;2.5;
83676;12/03/2019;1200;0;;21;;
83676;13/03/2019;0000;;31.5;;2;
83676;13/03/2019;1200;2.2;;21.2;;
83676;14/03/2019;0000;;30.7;;1.5;
83676;14/03/2019;1200;0;;21.7;;
83676;15/03/2019;0000;;30.5;;1;
83676;15/03/2019;1200;26.3;;20.8;;
83676;16/03/2019;0000;;30.4;;2;
83676;16/03/2019;1200;16.4;;20.3;;
83676;18/03/2019;0000;;31.5;;1;
83676;18/03/2019;1200;0;;;;
83676;19/03/2019;0000;;32.1;;1;
83676;19/03/2019;1200;0;;22.2;;
83676;20/03/2019;0000;;32.5;;2;
83676;20/03/2019;1200;0;;22;;
83676;21/03/2019;0000;;25;;2;
83676;21/03/2019;1200;33.8;;20.8;;
83676;22/03/2019;0000;;27.2;;2;
83676;22/03/2019;1200;2.7;;17;;
83676;23/03/2019;0000;;29;;1.5;
83676;23/03/2019;1200;0;;18.5;;
83676;25/03/2019;0000;;30.5;;1.5;
83676;25/03/2019;1200;0;;;;
83676;26/03/2019;0000;;31.8;;1.5;
83676;26/03/2019;1200;0;;21.5;;
83676;27/03/2019;0000;;31.7;;1.5;
83676;27/03/2019;1200;0;;20.7;;
83676;28/03/2019;0000;;31;;2.5;
83676;28/03/2019;1200;0;;19.8;;
83676;29/03/2019;0000;;30;;2.5;
83676;29/03/2019;1200;0;;18.2;;
83676;30/03/2019;0000;;30.5;;2;
83676;30/03/2019;1200;0;;17.7;;

		
	
[Fechar] <#>
	
		

