--------------------
BDMEP - INMET
--------------------
Estação           : CORDEIRO - RJ (OMM: 83718)
Latitude  (graus) : -22.02
Longitude (graus) : -42.36
Altitude  (metros): 505.92
Estação Operante
Inicio de operação: 16/07/1971
Periodo solicitado dos dados: 01/01/2018 a 30/03/2019
Os dados listados abaixo são os que encontram-se digitados no BDMEP
Hora em UTC
--------------------
Obs.: Os dados aparecem separados por ; (ponto e vírgula) no formato txt.
      Para o formato planilha XLS, siga as instruções <http://www.inmet.gov.br/projetos/rede/pesquisa/instrucao.html>
--------------------
Estacao;Data;Hora;Precipitacao;TempMaxima;TempMinima;Velocidade do Vento Media;
83718;31/01/2018;0000;;26.2;;0;
83718;31/01/2018;1200;0;;19.5;;
83718;01/02/2018;0000;;29.2;;0;
83718;01/02/2018;1200;7.6;;18.4;;
83718;02/02/2018;0000;;29.4;;0;
83718;02/02/2018;1200;0;;18.7;;
83718;03/02/2018;0000;;28.8;;0;
83718;03/02/2018;1200;7.1;;18.8;;
83718;04/02/2018;0000;;25.2;;0;
83718;04/02/2018;1200;0.5;;18.7;;
83718;05/02/2018;0000;;20.1;;0;
83718;05/02/2018;1200;4.5;;17.4;;
83718;06/02/2018;0000;;26.4;;0;
83718;06/02/2018;1200;59.8;;18.4;;
83718;07/02/2018;0000;;28.2;;0;
83718;07/02/2018;1200;23.4;;20.1;;
83718;08/02/2018;0000;;30;;0;
83718;08/02/2018;1200;0.9;;18.6;;
83718;09/02/2018;0000;;30.7;;0;
83718;09/02/2018;1200;0;;21;;
83718;10/02/2018;0000;;30.8;;0;
83718;10/02/2018;1200;0;;20.5;;
83718;11/02/2018;0000;;31.1;;0;
83718;11/02/2018;1200;0;;21.6;;
83718;12/02/2018;0000;;32.4;;0;
83718;12/02/2018;1200;0;;20.1;;
83718;13/02/2018;0000;;32.2;;0;
83718;13/02/2018;1200;0;;18.9;;
83718;14/02/2018;0000;;32.2;;0;
83718;14/02/2018;1200;0;;22;;
83718;15/02/2018;0000;;28.9;;0;
83718;15/02/2018;1200;0;;18.9;;
83718;16/02/2018;0000;;30.7;;0;
83718;16/02/2018;1200;0;;17.7;;
83718;17/02/2018;0000;;30.4;;0;
83718;17/02/2018;1200;0;;18.7;;
83718;18/02/2018;0000;;29.9;;0;
83718;18/02/2018;1200;0;;18.5;;
83718;19/02/2018;0000;;28.6;;0;
83718;19/02/2018;1200;5.9;;18.9;;
83718;20/02/2018;0000;;29.7;;0;
83718;20/02/2018;1200;0;;20.7;;
83718;21/02/2018;0000;;30.2;;0;
83718;21/02/2018;1200;2.7;;21.7;;
83718;22/02/2018;0000;;29.9;;0;
83718;22/02/2018;1200;11.4;;22;;
83718;23/02/2018;0000;;28;;0;
83718;23/02/2018;1200;58.9;;19.7;;
83718;24/02/2018;0000;;26.6;;0;
83718;24/02/2018;1200;3.3;;18.5;;
83718;25/02/2018;0000;;27;;0;
83718;25/02/2018;1200;0;;19.3;;
83718;26/02/2018;0000;;27.7;;0;
83718;26/02/2018;1200;0;;19.8;;
83718;27/02/2018;0000;;29.8;;0;
83718;27/02/2018;1200;19.6;;20.7;;
83718;28/02/2018;0000;;30.8;;0;
83718;28/02/2018;1200;7.2;;21.7;;
83718;01/03/2018;0000;;30.2;;0;
83718;01/03/2018;1200;22;;20.7;;
83718;02/03/2018;0000;;31.4;;0;
83718;02/03/2018;1200;0;;21.9;;
83718;03/03/2018;0000;;31;;0;
83718;03/03/2018;1200;11;;20.9;;
83718;04/03/2018;0000;;29.8;;0;
83718;04/03/2018;1200;10.4;;20.8;;
83718;05/03/2018;0000;;32.2;;0;
83718;05/03/2018;1200;3.3;;21.7;;
83718;06/03/2018;0000;;30.2;;0;
83718;06/03/2018;1200;18.5;;21.8;;
83718;07/03/2018;0000;;30;;0;
83718;07/03/2018;1200;25;;21.5;;
83718;08/03/2018;0000;;27.7;;0;
83718;08/03/2018;1200;23.5;;21.5;;
83718;09/03/2018;0000;;26.4;;0;
83718;09/03/2018;1200;7.2;;20.5;;
83718;10/03/2018;0000;;28.2;;0;
83718;10/03/2018;1200;0;;20.3;;
83718;11/03/2018;0000;;29.2;;0;
83718;11/03/2018;1200;15.9;;20.3;;
83718;12/03/2018;0000;;30.8;;0;
83718;12/03/2018;1200;6.8;;17.8;;
83718;13/03/2018;0000;;29.9;;0;
83718;13/03/2018;1200;0;;18.9;;
83718;14/03/2018;0000;;31.5;;0;
83718;14/03/2018;1200;13.8;;19.8;;
83718;15/03/2018;0000;;31;;0;
83718;15/03/2018;1200;3.7;;21.7;;
83718;16/03/2018;0000;;31.9;;0;
83718;16/03/2018;1200;0;;21.6;;
83718;17/03/2018;0000;;28.6;;0;
83718;17/03/2018;1200;5.3;;21.7;;
83718;18/03/2018;0000;;29.9;;0;
83718;18/03/2018;1200;4.5;;21.5;;
83718;19/03/2018;0000;;31.4;;0;
83718;19/03/2018;1200;0;;20;;
83718;20/03/2018;0000;;31.8;;0;
83718;20/03/2018;1200;0;;21.3;;
83718;21/03/2018;0000;;25.2;;0;
83718;21/03/2018;1200;0.4;;21.3;;
83718;22/03/2018;0000;;27.2;;0;
83718;22/03/2018;1200;4.1;;20.8;;
83718;23/03/2018;0000;;28.8;;0;
83718;23/03/2018;1200;20.5;;18.7;;
83718;24/03/2018;0000;;28.2;;0;
83718;24/03/2018;1200;0.8;;17.9;;
83718;25/03/2018;0000;;28.8;;0;
83718;25/03/2018;1200;0;;17.7;;
83718;26/03/2018;0000;;29.4;;0;
83718;26/03/2018;1200;0;;18.3;;
83718;27/03/2018;0000;;29.7;;0;
83718;27/03/2018;1200;0;;17.3;;
83718;28/03/2018;0000;;29.2;;0;
83718;28/03/2018;1200;0;;17.3;;
83718;29/03/2018;0000;;29.2;;0;
83718;29/03/2018;1200;0;;16.6;;
83718;30/03/2018;0000;;29;;0;
83718;30/03/2018;1200;0.9;;18.4;;
83718;31/03/2018;0000;;29.2;;0;
83718;31/03/2018;1200;0;;17.3;;
83718;01/04/2018;0000;;29.6;;0;
83718;01/04/2018;1200;0;;17.4;;
83718;02/04/2018;0000;;29.7;;0;
83718;02/04/2018;1200;0;;18.7;;
83718;03/04/2018;0000;;31.7;;0;
83718;03/04/2018;1200;0.3;;20.9;;
83718;04/04/2018;0000;;25.2;;0;
83718;04/04/2018;1200;65.9;;20.3;;
83718;05/04/2018;0000;;26.5;;0;
83718;05/04/2018;1200;2.5;;20.6;;
83718;06/04/2018;0000;;25.5;;0;
83718;06/04/2018;1200;0;;20.9;;
83718;07/04/2018;0000;;28.7;;0;
83718;07/04/2018;1200;1.2;;19.2;;
83718;08/04/2018;0000;;29.2;;0;
83718;08/04/2018;1200;44.1;;17.6;;
83718;09/04/2018;0000;;27.9;;0;
83718;09/04/2018;1200;0.5;;16.5;;
83718;10/04/2018;0000;;27.7;;0;
83718;10/04/2018;1200;0;;16;;
83718;11/04/2018;0000;;27.6;;0;
83718;11/04/2018;1200;0;;15.8;;
83718;12/04/2018;0000;;27.4;;0;
83718;12/04/2018;1200;0;;17.8;;
83718;13/04/2018;0000;;28;;0;
83718;13/04/2018;1200;0;;18.1;;
83718;14/04/2018;0000;;29;;0;
83718;14/04/2018;1200;0;;18.1;;
83718;15/04/2018;0000;;26.6;;0;
83718;15/04/2018;1200;26.3;;17.8;;
83718;16/04/2018;0000;;22.3;;0;
83718;16/04/2018;1200;3.9;;17.9;;
83718;17/04/2018;0000;;25;;0;
83718;17/04/2018;1200;0.5;;14.4;;
83718;18/04/2018;0000;;25.6;;0;
83718;18/04/2018;1200;0;;13.1;;
83718;19/04/2018;0000;;25.5;;0;
83718;19/04/2018;1200;0;;12.9;;
83718;20/04/2018;0000;;26.2;;0;
83718;20/04/2018;1200;0;;14.9;;
83718;21/04/2018;0000;;24.2;;0;
83718;21/04/2018;1200;0;;16.4;;
83718;22/04/2018;0000;;25.6;;0;
83718;22/04/2018;1200;0;;14.6;;
83718;23/04/2018;0000;;25.4;;0;
83718;23/04/2018;1200;0;;15.6;;
83718;24/04/2018;0000;;25.7;;0;
83718;24/04/2018;1200;0;;16.8;;
83718;25/04/2018;0000;;24.2;;0;
83718;25/04/2018;1200;0;;16.6;;
83718;26/04/2018;0000;;27.9;;0;
83718;26/04/2018;1200;0;;18.1;;
83718;27/04/2018;0000;;27.7;;0;
83718;27/04/2018;1200;0;;18.5;;
83718;28/04/2018;0000;;27.4;;0;
83718;28/04/2018;1200;0;;16.4;;
83718;29/04/2018;0000;;27.9;;0;
83718;29/04/2018;1200;0;;14.9;;
83718;30/04/2018;0000;;27.5;;0;
83718;30/04/2018;1200;0;;14.3;;
83718;01/05/2018;0000;;29;;0;
83718;01/05/2018;1200;0;;14.5;;
83718;02/05/2018;0000;;28.2;;0;
83718;02/05/2018;1200;0;;14.8;;
83718;03/05/2018;0000;;25.6;;0;
83718;03/05/2018;1200;0.2;;18.5;;
83718;04/05/2018;0000;;27;;0;
83718;04/05/2018;1200;0;;17.4;;
83718;05/05/2018;0000;;27.2;;0;
83718;05/05/2018;1200;0;;18.8;;
83718;06/05/2018;0000;;28.5;;0;
83718;06/05/2018;1200;0;;16.7;;
83718;07/05/2018;0000;;27.2;;0;
83718;07/05/2018;1200;0;;14.1;;
83718;08/05/2018;0000;;24.8;;0;
83718;08/05/2018;1200;0.9;;14.3;;
83718;09/05/2018;0000;;25.2;;0;
83718;09/05/2018;1200;2.2;;14.7;;
83718;10/05/2018;0000;;25.2;;0;
83718;10/05/2018;1200;0;;12.4;;
83718;11/05/2018;0000;;25.2;;0;
83718;11/05/2018;1200;0;;13.2;;
83718;12/05/2018;0000;;28.7;;0;
83718;12/05/2018;1200;0;;14.5;;
83718;13/05/2018;0000;;22.2;;0;
83718;13/05/2018;1200;2.8;;18.7;;
83718;14/05/2018;0000;;22.4;;0;
83718;14/05/2018;1200;1.4;;16.7;;
83718;15/05/2018;0000;;23.4;;0;
83718;15/05/2018;1200;0;;17.3;;
83718;16/05/2018;0000;;27.4;;0;
83718;16/05/2018;1200;1.6;;15.5;;
83718;17/05/2018;0000;;24.5;;0;
83718;17/05/2018;1200;0.7;;18.1;;
83718;18/05/2018;0000;;24.8;;0;
83718;18/05/2018;1200;0;;18;;
83718;19/05/2018;0000;;27.2;;0;
83718;19/05/2018;1200;0;;17.1;;
83718;20/05/2018;0000;;22.6;;0;
83718;20/05/2018;1200;8.2;;13.5;;
83718;21/05/2018;0000;;23.7;;0;
83718;21/05/2018;1200;0;;9.3;;
83718;22/05/2018;0000;;23.7;;0;
83718;22/05/2018;1200;0;;9.8;;
83718;23/05/2018;0000;;26;;0;
83718;23/05/2018;1200;0;;11.3;;
83718;24/05/2018;0000;;24.2;;0;
83718;24/05/2018;1200;0;;13.4;;
83718;25/05/2018;0000;;24.7;;0;
83718;25/05/2018;1200;0;;12.4;;
83718;26/05/2018;0000;;22.1;;0;
83718;26/05/2018;1200;0;;14.5;;
83718;27/05/2018;0000;;25.2;;0;
83718;27/05/2018;1200;0;;12.1;;
83718;28/05/2018;0000;;23.9;;0;
83718;28/05/2018;1200;0;;11.3;;
83718;29/05/2018;0000;;24;;0;
83718;29/05/2018;1200;0;;12.5;;
83718;30/05/2018;0000;;22.1;;0;
83718;30/05/2018;1200;0;;10.8;;
83718;31/05/2018;0000;;24.6;;0;
83718;31/05/2018;1200;0.7;;12.7;;
83718;01/06/2018;0000;;25.2;;0;
83718;01/06/2018;1200;0;;13.9;;
83718;02/06/2018;0000;;27.2;;0;
83718;02/06/2018;1200;0;;13.7;;
83718;03/06/2018;0000;;28.7;;0;
83718;03/06/2018;1200;0;;14.7;;
83718;04/06/2018;0000;;22.1;;0;
83718;04/06/2018;1200;0;;13.9;;
83718;05/06/2018;0000;;19.6;;0;
83718;05/06/2018;1200;1;;13.7;;
83718;06/06/2018;0000;;23.9;;0;
83718;06/06/2018;1200;4.7;;15.9;;
83718;07/06/2018;0000;;26.2;;0;
83718;07/06/2018;1200;2.3;;16.1;;
83718;08/06/2018;0000;;26.2;;0;
83718;08/06/2018;1200;0;;16.1;;
83718;09/06/2018;0000;;19.7;;0;
83718;09/06/2018;1200;0;;16.8;;
83718;10/06/2018;0000;;24.2;;0;
83718;10/06/2018;1200;0;;17.6;;
83718;11/06/2018;0000;;24.4;;0;
83718;11/06/2018;1200;0;;14.7;;
83718;12/06/2018;0000;;25.9;;0;
83718;12/06/2018;1200;0;;14.6;;
83718;13/06/2018;0000;;28.7;;0;
83718;13/06/2018;1200;0;;15.3;;
83718;14/06/2018;0000;;27;;0;
83718;14/06/2018;1200;0;;15.7;;
83718;15/06/2018;0000;;20.1;;0;
83718;15/06/2018;1200;0;;17.1;;
83718;16/06/2018;0000;;21.7;;0;
83718;16/06/2018;1200;0;;16.9;;
83718;17/06/2018;0000;;23.4;;0;
83718;17/06/2018;1200;0;;14.5;;
83718;18/06/2018;0000;;22.1;;0;
83718;18/06/2018;1200;0;;15.6;;
83718;19/06/2018;0000;;21.9;;0;
83718;19/06/2018;1200;0;;13;;
83718;20/06/2018;0000;;23.7;;0;
83718;20/06/2018;1200;0;;12.7;;
83718;21/06/2018;0000;;25.4;;0;
83718;21/06/2018;1200;0;;11.6;;
83718;22/06/2018;0000;;27.2;;0;
83718;22/06/2018;1200;0;;12.7;;
83718;23/06/2018;0000;;27.5;;0;
83718;23/06/2018;1200;0;;13.6;;
83718;24/06/2018;0000;;27.7;;0;
83718;24/06/2018;1200;0;;12.7;;
83718;25/06/2018;0000;;27;;0;
83718;25/06/2018;1200;0;;12.9;;
83718;26/06/2018;0000;;26.9;;0;
83718;26/06/2018;1200;0;;14.9;;
83718;27/06/2018;0000;;27.8;;0;
83718;27/06/2018;1200;0;;13.8;;
83718;28/06/2018;0000;;25.9;;0;
83718;28/06/2018;1200;0;;13.1;;
83718;29/06/2018;0000;;24.8;;0;
83718;29/06/2018;1200;0;;12.3;;
83718;30/06/2018;0000;;25;;0;
83718;30/06/2018;1200;0;;15.7;;
83718;01/07/2018;0000;;27.4;;0;
83718;01/07/2018;1200;0;;13.8;;
83718;02/07/2018;0000;;26.9;;0;
83718;02/07/2018;1200;0;;13.4;;
83718;03/07/2018;0000;;27.8;;0;
83718;03/07/2018;1200;0;;14.5;;
83718;04/07/2018;0000;;24.8;;0;
83718;04/07/2018;1200;0;;15.2;;
83718;05/07/2018;0000;;26.2;;0;
83718;05/07/2018;1200;0;;15.9;;
83718;06/07/2018;0000;;28;;0;
83718;06/07/2018;1200;0;;13.7;;
83718;07/07/2018;0000;;26.4;;0;
83718;07/07/2018;1200;0;;10.8;;
83718;08/07/2018;0000;;26.4;;0;
83718;08/07/2018;1200;0;;10.4;;
83718;09/07/2018;0000;;28.2;;0;
83718;09/07/2018;1200;0;;12.1;;
83718;10/07/2018;0000;;25.6;;0;
83718;10/07/2018;1200;0;;12.9;;
83718;11/07/2018;0000;;17.9;;0;
83718;11/07/2018;1200;18.1;;13;;
83718;12/07/2018;0000;;17.5;;0;
83718;12/07/2018;1200;0;;10.6;;
83718;13/07/2018;0000;;20.4;;0;
83718;13/07/2018;1200;0;;13.7;;
83718;14/07/2018;0000;;26;;0;
83718;14/07/2018;1200;0;;11.3;;
83718;15/07/2018;0000;;26.6;;0;
83718;15/07/2018;1200;0;;12.5;;
83718;16/07/2018;0000;;27.6;;0;
83718;16/07/2018;1200;0;;12;;
83718;17/07/2018;0000;;27.7;;0;
83718;17/07/2018;1200;0;;11.9;;
83718;18/07/2018;0000;;25;;0;
83718;18/07/2018;1200;0;;13.9;;
83718;19/07/2018;0000;;25.7;;0;
83718;19/07/2018;1200;0;;12.6;;
83718;20/07/2018;0000;;26.9;;0;
83718;20/07/2018;1200;0;;12.3;;
83718;21/07/2018;0000;;26.2;;0;
83718;21/07/2018;1200;0;;12.7;;
83718;22/07/2018;0000;;26.9;;0;
83718;22/07/2018;1200;0;;12.6;;
83718;23/07/2018;0000;;26.7;;0;
83718;23/07/2018;1200;0;;15.5;;
83718;24/07/2018;0000;;25.8;;0;
83718;24/07/2018;1200;0;;13.5;;
83718;25/07/2018;0000;;24.6;;0;
83718;25/07/2018;1200;0;;10.8;;
83718;26/07/2018;0000;;24.2;;0;
83718;26/07/2018;1200;0;;12.5;;
83718;27/07/2018;0000;;24.7;;0;
83718;27/07/2018;1200;0;;11.9;;
83718;28/07/2018;0000;;25.9;;0;
83718;28/07/2018;1200;0;;11.3;;
83718;29/07/2018;0000;;26.7;;0;
83718;29/07/2018;1200;0;;12.3;;
83718;30/07/2018;0000;;28.2;;0;
83718;30/07/2018;1200;0;;11.9;;
83718;31/07/2018;0000;;24.2;;0;
83718;31/07/2018;1200;0;;13.8;;
83718;01/08/2018;0000;;22.1;;0;
83718;01/08/2018;1200;0.8;;13.5;;
83718;02/08/2018;0000;;18.6;;0;
83718;02/08/2018;1200;12.9;;15.5;;
83718;03/08/2018;0000;;19.3;;0;
83718;03/08/2018;1200;0.8;;15.3;;
83718;04/08/2018;0000;;24.7;;0;
83718;04/08/2018;1200;10.7;;16.9;;
83718;05/08/2018;0000;;25.9;;0;
83718;05/08/2018;1200;0;;15.6;;
83718;06/08/2018;0000;;20.1;;0;
83718;06/08/2018;1200;0;;16.9;;
83718;07/08/2018;0000;;20.1;;0;
83718;07/08/2018;1200;29.5;;15.5;;
83718;08/08/2018;0000;;21.4;;0;
83718;08/08/2018;1200;0.5;;16.7;;
83718;09/08/2018;0000;;24.2;;0;
83718;09/08/2018;1200;0;;16.6;;
83718;10/08/2018;0000;;27.9;;0;
83718;10/08/2018;1200;0;;16.8;;
83718;11/08/2018;0000;;26.6;;0;
83718;11/08/2018;1200;0;;15.4;;
83718;12/08/2018;0000;;25;;0;
83718;12/08/2018;1200;0;;12.5;;
83718;13/08/2018;0000;;25;;0;
83718;13/08/2018;1200;0;;9.2;;
83718;14/08/2018;0000;;24.7;;0;
83718;14/08/2018;1200;0;;10;;
83718;15/08/2018;0000;;26.2;;0;
83718;15/08/2018;1200;0;;10.2;;
83718;16/08/2018;0000;;21.3;;0;
83718;16/08/2018;1200;0;;15.1;;
83718;17/08/2018;0000;;21.1;;0;
83718;17/08/2018;1200;0;;16.2;;
83718;18/08/2018;0000;;21.7;;0;
83718;18/08/2018;1200;15.7;;13.3;;
83718;19/08/2018;0000;;22.9;;0;
83718;19/08/2018;1200;0;;12.7;;
83718;20/08/2018;0000;;26.8;;0;
83718;20/08/2018;1200;0;;11.5;;
83718;21/08/2018;0000;;26.8;;0;
83718;21/08/2018;1200;0;;14.9;;
83718;22/08/2018;0000;;26.2;;0;
83718;22/08/2018;1200;0;;12.7;;
83718;23/08/2018;0000;;26;;0;
83718;23/08/2018;1200;0;;14.1;;
83718;24/08/2018;0000;;27;;0;
83718;24/08/2018;1200;0;;14.3;;
83718;25/08/2018;0000;;25.6;;0;
83718;25/08/2018;1200;0;;14.3;;
83718;26/08/2018;0000;;25.8;;0;
83718;26/08/2018;1200;0;;15.1;;
83718;27/08/2018;0000;;20.9;;0;
83718;27/08/2018;1200;0;;15.3;;
83718;28/08/2018;0000;;21.1;;0;
83718;28/08/2018;1200;0;;13.5;;
83718;29/08/2018;0000;;21.8;;0;
83718;29/08/2018;1200;0;;15.4;;
83718;30/08/2018;0000;;26.3;;0;
83718;30/08/2018;1200;0;;14.6;;
83718;31/08/2018;0000;;27.9;;0;
83718;31/08/2018;1200;0;;13.9;;
83718;01/09/2018;0000;;29.2;;0;
83718;01/09/2018;1200;0;;13.5;;
83718;02/09/2018;0000;;29.7;;0;
83718;02/09/2018;1200;0;;15.7;;
83718;03/09/2018;0000;;31;;0;
83718;03/09/2018;1200;0;;15.3;;
83718;04/09/2018;0000;;24.7;;0;
83718;04/09/2018;1200;2.7;;16.5;;
83718;05/09/2018;0000;;25.4;;0;
83718;05/09/2018;1200;0;;10.8;;
83718;06/09/2018;0000;;25;;0;
83718;06/09/2018;1200;0;;9.8;;
83718;07/09/2018;0000;;25;;0;
83718;07/09/2018;1200;0;;12.9;;
83718;08/09/2018;0000;;25.2;;0;
83718;08/09/2018;1200;0;;10.6;;
83718;09/09/2018;0000;;25.6;;0;
83718;09/09/2018;1200;0;;10.5;;
83718;10/09/2018;0000;;24.2;;0;
83718;10/09/2018;1200;0;;13.5;;
83718;11/09/2018;0000;;21.6;;0;
83718;11/09/2018;1200;0;;15.5;;
83718;12/09/2018;0000;;21.8;;0;
83718;12/09/2018;1200;0;;13.1;;
83718;13/09/2018;0000;;20.7;;0;
83718;13/09/2018;1200;0;;14.9;;
83718;14/09/2018;0000;;25.3;;0;
83718;14/09/2018;1200;0;;15.9;;
83718;15/09/2018;0000;;22.1;;0;
83718;15/09/2018;1200;21.5;;17.1;;
83718;16/09/2018;0000;;26;;0;
83718;16/09/2018;1200;10.2;;18;;
83718;17/09/2018;0000;;20.7;;0;
83718;17/09/2018;1200;0;;18.5;;
83718;18/09/2018;0000;;25.9;;0;
83718;18/09/2018;1200;17;;18.6;;
83718;19/09/2018;0000;;30.2;;0;
83718;19/09/2018;1200;5.5;;18.5;;
83718;20/09/2018;0000;;27.6;;0;
83718;20/09/2018;1200;0;;19.1;;
83718;21/09/2018;0000;;25.9;;0;
83718;21/09/2018;1200;6.6;;18.2;;
83718;22/09/2018;0000;;28.2;;0;
83718;22/09/2018;1200;2.1;;15.9;;
83718;23/09/2018;0000;;29.4;;0;
83718;23/09/2018;1200;0;;17.1;;
83718;24/09/2018;0000;;30.9;;0;
83718;24/09/2018;1200;0;;16.1;;
83718;25/09/2018;0000;;30.7;;0;
83718;25/09/2018;1200;0;;15.9;;
83718;26/09/2018;0000;;29.2;;0;
83718;26/09/2018;1200;0;;16.4;;
83718;27/09/2018;0000;;31.5;;0;
83718;27/09/2018;1200;0;;16.6;;
83718;28/09/2018;0000;;29.7;;0;
83718;28/09/2018;1200;15.5;;18.3;;
83718;29/09/2018;0000;;26.2;;0;
83718;29/09/2018;1200;1.9;;19.9;;
83718;30/09/2018;0000;;25.5;;0;
83718;30/09/2018;1200;0.8;;19.6;;
83718;01/10/2018;0000;;27.2;;0;
83718;01/10/2018;1200;0;;19.6;;
83718;02/10/2018;0000;;31.6;;0;
83718;02/10/2018;1200;0;;19.1;;
83718;03/10/2018;0000;;33;;0;
83718;03/10/2018;1200;0;;18.1;;
83718;04/10/2018;0000;;31.2;;0;
83718;04/10/2018;1200;0;;19.9;;
83718;05/10/2018;0000;;25.7;;0;
83718;05/10/2018;1200;27.8;;18.5;;
83718;06/10/2018;0000;;20.1;;0;
83718;06/10/2018;1200;0;;15.9;;
83718;07/10/2018;0000;;20.8;;0;
83718;07/10/2018;1200;1;;16.6;;
83718;08/10/2018;0000;;26.2;;0;
83718;08/10/2018;1200;0.7;;17.7;;
83718;09/10/2018;0000;;27.8;;0;
83718;09/10/2018;1200;0;;18.9;;
83718;10/10/2018;0000;;32.2;;0;
83718;10/10/2018;1200;0;;19.6;;
83718;11/10/2018;0000;;26.2;;0;
83718;11/10/2018;1200;2.6;;20.7;;
83718;12/10/2018;0000;;25.7;;0;
83718;12/10/2018;1200;4.7;;20.3;;
83718;13/10/2018;0000;;31.7;;0;
83718;13/10/2018;1200;0;;18.3;;
83718;14/10/2018;0000;;30;;0;
83718;14/10/2018;1200;15.4;;20.1;;
83718;15/10/2018;0000;;23.1;;0;
83718;15/10/2018;1200;2.8;;18.9;;
83718;16/10/2018;0000;;22.1;;0;
83718;16/10/2018;1200;4.4;;18.3;;
83718;17/10/2018;0000;;24.8;;0;
83718;17/10/2018;1200;0;;19;;
83718;18/10/2018;0000;;25;;0;
83718;18/10/2018;1200;6.4;;20.5;;
83718;19/10/2018;0000;;29.7;;0;
83718;19/10/2018;1200;3.8;;20.7;;
83718;20/10/2018;0000;;24.9;;0;
83718;20/10/2018;1200;0;;18.3;;
83718;21/10/2018;0000;;24.5;;0;
83718;21/10/2018;1200;0;;10.8;;
83718;22/10/2018;0000;;23.7;;0;
83718;22/10/2018;1200;0;;12.5;;
83718;23/10/2018;0000;;31.2;;0;
83718;23/10/2018;1200;0;;13.9;;
83718;24/10/2018;0000;;29.4;;0;
83718;24/10/2018;1200;0;;17.7;;
83718;25/10/2018;0000;;21.7;;0;
83718;25/10/2018;1200;3.1;;18.1;;
83718;26/10/2018;0000;;23.9;;0;
83718;26/10/2018;1200;11.9;;18;;
83718;27/10/2018;0000;;29.8;;0;
83718;27/10/2018;1200;2.9;;19.6;;
83718;28/10/2018;0000;;26.5;;0;
83718;28/10/2018;1200;1.6;;18.3;;
83718;29/10/2018;0000;;21.6;;0;
83718;29/10/2018;1200;0;;14.9;;
83718;30/10/2018;0000;;24.7;;0;
83718;30/10/2018;1200;0.5;;16.3;;
83718;31/10/2018;0000;;29.2;;0;
83718;31/10/2018;1200;1.5;;19;;
83718;01/11/2018;0000;;31.8;;0;
83718;01/11/2018;1200;0;;19.7;;
83718;02/11/2018;0000;;26.5;;0;
83718;02/11/2018;1200;5.8;;17.5;;
83718;03/11/2018;0000;;29.8;;0;
83718;03/11/2018;1200;0;;19;;
83718;04/11/2018;0000;;31.4;;0;
83718;04/11/2018;1200;0;;20.8;;
83718;05/11/2018;0000;;22.5;;0;
83718;05/11/2018;1200;2.9;;18.5;;
83718;06/11/2018;0000;;25.2;;0;
83718;06/11/2018;1200;0;;17.7;;
83718;07/11/2018;0000;;28.9;;0;
83718;07/11/2018;1200;0;;19.7;;
83718;08/11/2018;0000;;20.8;;0;
83718;08/11/2018;1200;42;;18.1;;
83718;09/11/2018;0000;;22.6;;0;
83718;09/11/2018;1200;13.5;;16.7;;
83718;10/11/2018;0000;;25.6;;0;
83718;10/11/2018;1200;11.2;;17.5;;
83718;11/11/2018;0000;;27.7;;0;
83718;11/11/2018;1200;0.4;;18.7;;
83718;12/11/2018;0000;;28.9;;0;
83718;12/11/2018;1200;0;;19.7;;
83718;13/11/2018;0000;;29.6;;0;
83718;13/11/2018;1200;0;;19.9;;
83718;14/11/2018;0000;;31.6;;0;
83718;14/11/2018;1200;0.9;;21.1;;
83718;15/11/2018;0000;;31.2;;0;
83718;15/11/2018;1200;0;;19.9;;
83718;16/11/2018;0000;;28.2;;0;
83718;16/11/2018;1200;28.3;;20.5;;
83718;17/11/2018;0000;;26.2;;0;
83718;17/11/2018;1200;6.6;;18.3;;
83718;18/11/2018;0000;;28;;0;
83718;18/11/2018;1200;0;;20.7;;
83718;19/11/2018;0000;;26.4;;0;
83718;19/11/2018;1200;0;;19.3;;
83718;20/11/2018;0000;;19.5;;0;
83718;20/11/2018;1200;23.7;;17.7;;
83718;21/11/2018;0000;;21.9;;0;
83718;21/11/2018;1200;21.3;;17.7;;
83718;22/11/2018;0000;;26.2;;0;
83718;22/11/2018;1200;1.1;;16.8;;
83718;23/11/2018;0000;;28.2;;0;
83718;23/11/2018;1200;0;;17.7;;
83718;24/11/2018;0000;;27.4;;0;
83718;24/11/2018;1200;0.5;;18.3;;
83718;25/11/2018;0000;;29.4;;0;
83718;25/11/2018;1200;0;;19.7;;
83718;26/11/2018;0000;;29.2;;0;
83718;26/11/2018;1200;12.2;;17.7;;
83718;27/11/2018;0000;;29;;0;
83718;27/11/2018;1200;0.5;;17.3;;
83718;28/11/2018;0000;;29.2;;0;
83718;28/11/2018;1200;4.5;;17.3;;
83718;29/11/2018;0000;;29.8;;0;
83718;29/11/2018;1200;0;;17.9;;
83718;30/11/2018;0000;;30.7;;0;
83718;30/11/2018;1200;0;;18;;
83718;01/12/2018;0000;;25.6;;0;
83718;01/12/2018;1200;12.5;;19.7;;
83718;02/12/2018;0000;;27.6;;0;
83718;02/12/2018;1200;0.4;;20.9;;
83718;03/12/2018;0000;;25.7;;0;
83718;03/12/2018;1200;20.9;;19.3;;
83718;04/12/2018;0000;;26;;0;
83718;04/12/2018;1200;2.7;;17.9;;
83718;05/12/2018;0000;;31.2;;0;
83718;05/12/2018;1200;0;;19.7;;
83718;06/12/2018;0000;;29.4;;0;
83718;06/12/2018;1200;4;;17.9;;
83718;07/12/2018;0000;;24.2;;0;
83718;07/12/2018;1200;0;;18.7;;
83718;08/12/2018;0000;;24.4;;0;
83718;08/12/2018;1200;23.8;;17.3;;
83718;09/12/2018;0000;;24.9;;0;
83718;09/12/2018;1200;0;;11.3;;
83718;10/12/2018;0000;;26.7;;0;
83718;10/12/2018;1200;0;;13.5;;
83718;11/12/2018;0000;;31.2;;0;
83718;11/12/2018;1200;0;;16.1;;
83718;12/12/2018;0000;;31.6;;0;
83718;12/12/2018;1200;0;;18.1;;
83718;13/12/2018;0000;;32.7;;0;
83718;13/12/2018;1200;0;;18.7;;
83718;14/12/2018;0000;;33.2;;0;
83718;14/12/2018;1200;0;;19.1;;
83718;15/12/2018;0000;;34.2;;0;
83718;15/12/2018;1200;0;;19.6;;
83718;16/12/2018;0000;;31.7;;0;
83718;16/12/2018;1200;0;;19.8;;
83718;17/12/2018;0000;;31.7;;0;
83718;17/12/2018;1200;0;;18.1;;
83718;18/12/2018;0000;;33.2;;0;
83718;18/12/2018;1200;0;;19.3;;
83718;19/12/2018;0000;;34.7;;0;
83718;19/12/2018;1200;0;;20.7;;
83718;20/12/2018;0000;;33.7;;0;
83718;20/12/2018;1200;3.3;;20.7;;
83718;21/12/2018;0000;;32.2;;0;
83718;21/12/2018;1200;0;;21.4;;
83718;22/12/2018;0000;;34.9;;0;
83718;22/12/2018;1200;0.4;;18.7;;
83718;23/12/2018;0000;;34.2;;0;
83718;23/12/2018;1200;0;;20.3;;
83718;24/12/2018;0000;;30.6;;0;
83718;24/12/2018;1200;0;;20.9;;
83718;25/12/2018;0000;;26.8;;0;
83718;25/12/2018;1200;42.4;;20.1;;
83718;26/12/2018;0000;;23.8;;0;
83718;26/12/2018;1200;3.7;;19.4;;
83718;27/12/2018;0000;;22.9;;0;
83718;27/12/2018;1200;31.7;;18.9;;
83718;28/12/2018;0000;;29.2;;0;
83718;28/12/2018;1200;5;;20.3;;
83718;29/12/2018;0000;;30.7;;0;
83718;29/12/2018;1200;13.8;;19.4;;
83718;30/12/2018;0000;;30.2;;0;
83718;30/12/2018;1200;4.5;;19.1;;
83718;31/12/2018;0000;;31.2;;0;
83718;31/12/2018;1200;0;;19.3;;
83718;31/01/2019;0000;;35.2;;0;
83718;31/01/2019;1200;0;;19.1;;
83718;01/02/2019;0000;;35.2;;0;
83718;01/02/2019;1200;0;;19.7;;
83718;02/02/2019;0000;;35.2;;0;
83718;02/02/2019;1200;0;;19.3;;
83718;03/02/2019;0000;;36.5;;0;
83718;03/02/2019;1200;0;;20.4;;
83718;04/02/2019;0000;;27.2;;0;
83718;04/02/2019;1200;6;;19.3;;
83718;05/02/2019;0000;;27.2;;0;
83718;05/02/2019;1200;5.2;;19.7;;
83718;06/02/2019;0000;;24.2;;0;
83718;06/02/2019;1200;4.7;;18.7;;
83718;07/02/2019;0000;;25.2;;0;
83718;07/02/2019;1200;30.8;;19.5;;
83718;08/02/2019;0000;;31.2;;0;
83718;08/02/2019;1200;10.5;;20.1;;
83718;09/02/2019;0000;;32;;0;
83718;09/02/2019;1200;0;;18.5;;
83718;10/02/2019;0000;;32.7;;0;
83718;10/02/2019;1200;0;;19.7;;
83718;11/02/2019;0000;;32.2;;0;
83718;11/02/2019;1200;0;;20.4;;
83718;12/02/2019;0000;;32.9;;0;
83718;12/02/2019;1200;0;;19.9;;
83718;13/02/2019;0000;;27.2;;0;
83718;13/02/2019;1200;2.2;;19.7;;
83718;14/02/2019;0000;;25.7;;0;
83718;14/02/2019;1200;8.3;;16.9;;
83718;15/02/2019;0000;;25.6;;0;
83718;15/02/2019;1200;0;;19.1;;
83718;16/02/2019;0000;;24.8;;0;
83718;16/02/2019;1200;0.4;;20.7;;
83718;17/02/2019;0000;;29.4;;0;
83718;17/02/2019;1200;11.4;;20.7;;
83718;18/02/2019;0000;;30.8;;0;
83718;18/02/2019;1200;1.6;;21.3;;
83718;19/02/2019;0000;;31.4;;0;
83718;19/02/2019;1200;29;;20.7;;
83718;20/02/2019;0000;;34;;0;
83718;20/02/2019;1200;0;;21.4;;
83718;21/02/2019;0000;;29;;0;
83718;21/02/2019;1200;3.4;;20.7;;
83718;22/02/2019;0000;;33.2;;0;
83718;22/02/2019;1200;0;;19.7;;
83718;23/02/2019;0000;;33.8;;0;
83718;23/02/2019;1200;0;;21.3;;
83718;24/02/2019;0000;;34.7;;0;
83718;24/02/2019;1200;0;;21.3;;
83718;25/02/2019;0000;;35.6;;0;
83718;25/02/2019;1200;0;;21.5;;
83718;26/02/2019;0000;;34.4;;0;
83718;26/02/2019;1200;0;;20.5;;
83718;27/02/2019;0000;;31.4;;0;
83718;27/02/2019;1200;22;;20.3;;
83718;28/02/2019;0000;;31.4;;0;
83718;28/02/2019;1200;0;;21.7;;
83718;01/03/2019;0000;;31.9;;0;
83718;01/03/2019;1200;4;;20.1;;
83718;02/03/2019;0000;;30.2;;0;
83718;02/03/2019;1200;7.5;;21.1;;
83718;03/03/2019;0000;;29.8;;0;
83718;03/03/2019;1200;0;;19.7;;
83718;04/03/2019;0000;;30.8;;0;
83718;04/03/2019;1200;1.9;;20.7;;
83718;05/03/2019;0000;;31.6;;0;
83718;05/03/2019;1200;0;;17.4;;
83718;06/03/2019;0000;;31.5;;0;
83718;06/03/2019;1200;0;;20.8;;
83718;07/03/2019;0000;;31.7;;0;
83718;07/03/2019;1200;0.4;;20.3;;
83718;08/03/2019;0000;;31.9;;0;
83718;08/03/2019;1200;0;;20.1;;
83718;09/03/2019;0000;;33.6;;0;
83718;09/03/2019;1200;0;;20.7;;
83718;10/03/2019;0000;;34.2;;0;
83718;10/03/2019;1200;0;;21.5;;
83718;11/03/2019;0000;;30.2;;0;
83718;11/03/2019;1200;20;;20.7;;
83718;12/03/2019;0000;;31.2;;0;
83718;12/03/2019;1200;21.1;;20.3;;
83718;13/03/2019;0000;;32.2;;0;
83718;13/03/2019;1200;0;;20.4;;
83718;14/03/2019;0000;;31.7;;0;
83718;14/03/2019;1200;0;;21.5;;
83718;15/03/2019;0000;;31.8;;0;
83718;15/03/2019;1200;0;;20.3;;
83718;16/03/2019;0000;;31.2;;0;
83718;16/03/2019;1200;1.5;;21.3;;
83718;17/03/2019;0000;;31.2;;0;
83718;17/03/2019;1200;0;;20.9;;
83718;18/03/2019;0000;;32;;0;
83718;18/03/2019;1200;0;;22.1;;
83718;19/03/2019;0000;;31.8;;0;
83718;19/03/2019;1200;5.2;;21.6;;
83718;20/03/2019;0000;;28.5;;0;
83718;20/03/2019;1200;28.8;;20.3;;
83718;21/03/2019;0000;;25.7;;0;
83718;21/03/2019;1200;6.1;;18.7;;
83718;22/03/2019;0000;;24.4;;0;
83718;22/03/2019;1200;8.2;;18.5;;
83718;23/03/2019;0000;;26.9;;0;
83718;23/03/2019;1200;0;;17.7;;
83718;24/03/2019;0000;;28;;0;
83718;24/03/2019;1200;0.6;;18.7;;
83718;25/03/2019;0000;;29.7;;0;
83718;25/03/2019;1200;0;;18.9;;
83718;26/03/2019;0000;;31.2;;0;
83718;26/03/2019;1200;0;;18.8;;
83718;27/03/2019;0000;;29.2;;0;
83718;27/03/2019;1200;0;;14.7;;
83718;28/03/2019;0000;;29;;0;
83718;28/03/2019;1200;2.8;;18.7;;
83718;29/03/2019;0000;;24.9;;0;
83718;29/03/2019;1200;2;;17.7;;
83718;30/03/2019;0000;;28.4;;0;
83718;30/03/2019;1200;1.3;;15.6;;

		
	
[Fechar] <#>
	
		

