--------------------
BDMEP - INMET
--------------------
Estação           : CURVELO - MG (OMM: 83536)
Latitude  (graus) : -18.75
Longitude (graus) : -44.45
Altitude  (metros): 672.00
Estação Operante
Inicio de operação: 03/09/1912
Periodo solicitado dos dados: 01/01/2018 a 30/03/2019
Os dados listados abaixo são os que encontram-se digitados no BDMEP
Hora em UTC
--------------------
Obs.: Os dados aparecem separados por ; (ponto e vírgula) no formato txt.
      Para o formato planilha XLS, siga as instruções <http://www.inmet.gov.br/projetos/rede/pesquisa/instrucao.html>
--------------------
Estacao;Data;Hora;Precipitacao;TempMaxima;TempMinima;Velocidade do Vento Media;
83536;01/01/2018;0000;;;;1.333333;
83536;01/01/2018;1200;10.2;;22.4;;
83536;02/01/2018;0000;;;;3;
83536;02/01/2018;1200;5.2;;20.2;;
83536;03/01/2018;0000;;;;0.666667;
83536;03/01/2018;1200;26.2;;20.8;;
83536;04/01/2018;0000;;;;3;
83536;04/01/2018;1200;4.2;;21.4;;
83536;05/01/2018;0000;;;;0.666667;
83536;05/01/2018;1200;3.8;;20;;
83536;06/01/2018;0000;;;;1;
83536;06/01/2018;1200;34;;20;;
83536;07/01/2018;0000;;;;0.666667;
83536;07/01/2018;1200;17.6;;21;;
83536;08/01/2018;0000;;;;1.666667;
83536;08/01/2018;1200;2;;20.4;;
83536;09/01/2018;0000;;;;1.666667;
83536;09/01/2018;1200;0;;18.2;;
83536;10/01/2018;0000;;;;3.666667;
83536;10/01/2018;1200;0;;21.6;;
83536;11/01/2018;0000;;;;2.333333;
83536;11/01/2018;1200;0;;19.4;;
83536;12/01/2018;0000;;;;0.666667;
83536;12/01/2018;1200;0;;19.6;;
83536;13/01/2018;0000;;;;0.666667;
83536;13/01/2018;1200;0;;19.2;;
83536;14/01/2018;0000;;;;2.333333;
83536;14/01/2018;1200;0;;22;;
83536;15/01/2018;0000;;;;2.333333;
83536;15/01/2018;1200;2;;20.2;;
83536;16/01/2018;0000;;;;1.666667;
83536;16/01/2018;1200;0;;20.6;;
83536;17/01/2018;0000;;;;2.333333;
83536;17/01/2018;1200;0;;19.2;;
83536;18/01/2018;0000;;;;1.333333;
83536;18/01/2018;1200;0;;18;;
83536;19/01/2018;0000;;;;1.333333;
83536;19/01/2018;1200;0;;19.2;;
83536;20/01/2018;0000;;;;1.666667;
83536;20/01/2018;1200;0;;19.2;;
83536;21/01/2018;0000;;;;1.666667;
83536;21/01/2018;1200;0;;18.1;;
83536;22/01/2018;0000;;;;2.666667;
83536;22/01/2018;1200;0;;18.4;;
83536;23/01/2018;0000;;;;1;
83536;23/01/2018;1200;0;;22.2;;
83536;24/01/2018;0000;;;;1.666667;
83536;24/01/2018;1200;0;;21.6;;
83536;25/01/2018;0000;;;;1.333333;
83536;25/01/2018;1200;1.4;;21.8;;
83536;26/01/2018;0000;;;;1.333333;
83536;26/01/2018;1200;0;;19.2;;
83536;27/01/2018;0000;;;;3.333333;
83536;27/01/2018;1200;0;;22;;
83536;28/01/2018;0000;;;;2;
83536;28/01/2018;1200;0;;20.4;;
83536;29/01/2018;0000;;;;0.666667;
83536;29/01/2018;1200;0;;22;;
83536;30/01/2018;0000;;;;0.666667;
83536;30/01/2018;1200;47.2;;22.3;;
83536;31/01/2018;0000;;;;1;
83536;31/01/2018;1200;15.2;;20.2;;
83536;01/02/2018;0000;;;;2.333333;
83536;01/02/2018;1200;55.6;;20.2;;
83536;02/02/2018;0000;;;;0.666667;
83536;02/02/2018;1200;29;;21.2;;
83536;03/02/2018;0000;;;;1;
83536;03/02/2018;1200;63.6;;20;;
83536;04/02/2018;0000;;;;1.333333;
83536;04/02/2018;1200;9.4;;19;;
83536;05/02/2018;0000;;;;1;
83536;05/02/2018;1200;12.8;;20;;
83536;06/02/2018;0000;;;;0.666667;
83536;06/02/2018;1200;2;;20;;
83536;07/02/2018;0000;;;;0.666667;
83536;07/02/2018;1200;0;;20;;
83536;08/02/2018;0000;;;;0.666667;
83536;08/02/2018;1200;0;;18.4;;
83536;09/02/2018;0000;;;;1.666667;
83536;09/02/2018;1200;0;;20;;
83536;10/02/2018;0000;;;;1.333333;
83536;10/02/2018;1200;0.4;;22.4;;
83536;11/02/2018;0000;;;;2.333333;
83536;11/02/2018;1200;5.4;;20.4;;
83536;12/02/2018;0000;;;;2;
83536;12/02/2018;1200;0;;18.2;;
83536;13/02/2018;0000;;;;2.666667;
83536;13/02/2018;1200;0;;17.2;;
83536;14/02/2018;0000;;;;1.666667;
83536;14/02/2018;1200;0;;19.4;;
83536;15/02/2018;0000;;;;2.333333;
83536;15/02/2018;1200;0;;18.4;;
83536;16/02/2018;0000;;;;2.333333;
83536;16/02/2018;1200;0;;18.4;;
83536;17/02/2018;0000;;;;3;
83536;17/02/2018;1200;0;;18.2;;
83536;18/02/2018;0000;;;;1.666667;
83536;18/02/2018;1200;0;;19;;
83536;19/02/2018;0000;;;;2;
83536;19/02/2018;1200;0;;21.6;;
83536;20/02/2018;0000;;;;1.333333;
83536;20/02/2018;1200;3.6;;21.8;;
83536;21/02/2018;0000;;;;2;
83536;21/02/2018;1200;0;;22;;
83536;22/02/2018;0000;;;;0.666667;
83536;22/02/2018;1200;10.6;;20.4;;
83536;23/02/2018;0000;;;;0.666667;
83536;23/02/2018;1200;59.6;;19.6;;
83536;24/02/2018;0000;;;;0.666667;
83536;24/02/2018;1200;1.6;;20.5;;
83536;25/02/2018;0000;;;;2.333333;
83536;25/02/2018;1200;20.6;;20;;
83536;26/02/2018;0000;;;;2.333333;
83536;26/02/2018;1200;0;;20.4;;
83536;27/02/2018;0000;;;;0.666667;
83536;27/02/2018;1200;0;;19.8;;
83536;28/02/2018;0000;;;;0.666667;
83536;28/02/2018;1200;0;;21.6;;
83536;01/03/2018;0000;;;;0.666667;
83536;01/03/2018;1200;70.4;;21.4;;
83536;02/03/2018;0000;;;;1.666667;
83536;02/03/2018;1200;0;;23.3;;
83536;03/03/2018;0000;;;;0.666667;
83536;03/03/2018;1200;0;;22;;
83536;04/03/2018;0000;;;;2.333333;
83536;04/03/2018;1200;0;;22.2;;
83536;05/03/2018;0000;;;;1;
83536;05/03/2018;1200;0;;22.4;;
83536;06/03/2018;0000;;;;1;
83536;06/03/2018;1200;0;;22.2;;
83536;07/03/2018;0000;;;;1;
83536;07/03/2018;1200;0;;21;;
83536;08/03/2018;0000;;;;1;
83536;08/03/2018;1200;27.8;;21.2;;
83536;09/03/2018;0000;;;;1.666667;
83536;09/03/2018;1200;0;;22.2;;
83536;10/03/2018;0000;;;;1;
83536;10/03/2018;1200;0.4;;22.2;;
83536;11/03/2018;0000;;;;1.666667;
83536;11/03/2018;1200;54.2;;20.4;;
83536;12/03/2018;0000;;;;1.666667;
83536;12/03/2018;1200;1.2;;21.4;;
83536;13/03/2018;0000;;;;0.666667;
83536;13/03/2018;1200;0;;18.4;;
83536;14/03/2018;0000;;;;1.666667;
83536;14/03/2018;1200;0;;20.8;;
83536;15/03/2018;0000;;;;0.666667;
83536;15/03/2018;1200;0;;21;;
83536;16/03/2018;0000;;;;1;
83536;16/03/2018;1200;0;;22.8;;
83536;17/03/2018;0000;;;;2.666667;
83536;17/03/2018;1200;0;;20.6;;
83536;18/03/2018;0000;;;;1;
83536;18/03/2018;1200;1.2;;19.2;;
83536;19/03/2018;0000;;;;2.333333;
83536;19/03/2018;1200;0;;19.6;;
83536;20/03/2018;0000;;;;0.666667;
83536;20/03/2018;1200;0;;20;;
83536;21/03/2018;0000;;;;2.333333;
83536;21/03/2018;1200;0;;19.4;;
83536;22/03/2018;0000;;;;1;
83536;22/03/2018;1200;21.2;;19.4;;
83536;23/03/2018;0000;;;;1.666667;
83536;23/03/2018;1200;0;;20;;
83536;24/03/2018;0000;;;;1.666667;
83536;24/03/2018;1200;4.4;;19.6;;
83536;25/03/2018;0000;;;;3;
83536;25/03/2018;1200;0;;19.4;;
83536;26/03/2018;0000;;;;0.666667;
83536;26/03/2018;1200;0.4;;18.4;;
83536;27/03/2018;0000;;;;1.666667;
83536;27/03/2018;1200;0;;16.8;;
83536;28/03/2018;0000;;;;1.333333;
83536;28/03/2018;1200;0;;16.8;;
83536;29/03/2018;0000;;;;1.666667;
83536;29/03/2018;1200;0;;17.8;;
83536;30/03/2018;0000;;;;1.333333;
83536;30/03/2018;1200;0;;17;;
83536;31/03/2018;0000;;;;2.333333;
83536;31/03/2018;1200;0;;17;;
83536;01/04/2018;0000;;;;2;
83536;01/04/2018;1200;0;;17;;
83536;02/04/2018;0000;;;;0.666667;
83536;02/04/2018;1200;0;;19;;
83536;03/04/2018;0000;;;;0.333333;
83536;03/04/2018;1200;0;;20;;
83536;04/04/2018;0000;;;;1;
83536;04/04/2018;1200;0;;21;;
83536;05/04/2018;0000;;;;1.333333;
83536;05/04/2018;1200;0;;21;;
83536;06/04/2018;0000;;;;1;
83536;06/04/2018;1200;38.4;;20.2;;
83536;07/04/2018;0000;;;;1;
83536;07/04/2018;1200;0;;20.2;;
83536;08/04/2018;0000;;;;3;
83536;08/04/2018;1200;0;;19.2;;
83536;09/04/2018;0000;;;;1.333333;
83536;09/04/2018;1200;0;;18;;
83536;10/04/2018;0000;;;;2.333333;
83536;10/04/2018;1200;0;;17.6;;
83536;11/04/2018;0000;;;;1;
83536;11/04/2018;1200;0;;16.4;;
83536;12/04/2018;0000;;;;2;
83536;12/04/2018;1200;5;;17.8;;
83536;13/04/2018;0000;;;;0.666667;
83536;13/04/2018;1200;0;;17.8;;
83536;14/04/2018;0000;;;;1.666667;
83536;14/04/2018;1200;0;;18.2;;
83536;15/04/2018;0000;;;;1.333333;
83536;15/04/2018;1200;0;;20.1;;
83536;16/04/2018;0000;;;;3;
83536;16/04/2018;1200;2.1;;19;;
83536;17/04/2018;0000;;;;2;
83536;17/04/2018;1200;0;;18.6;;
83536;18/04/2018;0000;;;;3;
83536;18/04/2018;1200;0;;16.4;;
83536;19/04/2018;0000;;;;0.666667;
83536;19/04/2018;1200;0;;15.4;;
83536;20/04/2018;0000;;;;0.666667;
83536;20/04/2018;1200;0;;15;;
83536;21/04/2018;0000;;;;2;
83536;21/04/2018;1200;0;;15.6;;
83536;22/04/2018;0000;;;;2.333333;
83536;22/04/2018;1200;0;;18;;
83536;23/04/2018;0000;;;;1.333333;
83536;23/04/2018;1200;0;;14.8;;
83536;24/04/2018;0000;;;;1.666667;
83536;24/04/2018;1200;0;;15.4;;
83536;25/04/2018;0000;;;;2.333333;
83536;25/04/2018;1200;0;;16.4;;
83536;26/04/2018;0000;;;;1;
83536;26/04/2018;1200;0;;16.6;;
83536;27/04/2018;0000;;;;2;
83536;27/04/2018;1200;0;;16.2;;
83536;28/04/2018;0000;;;;1.666667;
83536;28/04/2018;1200;0;;16.4;;
83536;29/04/2018;0000;;;;0;
83536;29/04/2018;1200;0;;15.2;;
83536;30/04/2018;0000;;;;0.666667;
83536;30/04/2018;1200;0;;14.6;;
83536;01/05/2018;0000;;;;1.666667;
83536;01/05/2018;1200;0;;13.4;;
83536;02/05/2018;0000;;;;1;
83536;02/05/2018;1200;0;;13.8;;
83536;03/05/2018;0000;;;;0.666667;
83536;03/05/2018;1200;0;;15;;
83536;04/05/2018;0000;;;;1.666667;
83536;04/05/2018;1200;0;;15.2;;
83536;05/05/2018;0000;;;;2;
83536;05/05/2018;1200;0;;15.2;;
83536;06/05/2018;0000;;;;1.666667;
83536;06/05/2018;1200;0;;15.2;;
83536;07/05/2018;0000;;;;0.666667;
83536;07/05/2018;1200;0;;16;;
83536;08/05/2018;0000;;;;1.666667;
83536;08/05/2018;1200;0;;15.6;;
83536;09/05/2018;0000;;;;0.666667;
83536;09/05/2018;1200;0;;16.4;;
83536;10/05/2018;0000;;;;1;
83536;10/05/2018;1200;0;;14.2;;
83536;11/05/2018;0000;;;;1;
83536;11/05/2018;1200;0;;14.6;;
83536;12/05/2018;0000;;;;1;
83536;12/05/2018;1200;0;;14.2;;
83536;13/05/2018;0000;;;;1;
83536;13/05/2018;1200;0;;15.4;;
83536;14/05/2018;0000;;;;1.666667;
83536;14/05/2018;1200;0;;16.2;;
83536;15/05/2018;0000;;;;0.666667;
83536;15/05/2018;1200;0;;15.4;;
83536;16/05/2018;0000;;;;0.666667;
83536;16/05/2018;1200;0;;15.2;;
83536;17/05/2018;0000;;;;0.666667;
83536;17/05/2018;1200;0;;16.4;;
83536;18/05/2018;0000;;;;1.666667;
83536;18/05/2018;1200;0;;18;;
83536;19/05/2018;0000;;;;1;
83536;19/05/2018;1200;0;;16.8;;
83536;20/05/2018;0000;;;;2;
83536;20/05/2018;1200;17.3;;14.4;;
83536;21/05/2018;0000;;;;0.666667;
83536;21/05/2018;1200;0;;7.8;;
83536;22/05/2018;0000;;;;0;
83536;22/05/2018;1200;0;;8;;
83536;23/05/2018;0000;;;;0.333333;
83536;23/05/2018;1200;0;;11.8;;
83536;24/05/2018;0000;;;;2.333333;
83536;24/05/2018;1200;0;;15.4;;
83536;25/05/2018;0000;;;;0.666667;
83536;25/05/2018;1200;0;;15.6;;
83536;26/05/2018;0000;;;;2.333333;
83536;26/05/2018;1200;0;;14;;
83536;27/05/2018;0000;;;;1.333333;
83536;27/05/2018;1200;0;;12.8;;
83536;28/05/2018;0000;;;;3;
83536;28/05/2018;1200;0;;12.2;;
83536;29/05/2018;0000;;;;1.333333;
83536;29/05/2018;1200;0;;12;;
83536;30/05/2018;0000;;;;1.666667;
83536;30/05/2018;1200;0;;12;;
83536;31/05/2018;0000;;;;1;
83536;31/05/2018;1200;0;;11.2;;
83536;01/06/2018;0000;;;;0.666667;
83536;01/06/2018;1200;0;;12.6;;
83536;02/06/2018;0000;;;;0.333333;
83536;02/06/2018;1200;0;;12.6;;
83536;03/06/2018;0000;;;;1;
83536;03/06/2018;1200;0;;18.5;;
83536;04/06/2018;0000;;;;1.666667;
83536;04/06/2018;1200;0;;14.8;;
83536;05/06/2018;0000;;;;1;
83536;05/06/2018;1200;0;;14;;
83536;06/06/2018;0000;;;;1;
83536;06/06/2018;1200;0;;14;;
83536;07/06/2018;0000;;;;0.666667;
83536;07/06/2018;1200;0;;14.8;;
83536;08/06/2018;0000;;;;1.666667;
83536;08/06/2018;1200;0;;16.8;;
83536;09/06/2018;0000;;;;1.666667;
83536;09/06/2018;1200;0;;16.6;;
83536;10/06/2018;0000;;;;2.333333;
83536;10/06/2018;1200;0;;16.6;;
83536;11/06/2018;0000;;;;0.333333;
83536;11/06/2018;1200;0;;15;;
83536;12/06/2018;0000;;;;1;
83536;12/06/2018;1200;0;;13.4;;
83536;13/06/2018;0000;;;;1.666667;
83536;13/06/2018;1200;0;;15;;
83536;14/06/2018;0000;;;;0.666667;
83536;14/06/2018;1200;0;;14.4;;
83536;15/06/2018;0000;;;;1;
83536;15/06/2018;1200;0;;14.4;;
83536;16/06/2018;0000;;;;1.666667;
83536;16/06/2018;1200;0;;13;;
83536;17/06/2018;0000;;;;3;
83536;17/06/2018;1200;0;;12.2;;
83536;18/06/2018;0000;;;;1;
83536;18/06/2018;1200;0;;13;;
83536;19/06/2018;0000;;;;2.333333;
83536;19/06/2018;1200;0;;13.6;;
83536;20/06/2018;0000;;;;1;
83536;20/06/2018;1200;0;;12.6;;
83536;21/06/2018;0000;;;;1.666667;
83536;21/06/2018;1200;0;;12.2;;
83536;22/06/2018;0000;;;;1;
83536;22/06/2018;1200;0;;11.8;;
83536;23/06/2018;0000;;;;1.666667;
83536;23/06/2018;1200;0;;13;;
83536;24/06/2018;0000;;;;0.666667;
83536;24/06/2018;1200;0;;14;;
83536;25/06/2018;0000;;;;1.666667;
83536;25/06/2018;1200;0;;12.6;;
83536;26/06/2018;0000;;;;1;
83536;26/06/2018;1200;0;;19.2;;
83536;27/06/2018;0000;;;;1;
83536;27/06/2018;1200;0;;15.4;;
83536;28/06/2018;0000;;;;3;
83536;28/06/2018;1200;0;;13;;
83536;29/06/2018;0000;;;;2;
83536;29/06/2018;1200;0;;15.6;;
83536;30/06/2018;0000;;;;1;
83536;30/06/2018;1200;0;;12;;
83536;01/07/2018;0000;;;;2.333333;
83536;01/07/2018;1200;0;;14;;
83536;02/07/2018;0000;;;;1;
83536;02/07/2018;1200;0;;12.6;;
83536;03/07/2018;0000;;;;1;
83536;03/07/2018;1200;0;;13.4;;
83536;04/07/2018;0000;;;;2.333333;
83536;04/07/2018;1200;0;;13;;
83536;05/07/2018;0000;;;;1.666667;
83536;05/07/2018;1200;0;;12.4;;
83536;06/07/2018;0000;;;;1;
83536;06/07/2018;1200;0;;11.4;;
83536;07/07/2018;0000;;;;1.666667;
83536;07/07/2018;1200;0;;10.2;;
83536;08/07/2018;0000;;;;1;
83536;08/07/2018;1200;0;;10.6;;
83536;09/07/2018;0000;;;;1;
83536;09/07/2018;1200;0;;12;;
83536;10/07/2018;0000;;;;1.666667;
83536;10/07/2018;1200;0;;12.4;;
83536;11/07/2018;0000;;;;1.666667;
83536;11/07/2018;1200;0;;14;;
83536;12/07/2018;0000;;;;0.666667;
83536;12/07/2018;1200;0;;15;;
83536;13/07/2018;0000;;;;1;
83536;13/07/2018;1200;0;;13;;
83536;14/07/2018;0000;;;;0.666667;
83536;14/07/2018;1200;0;;12.4;;
83536;15/07/2018;0000;;;;1;
83536;15/07/2018;1200;0;;12;;
83536;16/07/2018;0000;;;;1.666667;
83536;16/07/2018;1200;0;;11.6;;
83536;17/07/2018;0000;;;;1.666667;
83536;17/07/2018;1200;0;;13;;
83536;18/07/2018;0000;;;;3;
83536;18/07/2018;1200;0;;14.8;;
83536;19/07/2018;0000;;;;1;
83536;19/07/2018;1200;0;;12;;
83536;20/07/2018;0000;;;;1;
83536;20/07/2018;1200;0;;11.4;;
83536;21/07/2018;0000;;;;0.666667;
83536;21/07/2018;1200;0;;12.2;;
83536;22/07/2018;0000;;;;3;
83536;22/07/2018;1200;0;;12;;
83536;23/07/2018;0000;;;;2.333333;
83536;23/07/2018;1200;0;;11.2;;
83536;24/07/2018;0000;;;;2.333333;
83536;24/07/2018;1200;0;;12.4;;
83536;25/07/2018;0000;;;;1.666667;
83536;25/07/2018;1200;0;;11;;
83536;26/07/2018;0000;;;;1;
83536;26/07/2018;1200;0;;11.4;;
83536;27/07/2018;0000;;;;1.666667;
83536;27/07/2018;1200;0;;11.2;;
83536;28/07/2018;0000;;;;1;
83536;28/07/2018;1200;0;;11.2;;
83536;29/07/2018;0000;;;;1;
83536;29/07/2018;1200;0;;11.4;;
83536;30/07/2018;0000;;;;1;
83536;30/07/2018;1200;0;;11.6;;
83536;31/07/2018;0000;;;;0.666667;
83536;31/07/2018;1200;0;;12;;
83536;01/08/2018;0000;;;;1.666667;
83536;01/08/2018;1200;0;;14;;
83536;02/08/2018;0000;;;;3;
83536;02/08/2018;1200;0;;18;;
83536;03/08/2018;0000;;;;1.666667;
83536;03/08/2018;1200;0;;15.6;;
83536;04/08/2018;0000;;;;1.666667;
83536;04/08/2018;1200;0;;16.2;;
83536;05/08/2018;0000;;;;0.666667;
83536;05/08/2018;1200;0;;15.6;;
83536;06/08/2018;0000;;;;1.666667;
83536;06/08/2018;1200;0;;16.4;;
83536;07/08/2018;0000;;;;1;
83536;07/08/2018;1200;0;;18.8;;
83536;08/08/2018;0000;;;;1.666667;
83536;08/08/2018;1200;0;;17;;
83536;09/08/2018;0000;;;;1;
83536;09/08/2018;1200;0;;16.4;;
83536;10/08/2018;0000;;;;1.666667;
83536;10/08/2018;1200;0;;16.2;;
83536;11/08/2018;0000;;;;1.333333;
83536;11/08/2018;1200;0;;12.4;;
83536;12/08/2018;0000;;;;0.666667;
83536;12/08/2018;1200;0;;9.2;;
83536;13/08/2018;0000;;;;1.333333;
83536;13/08/2018;1200;0;;10.6;;
83536;14/08/2018;0000;;;;1;
83536;14/08/2018;1200;0;;12.6;;
83536;15/08/2018;0000;;;;0.666667;
83536;15/08/2018;1200;0;;12.2;;
83536;16/08/2018;0000;;;;2.333333;
83536;16/08/2018;1200;0;;16;;
83536;17/08/2018;0000;;;;1;
83536;17/08/2018;1200;1.4;;16.4;;
83536;18/08/2018;0000;;;;3.666667;
83536;18/08/2018;1200;0;;15.2;;
83536;19/08/2018;0000;;;;2;
83536;19/08/2018;1200;0;;12.4;;
83536;20/08/2018;0000;;;;1.333333;
83536;20/08/2018;1200;0;;12.4;;
83536;21/08/2018;0000;;;;1;
83536;21/08/2018;1200;0;;12.8;;
83536;22/08/2018;0000;;;;2;
83536;22/08/2018;1200;0;;12.8;;
83536;23/08/2018;0000;;;;1.333333;
83536;23/08/2018;1200;0;;13.2;;
83536;24/08/2018;0000;;;;2.333333;
83536;24/08/2018;1200;0;;14.2;;
83536;25/08/2018;0000;;;;1.333333;
83536;25/08/2018;1200;0;;14.2;;
83536;26/08/2018;0000;;;;1.666667;
83536;26/08/2018;1200;0;;16.6;;
83536;27/08/2018;0000;;;;3;
83536;27/08/2018;1200;0;;17.4;;
83536;28/08/2018;0000;;;;3;
83536;28/08/2018;1200;0;;15.8;;
83536;29/08/2018;0000;;;;1.666667;
83536;29/08/2018;1200;0;;16;;
83536;30/08/2018;0000;;;;3;
83536;30/08/2018;1200;0;;14.4;;
83536;31/08/2018;0000;;;;0.666667;
83536;31/08/2018;1200;0;;12.4;;
83536;01/09/2018;0000;;;;1.333333;
83536;01/09/2018;1200;0;;13;;
83536;02/09/2018;0000;;;;1.333333;
83536;02/09/2018;1200;0;;14.4;;
83536;03/09/2018;0000;;;;1;
83536;03/09/2018;1200;0;;15.8;;
83536;04/09/2018;0000;;;;2.333333;
83536;04/09/2018;1200;0;;18.4;;
83536;05/09/2018;0000;;;;1.666667;
83536;05/09/2018;1200;0;;10.8;;
83536;06/09/2018;0000;;;;1.333333;
83536;06/09/2018;1200;0;;14.8;;
83536;07/09/2018;0000;;;;1.666667;
83536;07/09/2018;1200;0;;16.2;;
83536;08/09/2018;0000;;;;2;
83536;08/09/2018;1200;0;;12.6;;
83536;09/09/2018;0000;;;;3;
83536;09/09/2018;1200;0;;11.2;;
83536;10/09/2018;0000;;;;0.333333;
83536;10/09/2018;1200;0;;11;;
83536;11/09/2018;0000;;;;0.333333;
83536;11/09/2018;1200;0;;13.4;;
83536;12/09/2018;0000;;;;2.666667;
83536;12/09/2018;1200;0;;17.8;;
83536;13/09/2018;0000;;;;3.666667;
83536;13/09/2018;1200;0;;17.6;;
83536;14/09/2018;0000;;;;1.333333;
83536;14/09/2018;1200;0;;17;;
83536;15/09/2018;0000;;;;1.666667;
83536;15/09/2018;1200;2.6;;18.4;;
83536;16/09/2018;0000;;;;0.333333;
83536;16/09/2018;1200;0.4;;18;;
83536;17/09/2018;0000;;;;0.666667;
83536;17/09/2018;1200;1.6;;19.6;;
83536;18/09/2018;0000;;;;1.666667;
83536;18/09/2018;1200;2.6;;19;;
83536;19/09/2018;0000;;;;1.666667;
83536;19/09/2018;1200;1.3;;20.2;;
83536;20/09/2018;0000;;;;0.333333;
83536;20/09/2018;1200;1.2;;20;;
83536;21/09/2018;0000;;;;0.666667;
83536;21/09/2018;1200;11.8;;19.8;;
83536;22/09/2018;0000;;;;1.333333;
83536;22/09/2018;1200;0.8;;18.4;;
83536;23/09/2018;0000;;;;3;
83536;23/09/2018;1200;0;;20.2;;
83536;24/09/2018;0000;;;;1;
83536;24/09/2018;1200;0;;17.8;;
83536;25/09/2018;0000;;;;3;
83536;25/09/2018;1200;0;;18.2;;
83536;26/09/2018;0000;;;;1;
83536;26/09/2018;1200;0;;17.6;;
83536;27/09/2018;0000;;;;3;
83536;27/09/2018;1200;0;;19.2;;
83536;28/09/2018;0000;;;;1.333333;
83536;28/09/2018;1200;0;;18.6;;
83536;29/09/2018;0000;;;;2.333333;
83536;29/09/2018;1200;0;;21.4;;
83536;30/09/2018;0000;;;;2.333333;
83536;30/09/2018;1200;0;;21.4;;
83536;01/10/2018;0000;;;;1.666667;
83536;01/10/2018;1200;0;;20.8;;
83536;02/10/2018;0000;;;;0.666667;
83536;02/10/2018;1200;8.8;;20.6;;
83536;03/10/2018;0000;;;;1.666667;
83536;03/10/2018;1200;0;;19.2;;
83536;04/10/2018;0000;;;;0.4;
83536;04/10/2018;1200;0;;21.2;;
83536;05/10/2018;0000;;;;4.333333;
83536;05/10/2018;1200;0;;24.3;;
83536;06/10/2018;0000;;;;2.333333;
83536;06/10/2018;1200;0;;22.6;;
83536;07/10/2018;0000;;;;1.666667;
83536;07/10/2018;1200;0;;21.4;;
83536;08/10/2018;0000;;;;2;
83536;08/10/2018;1200;0;;20.2;;
83536;09/10/2018;0000;;;;2.333333;
83536;09/10/2018;1200;0;;20.2;;
83536;10/10/2018;0000;;;;1.333333;
83536;10/10/2018;1200;0;;23.9;;
83536;11/10/2018;0000;;;;2.333333;
83536;11/10/2018;1200;0;;21.4;;
83536;12/10/2018;0000;;;;2.666667;
83536;12/10/2018;1200;0;;23.5;;
83536;13/10/2018;0000;;;;1;
83536;13/10/2018;1200;0;;20.4;;
83536;14/10/2018;0000;;;;1;
83536;14/10/2018;1200;0;;22.3;;
83536;15/10/2018;0000;;;;2.333333;
83536;15/10/2018;1200;1;;21;;
83536;16/10/2018;0000;;;;0.333333;
83536;16/10/2018;1200;9.4;;20.4;;
83536;17/10/2018;0000;;;;1;
83536;17/10/2018;1200;0;;23.5;;
83536;18/10/2018;0000;;;;0.333333;
83536;18/10/2018;1200;0;;21.4;;
83536;19/10/2018;0000;;;;1;
83536;19/10/2018;1200;16;;20.8;;
83536;20/10/2018;0000;;;;3.666667;
83536;20/10/2018;1200;0;;22;;
83536;21/10/2018;0000;;;;3;
83536;21/10/2018;1200;0;;20;;
83536;22/10/2018;0000;;;;1;
83536;22/10/2018;1200;0;;15.2;;
83536;23/10/2018;0000;;;;2.333333;
83536;23/10/2018;1200;0;;17;;
83536;24/10/2018;0000;;;;0.666667;
83536;24/10/2018;1200;0;;20;;
83536;25/10/2018;0000;;;;1.333333;
83536;25/10/2018;1200;11;;21;;
83536;26/10/2018;0000;;;;0.666667;
83536;26/10/2018;1200;24.3;;20.2;;
83536;27/10/2018;0000;;;;0.666667;
83536;27/10/2018;1200;15;;19.4;;
83536;28/10/2018;0000;;;;2.333333;
83536;28/10/2018;1200;22.5;;20;;
83536;29/10/2018;0000;;;;1.666667;
83536;29/10/2018;1200;3.8;;21.4;;
83536;30/10/2018;0000;;;;1;
83536;30/10/2018;1200;1;;19.6;;
83536;31/10/2018;0000;;;;2;
83536;31/10/2018;1200;0;;19.4;;
83536;01/11/2018;0000;;;;0.666667;
83536;01/11/2018;1200;0;;20.2;;
83536;02/11/2018;0000;;;;2.666667;
83536;02/11/2018;1200;10.6;;20.4;;
83536;03/11/2018;0000;;;;1.333333;
83536;03/11/2018;1200;0;;21.6;;
83536;04/11/2018;0000;;;;1.666667;
83536;04/11/2018;1200;0;;21.3;;
83536;05/11/2018;0000;;;;1.333333;
83536;05/11/2018;1200;13.5;;21.2;;
83536;06/11/2018;0000;;;;2.333333;
83536;06/11/2018;1200;0;;21.4;;
83536;07/11/2018;0000;;;;1;
83536;07/11/2018;1200;1.2;;20.6;;
83536;08/11/2018;0000;;;;1.666667;
83536;08/11/2018;1200;3.8;;19.2;;
83536;09/11/2018;0000;;;;0.8;
83536;09/11/2018;1200;25.2;;17;;
83536;10/11/2018;0000;;;;1.666667;
83536;10/11/2018;1200;29.1;;18.4;;
83536;11/11/2018;0000;;;;1;
83536;11/11/2018;1200;10.8;;19.4;;
83536;12/11/2018;0000;;;;1;
83536;12/11/2018;1200;0.5;;19.2;;
83536;13/11/2018;0000;;;;2;
83536;13/11/2018;1200;0;;20.6;;
83536;14/11/2018;0000;;;;1.666667;
83536;14/11/2018;1200;0;;20;;
83536;15/11/2018;0000;;;;1.333333;
83536;15/11/2018;1200;0;;20.6;;
83536;16/11/2018;0000;;;;2;
83536;16/11/2018;1200;0;;22;;
83536;17/11/2018;0000;;;;1.666667;
83536;17/11/2018;1200;3.2;;21.4;;
83536;18/11/2018;0000;;;;2.333333;
83536;18/11/2018;1200;0;;20.2;;
83536;19/11/2018;0000;;;;0.666667;
83536;19/11/2018;1200;0;;22.4;;
83536;20/11/2018;0000;;;;1.333333;
83536;20/11/2018;1200;13.8;;21.2;;
83536;21/11/2018;0000;;;;0;
83536;21/11/2018;1200;8.4;;19.5;;
83536;22/11/2018;0000;;;;3;
83536;22/11/2018;1200;21.4;;18.8;;
83536;23/11/2018;0000;;;;0.666667;
83536;23/11/2018;1200;8;;19;;
83536;24/11/2018;0000;;;;1.333333;
83536;24/11/2018;1200;0;;20;;
83536;25/11/2018;0000;;;;0.666667;
83536;25/11/2018;1200;13.6;;20;;
83536;26/11/2018;0000;;;;1;
83536;26/11/2018;1200;31.2;;18.2;;
83536;27/11/2018;0000;;;;1;
83536;27/11/2018;1200;0;;21;;
83536;28/11/2018;0000;;;;0.833333;
83536;28/11/2018;1200;0;;17.8;;
83536;29/11/2018;0000;;;;1.333333;
83536;29/11/2018;1200;0;;16.2;;
83536;30/11/2018;0000;;;;1.666667;
83536;30/11/2018;1200;0;;17.4;;
83536;01/12/2018;0000;;;;0.666667;
83536;01/12/2018;1200;3;;20.4;;
83536;02/12/2018;0000;;;;0.666667;
83536;02/12/2018;1200;54.8;;20.6;;
83536;03/12/2018;0000;;;;0.333333;
83536;03/12/2018;1200;46.8;;21.1;;
83536;04/12/2018;0000;;;;2.333333;
83536;04/12/2018;1200;50.9;;19.4;;
83536;05/12/2018;0000;;;;0.666667;
83536;05/12/2018;1200;0;;19.4;;
83536;06/12/2018;0000;;;;2.666667;
83536;06/12/2018;1200;0;;22;;
83536;07/12/2018;0000;;;;2;
83536;07/12/2018;1200;27.4;;20.8;;
83536;08/12/2018;0000;;;;2.333333;
83536;08/12/2018;1200;1.2;;20.2;;
83536;09/12/2018;0000;;;;1.333333;
83536;09/12/2018;1200;6.6;;19.2;;
83536;10/12/2018;0000;;;;1.666667;
83536;10/12/2018;1200;0;;15.2;;
83536;11/12/2018;0000;;;;1;
83536;11/12/2018;1200;0;;18.6;;
83536;12/12/2018;0000;;;;1;
83536;12/12/2018;1200;0;;18.4;;
83536;13/12/2018;0000;;;;1.333333;
83536;13/12/2018;1200;1.4;;18.6;;
83536;14/12/2018;0000;;;;3;
83536;14/12/2018;1200;0;;18.8;;
83536;15/12/2018;0000;;;;2;
83536;15/12/2018;1200;0;;19.6;;
83536;16/12/2018;0000;;;;1.666667;
83536;16/12/2018;1200;0;;18.2;;
83536;17/12/2018;0000;;;;0.666667;
83536;17/12/2018;1200;0;;18.4;;
83536;18/12/2018;0000;;;;2.333333;
83536;18/12/2018;1200;0;;19;;
83536;19/12/2018;0000;;;;2.666667;
83536;19/12/2018;1200;0;;21.3;;
83536;20/12/2018;0000;;;;2.666667;
83536;20/12/2018;1200;0;;19.2;;
83536;21/12/2018;0000;;;;0.666667;
83536;21/12/2018;1200;0;;22;;
83536;22/12/2018;0000;;;;1.666667;
83536;22/12/2018;1200;0;;22.1;;
83536;23/12/2018;0000;;;;1.333333;
83536;23/12/2018;1200;7.4;;19.4;;
83536;24/12/2018;0000;;;;1.333333;
83536;24/12/2018;1200;0;;21.4;;
83536;25/12/2018;0000;;;;0.333333;
83536;25/12/2018;1200;0;;21;;
83536;26/12/2018;0000;;;;1.666667;
83536;26/12/2018;1200;35;;20.4;;
83536;27/12/2018;0000;;;;0.333333;
83536;27/12/2018;1200;6.8;;20.2;;
83536;28/12/2018;0000;;;;1;
83536;28/12/2018;1200;5;;20;;
83536;29/12/2018;0000;;;;1.666667;
83536;29/12/2018;1200;1;;21.8;;
83536;30/12/2018;0000;;;;1.666667;
83536;30/12/2018;1200;32.6;;19.2;;
83536;31/12/2018;0000;;;;0.666667;
83536;31/12/2018;1200;4.2;;21;;
83536;01/01/2019;0000;;;;0.666667;
83536;01/01/2019;1200;0.2;;21;;
83536;02/01/2019;0000;;;;1.333333;
83536;02/01/2019;1200;0.3;;20.8;;
83536;03/01/2019;0000;;;;1.666667;
83536;03/01/2019;1200;0;;21;;
83536;04/01/2019;0000;;;;1.333333;
83536;04/01/2019;1200;2.4;;21.2;;
83536;05/01/2019;0000;;;;0.666667;
83536;05/01/2019;1200;2.8;;20.2;;
83536;06/01/2019;0000;;;;1;
83536;06/01/2019;1200;0;;19;;
83536;07/01/2019;0000;;;;1.666667;
83536;07/01/2019;1200;0;;19.2;;
83536;08/01/2019;0000;;;;1.333333;
83536;08/01/2019;1200;0;;19.2;;
83536;09/01/2019;0000;;;;3;
83536;09/01/2019;1200;0;;19;;
83536;10/01/2019;0000;;;;1.333333;
83536;10/01/2019;1200;0;;15.6;;
83536;11/01/2019;0000;;;;1;
83536;11/01/2019;1200;0;;19.2;;
83536;12/01/2019;0000;;;;1;
83536;12/01/2019;1200;0;;19.2;;
83536;13/01/2019;0000;;;;3;
83536;13/01/2019;1200;0;;20.6;;
83536;14/01/2019;0000;;;;0.333333;
83536;14/01/2019;1200;0;;19.4;;
83536;15/01/2019;0000;;;;1.666667;
83536;15/01/2019;1200;0;;19.4;;
83536;16/01/2019;0000;;;;1.333333;
83536;16/01/2019;1200;0;;20;;
83536;17/01/2019;0000;;;;1.333333;
83536;17/01/2019;1200;2.7;;20.2;;
83536;18/01/2019;0000;;;;1.333333;
83536;18/01/2019;1200;0;;21;;
83536;19/01/2019;0000;;;;1;
83536;19/01/2019;1200;2;;20;;
83536;20/01/2019;0000;;;;1.666667;
83536;20/01/2019;1200;0;;19.2;;
83536;21/01/2019;0000;;;;2.333333;
83536;21/01/2019;1200;0;;19.2;;
83536;22/01/2019;0000;;;;1.333333;
83536;22/01/2019;1200;0;;23;;
83536;23/01/2019;0000;;;;1.666667;
83536;23/01/2019;1200;0;;22;;
83536;24/01/2019;0000;;;;2;
83536;24/01/2019;1200;0;;19.8;;
83536;25/01/2019;0000;;;;3;
83536;25/01/2019;1200;0;;20;;
83536;26/01/2019;0000;;;;1.333333;
83536;26/01/2019;1200;0;;18;;
83536;27/01/2019;0000;;;;3.666667;
83536;27/01/2019;1200;32.4;;18;;
83536;28/01/2019;0000;;;;1.666667;
83536;28/01/2019;1200;0;;19.8;;
83536;29/01/2019;0000;;;;1.666667;
83536;29/01/2019;1200;0;;19.6;;
83536;30/01/2019;0000;;;;1;
83536;30/01/2019;1200;0;;19.6;;
83536;31/01/2019;0000;;;;3;
83536;31/01/2019;1200;0;;19;;
83536;01/02/2019;0000;;;;1.333333;
83536;01/02/2019;1200;0;;19.6;;
83536;02/02/2019;0000;;;;0.666667;
83536;02/02/2019;1200;0;;19.2;;
83536;03/02/2019;0000;;;;0.333333;
83536;03/02/2019;1200;0;;20;;
83536;04/02/2019;0000;;;;3;
83536;04/02/2019;1200;1;;23.5;;
83536;05/02/2019;0000;;;;2;
83536;05/02/2019;1200;0;;21.8;;
83536;06/02/2019;0000;;;;1.666667;
83536;06/02/2019;1200;0;;22.4;;
83536;07/02/2019;0000;;;;0.666667;
83536;07/02/2019;1200;6.6;;21;;
83536;08/02/2019;0000;;;;0.666667;
83536;08/02/2019;1200;2;;20.2;;
83536;09/02/2019;0000;;;;1.666667;
83536;09/02/2019;1200;4.4;;19.4;;
83536;10/02/2019;0000;;;;0.666667;
83536;10/02/2019;1200;0;;21.2;;
83536;11/02/2019;0000;;;;1.333333;
83536;11/02/2019;1200;23.6;;21.6;;
83536;12/02/2019;0000;;;;1;
83536;12/02/2019;1200;0;;20.4;;
83536;13/02/2019;0000;;;;1;
83536;13/02/2019;1200;0;;22;;
83536;14/02/2019;0000;;;;3;
83536;14/02/2019;1200;3;;21.2;;
83536;15/02/2019;0000;;;;2;
83536;15/02/2019;1200;0;;21.2;;
83536;16/02/2019;0000;;;;0.666667;
83536;16/02/2019;1200;4.6;;20.4;;
83536;17/02/2019;0000;;;;1;
83536;17/02/2019;1200;35.2;;20.6;;
83536;18/02/2019;0000;;;;0.666667;
83536;18/02/2019;1200;14.6;;20.4;;
83536;19/02/2019;0000;;;;0.666667;
83536;19/02/2019;1200;4;;21.2;;
83536;20/02/2019;0000;;;;1;
83536;20/02/2019;1200;0;;21.4;;
83536;21/02/2019;0000;;;;0.333333;
83536;21/02/2019;1200;8.6;;20.6;;
83536;22/02/2019;0000;;;;1.666667;
83536;22/02/2019;1200;3;;20;;
83536;23/02/2019;0000;;;;0.333333;
83536;23/02/2019;1200;0;;20;;
83536;24/02/2019;0000;;;;1;
83536;24/02/2019;1200;0;;20.2;;
83536;25/02/2019;0000;;;;1;
83536;25/02/2019;1200;0;;21.4;;
83536;26/02/2019;0000;;;;2.333333;
83536;26/02/2019;1200;0;;20.6;;
83536;27/02/2019;0000;;;;0.666667;
83536;27/02/2019;1200;48.4;;20.2;;
83536;28/02/2019;0000;;;;3.666667;
83536;28/02/2019;1200;1.4;;21.4;;
83536;01/03/2019;0000;;;;0.666667;
83536;01/03/2019;1200;11.2;;19.4;;
83536;02/03/2019;0000;;;;1.666667;
83536;02/03/2019;1200;50.4;;19.6;;
83536;03/03/2019;0000;;;;1.333333;
83536;03/03/2019;1200;1.4;;20;;
83536;04/03/2019;0000;;;;2.333333;
83536;04/03/2019;1200;0;;19.6;;
83536;05/03/2019;0000;;;;1.666667;
83536;05/03/2019;1200;0;;19.8;;
83536;06/03/2019;0000;;;;1;
83536;06/03/2019;1200;0;;20.6;;
83536;07/03/2019;0000;;;;1;
83536;07/03/2019;1200;12.4;;20.2;;
83536;08/03/2019;0000;;;;1.666667;
83536;08/03/2019;1200;0;;19.6;;
83536;09/03/2019;0000;;;;1.333333;
83536;09/03/2019;1200;0;;20.6;;
83536;10/03/2019;0000;;;;3;
83536;10/03/2019;1200;0;;21.6;;
83536;11/03/2019;0000;;;;1.333333;
83536;11/03/2019;1200;0.4;;20;;
83536;12/03/2019;0000;;;;2;
83536;12/03/2019;1200;0;;20.2;;
83536;13/03/2019;0000;;;;1;
83536;13/03/2019;1200;0.3;;20.4;;
83536;14/03/2019;0000;;;;1.666667;
83536;14/03/2019;1200;0;;21;;
83536;15/03/2019;0000;;34.4;;1.666667;
83536;15/03/2019;1200;0;;20.2;;
83536;16/03/2019;0000;;36.5;;2;
83536;16/03/2019;1200;0;;20;;
83536;17/03/2019;0000;;28;;1;
83536;17/03/2019;1200;53;;20.4;;
83536;18/03/2019;0000;;33.8;;0.666667;
83536;18/03/2019;1200;7.6;;20.4;;
83536;19/03/2019;0000;;34;;0.666667;
83536;19/03/2019;1200;0;;21.4;;
83536;20/03/2019;0000;;33.4;;1;
83536;20/03/2019;1200;0;;22;;
83536;21/03/2019;0000;;30;;0.333333;
83536;21/03/2019;1200;0;;21.4;;
83536;22/03/2019;0000;;27.4;;2.333333;
83536;22/03/2019;1200;15.4;;20.6;;
83536;23/03/2019;0000;;28.2;;1;
83536;23/03/2019;1200;2.2;;19.8;;
83536;24/03/2019;0000;;29.2;;0.666667;
83536;24/03/2019;1200;0;;20.6;;
83536;25/03/2019;0000;;31.4;;0.5;
83536;25/03/2019;1200;0.3;;24.1;;
83536;26/03/2019;0000;;32.8;;1;
83536;26/03/2019;1200;0;;19.2;;
83536;27/03/2019;0000;;28.2;;0.666667;
83536;27/03/2019;1200;0;;20.4;;
83536;28/03/2019;0000;;29.2;;2.333333;
83536;28/03/2019;1200;0;;19.4;;
83536;29/03/2019;0000;;31.4;;3.666667;
83536;29/03/2019;1200;0;;17.8;;
83536;30/03/2019;0000;;31.6;;1.666667;
83536;30/03/2019;1200;0;;17.4;;

		
	
[Fechar] <#>
	
		

