--------------------
BDMEP - INMET
--------------------
Estação           : DIAMANTINA - MG (OMM: 83538)
Latitude  (graus) : -18.23
Longitude (graus) : -43.64
Altitude  (metros): 1296.12
Estação Operante
Inicio de operação: 13/04/1918
Periodo solicitado dos dados: 01/01/2018 a 30/03/2019
Os dados listados abaixo são os que encontram-se digitados no BDMEP
Hora em UTC
--------------------
Obs.: Os dados aparecem separados por ; (ponto e vírgula) no formato txt.
      Para o formato planilha XLS, siga as instruções <http://www.inmet.gov.br/projetos/rede/pesquisa/instrucao.html>
--------------------
Estacao;Data;Hora;Precipitacao;TempMaxima;TempMinima;Velocidade do Vento Media;
83538;01/01/2018;1200;0;;18.3;;
83538;02/01/2018;1200;0;;18.6;;
83538;03/01/2018;1200;14;;17;;
83538;04/01/2018;1200;18.5;;17.4;;
83538;05/01/2018;1200;4.2;;17.2;;
83538;06/01/2018;1200;4.9;;17.2;;
83538;07/01/2018;1200;0;;16.9;;
83538;08/01/2018;1200;0;;16;;
83538;09/01/2018;1200;0;;15.2;;
83538;10/01/2018;1200;2.8;;16.3;;
83538;11/01/2018;0000;;;;0;
83538;11/01/2018;1200;0;;14.5;;
83538;12/01/2018;1200;0;;15.6;;
83538;13/01/2018;1200;0;;16.7;;
83538;14/01/2018;0000;;;;0;
83538;14/01/2018;1200;0;;18.5;;
83538;15/01/2018;1200;0;;18.4;;
83538;16/01/2018;0000;;;;0;
83538;16/01/2018;1200;0;;17.6;;
83538;17/01/2018;0000;;;;0;
83538;17/01/2018;1200;0;;16.6;;
83538;18/01/2018;0000;;;;0;
83538;18/01/2018;1200;0;;15.6;;
83538;19/01/2018;0000;;;;0;
83538;19/01/2018;1200;0;;16.6;;
83538;20/01/2018;0000;;;;0;
83538;20/01/2018;1200;0;;17;;
83538;21/01/2018;0000;;;;0;
83538;21/01/2018;1200;0;;17.9;;
83538;22/01/2018;0000;;;;0;
83538;22/01/2018;1200;0;;16.5;;
83538;23/01/2018;0000;;;;0;
83538;23/01/2018;1200;0;;16.5;;
83538;24/01/2018;0000;;;;0;
83538;24/01/2018;1200;0.5;;18;;
83538;25/01/2018;0000;;;;0;
83538;25/01/2018;1200;0;;16.6;;
83538;26/01/2018;0000;;;;0;
83538;26/01/2018;1200;0.1;;16.8;;
83538;27/01/2018;0000;;;;0;
83538;27/01/2018;1200;0;;17;;
83538;28/01/2018;1200;0;;18.4;;
83538;29/01/2018;1200;0.6;;18.6;;
83538;30/01/2018;1200;1;;18.6;;
83538;31/01/2018;1200;12;;16.8;;
83538;01/02/2018;1200;29.5;;16.5;;
83538;02/02/2018;0000;;;;0;
83538;02/02/2018;1200;7.7;;17.5;;
83538;03/02/2018;1200;26.4;;15;;
83538;04/02/2018;1200;34;;15;;
83538;05/02/2018;1200;47.2;;15.9;;
83538;06/02/2018;1200;55.2;;16;;
83538;07/02/2018;1200;2.9;;16.9;;
83538;08/02/2018;0000;;;;0;
83538;08/02/2018;1200;0;;17;;
83538;09/02/2018;0000;;;;0;
83538;09/02/2018;1200;14.9;;17.9;;
83538;10/02/2018;0000;;;;0;
83538;10/02/2018;1200;10.2;;18.7;;
83538;11/02/2018;0000;;;;0;
83538;11/02/2018;1200;0.6;;16.9;;
83538;12/02/2018;0000;;;;0;
83538;12/02/2018;1200;0;;14.8;;
83538;13/02/2018;1200;0;;17;;
83538;14/02/2018;0000;;;;0;
83538;14/02/2018;1200;0.2;;17.2;;
83538;15/02/2018;0000;;;;0;
83538;15/02/2018;1200;4.8;;17;;
83538;16/02/2018;0000;;;;0;
83538;16/02/2018;1200;0;;15.7;;
83538;17/02/2018;0000;;;;0;
83538;17/02/2018;1200;0;;16;;
83538;18/02/2018;0000;;;;0;
83538;18/02/2018;1200;0;;16.4;;
83538;19/02/2018;1200;0;;17.2;;
83538;20/02/2018;0000;;;;0;
83538;20/02/2018;1200;1.5;;17.9;;
83538;21/02/2018;1200;1.4;;17.6;;
83538;22/02/2018;1200;1.6;;16.8;;
83538;23/02/2018;0000;;;;0;
83538;23/02/2018;1200;8.1;;15.6;;
83538;24/02/2018;0000;;;;0;
83538;24/02/2018;1200;19;;17.6;;
83538;25/02/2018;0000;;;;0;
83538;25/02/2018;1200;1.4;;17;;
83538;26/02/2018;1200;5.2;;16.1;;
83538;27/02/2018;0000;;;;0;
83538;27/02/2018;1200;4.5;;16.4;;
83538;28/02/2018;0000;;;;0;
83538;28/02/2018;1200;0;;16.8;;
83538;01/03/2018;0000;;;;0;
83538;01/03/2018;1200;0;;18.5;;
83538;02/03/2018;0000;;;;0;
83538;02/03/2018;1200;0;;18.4;;
83538;03/03/2018;1200;13.6;;18.4;;
83538;04/03/2018;1200;15.8;;18;;
83538;05/03/2018;0000;;;;0;
83538;05/03/2018;1200;4;;18.2;;
83538;06/03/2018;0000;;;;0;
83538;06/03/2018;1200;0;;17.7;;
83538;07/03/2018;1200;17.6;;18;;
83538;08/03/2018;1200;10.6;;18.1;;
83538;09/03/2018;0000;;;;0;
83538;09/03/2018;1200;0;;18.9;;
83538;10/03/2018;1200;36.6;;16.8;;
83538;11/03/2018;0000;;;;0;
83538;11/03/2018;1200;20;;17.5;;
83538;12/03/2018;0000;;;;0;
83538;12/03/2018;1200;2.8;;18.5;;
83538;13/03/2018;1200;0;;18.4;;
83538;14/03/2018;0000;;;;0;
83538;14/03/2018;1200;0;;19.2;;
83538;15/03/2018;0000;;;;0;
83538;15/03/2018;1200;0;;18;;
83538;16/03/2018;0000;;;;0;
83538;16/03/2018;1200;0;;18.5;;
83538;17/03/2018;1200;3.4;;18;;
83538;18/03/2018;0000;;;;0;
83538;18/03/2018;1200;3.8;;16.7;;
83538;19/03/2018;0000;;;;0;
83538;19/03/2018;1200;0;;16.4;;
83538;20/03/2018;0000;;;;0;
83538;20/03/2018;1200;0;;16.6;;
83538;21/03/2018;1200;0;;17.8;;
83538;22/03/2018;0000;;;;0;
83538;22/03/2018;1200;31.5;;17;;
83538;23/03/2018;0000;;;;0;
83538;23/03/2018;1200;5.6;;17.3;;
83538;24/03/2018;0000;;;;0;
83538;24/03/2018;1200;3.4;;16.8;;
83538;25/03/2018;0000;;;;0;
83538;25/03/2018;1200;1.5;;16.9;;
83538;26/03/2018;0000;;;;0;
83538;26/03/2018;1200;1.4;;16;;
83538;27/03/2018;0000;;;;0;
83538;27/03/2018;1200;0;;15;;
83538;28/03/2018;0000;;;;0;
83538;28/03/2018;1200;0.8;;16;;
83538;29/03/2018;0000;;;;0;
83538;29/03/2018;1200;0;;15.2;;
83538;30/03/2018;0000;;;;0;
83538;30/03/2018;1200;0;;16.3;;
83538;31/03/2018;0000;;;;0;
83538;31/03/2018;1200;0;;14.8;;
83538;01/04/2018;0000;;;;0;
83538;01/04/2018;1200;0;;15.2;;
83538;02/04/2018;1200;0;;16;;
83538;03/04/2018;0000;;;;0;
83538;03/04/2018;1200;0;;17.1;;
83538;04/04/2018;0000;;;;0;
83538;04/04/2018;1200;59.6;;17.7;;
83538;05/04/2018;0000;;;;0;
83538;05/04/2018;1200;45.6;;18.2;;
83538;06/04/2018;0000;;;;0;
83538;06/04/2018;1200;39.2;;15.6;;
83538;07/04/2018;0000;;;;0;
83538;07/04/2018;1200;11.8;;15.6;;
83538;08/04/2018;1200;2.4;;16.6;;
83538;09/04/2018;1200;1.6;;15.6;;
83538;10/04/2018;1200;0.3;;14.5;;
83538;11/04/2018;1200;0;;15.1;;
83538;12/04/2018;1200;0;;14;;
83538;13/04/2018;0000;;;;0;
83538;13/04/2018;1200;0.2;;16.7;;
83538;14/04/2018;0000;;;;0;
83538;14/04/2018;1200;0.4;;16.4;;
83538;15/04/2018;0000;;;;0;
83538;15/04/2018;1200;1.4;;17;;
83538;16/04/2018;1200;0.1;;14.9;;
83538;17/04/2018;1200;17.5;;14.2;;
83538;18/04/2018;0000;;27.5;;;
83538;18/04/2018;1200;0.2;;12.8;;
83538;19/04/2018;1200;0;;13.2;;
83538;20/04/2018;1200;0;;13;;
83538;21/04/2018;1200;0;;12.6;;
83538;22/04/2018;0000;;;;0;
83538;22/04/2018;1200;0.1;;13.4;;
83538;23/04/2018;1200;0.1;;12.7;;
83538;24/04/2018;1200;0.1;;14.4;;
83538;25/04/2018;0000;;;;0;
83538;25/04/2018;1200;0;;14.4;;
83538;26/04/2018;1200;0;;15.9;;
83538;27/04/2018;0000;;;;0;
83538;27/04/2018;1200;0;;14.9;;
83538;28/04/2018;1200;0;;15.6;;
83538;29/04/2018;1200;0;;14.8;;
83538;30/04/2018;0000;;;;0;
83538;30/04/2018;1200;0;;12;;
83538;01/05/2018;0000;;;;0;
83538;01/05/2018;1200;0;;12.3;;
83538;02/05/2018;0000;;;;0;
83538;02/05/2018;1200;0;;13.6;;
83538;03/05/2018;0000;;;;0;
83538;03/05/2018;1200;0;;13.5;;
83538;04/05/2018;0000;;;;0;
83538;04/05/2018;1200;0;;13.5;;
83538;05/05/2018;1200;0;;14.5;;
83538;06/05/2018;1200;0;;14.8;;
83538;07/05/2018;1200;0;;13.9;;
83538;08/05/2018;1200;0.5;;14.5;;
83538;09/05/2018;1200;0.2;;14.4;;
83538;10/05/2018;1200;1.5;;13.6;;
83538;11/05/2018;0000;;;;0;
83538;11/05/2018;1200;0;;12.4;;
83538;12/05/2018;0000;;;;0;
83538;12/05/2018;1200;0;;14;;
83538;13/05/2018;0000;;;;0;
83538;13/05/2018;1200;0;;14.4;;
83538;14/05/2018;1200;0;;15;;
83538;15/05/2018;1200;0;;14.8;;
83538;16/05/2018;0000;;;;0;
83538;16/05/2018;1200;0;;15.2;;
83538;17/05/2018;0000;;;;0;
83538;17/05/2018;1200;0;;14.4;;
83538;18/05/2018;0000;;;;0;
83538;18/05/2018;1200;0;;15.7;;
83538;19/05/2018;1200;0;;15.6;;
83538;20/05/2018;1200;19.8;;11.4;;
83538;21/05/2018;0000;;;;0;
83538;21/05/2018;1200;0;;9.8;;
83538;22/05/2018;0000;;;;0;
83538;22/05/2018;1200;0;;10.8;;
83538;23/05/2018;0000;;;;0;
83538;23/05/2018;1200;0;;13.4;;
83538;24/05/2018;1200;0;;14.2;;
83538;25/05/2018;1200;0.5;;13.3;;
83538;26/05/2018;1200;1.4;;13;;
83538;27/05/2018;1200;0;;11.4;;
83538;28/05/2018;1200;0;;12;;
83538;29/05/2018;1200;0;;11.4;;
83538;30/05/2018;0000;;;;0;
83538;30/05/2018;1200;0;;10.5;;
83538;31/05/2018;1200;0;;10.6;;
83538;01/06/2018;0000;;;;0;
83538;01/06/2018;1200;0;;12.5;;
83538;02/06/2018;0000;;;;0;
83538;02/06/2018;1200;0;;12.4;;
83538;03/06/2018;0000;;;;0;
83538;03/06/2018;1200;0;;12.6;;
83538;04/06/2018;1200;0;;14.1;;
83538;05/06/2018;0000;;;;0;
83538;05/06/2018;1200;0;;12.8;;
83538;06/06/2018;1200;0;;11.5;;
83538;07/06/2018;1200;0;;13.4;;
83538;08/06/2018;0000;;;;0;
83538;08/06/2018;1200;0;;16.4;;
83538;09/06/2018;1200;0;;16.1;;
83538;10/06/2018;0000;;;;0;
83538;10/06/2018;1200;0;;14.7;;
83538;11/06/2018;0000;;;;0;
83538;11/06/2018;1200;0.3;;13.6;;
83538;12/06/2018;0000;;;;0;
83538;12/06/2018;1200;0;;12.4;;
83538;13/06/2018;1200;0;;14;;
83538;14/06/2018;1200;0;;12.8;;
83538;15/06/2018;0000;;;;0;
83538;15/06/2018;1200;0;;12.8;;
83538;16/06/2018;0000;;;;0;
83538;16/06/2018;1200;0;;12.2;;
83538;17/06/2018;0000;;;;0;
83538;17/06/2018;1200;0;;11.8;;
83538;18/06/2018;0000;;;;0;
83538;18/06/2018;1200;0;;11.3;;
83538;19/06/2018;1200;0;;11.2;;
83538;20/06/2018;0000;;;;0;
83538;20/06/2018;1200;1.6;;11.6;;
83538;21/06/2018;0000;;;;0;
83538;21/06/2018;1200;0;;10.6;;
83538;22/06/2018;1200;0;;11.5;;
83538;23/06/2018;0000;;;;0;
83538;23/06/2018;1200;0;;12.6;;
83538;24/06/2018;0000;;;;0;
83538;24/06/2018;1200;0;;12.7;;
83538;25/06/2018;0000;;;;0;
83538;25/06/2018;1200;0;;12.6;;
83538;26/06/2018;0000;;;;0;
83538;26/06/2018;1200;0;;14.4;;
83538;27/06/2018;0000;;;;0;
83538;27/06/2018;1200;0;;12.2;;
83538;28/06/2018;0000;;;;0;
83538;28/06/2018;1200;0;;11.6;;
83538;29/06/2018;0000;;;;0;
83538;29/06/2018;1200;0;;10.6;;
83538;30/06/2018;0000;;;;0;
83538;30/06/2018;1200;0;;12;;
83538;01/07/2018;0000;;;;0;
83538;01/07/2018;1200;0;;11.6;;
83538;02/07/2018;0000;;;;0;
83538;02/07/2018;1200;0;;11.6;;
83538;03/07/2018;0000;;;;0;
83538;03/07/2018;1200;0;;12.6;;
83538;04/07/2018;0000;;;;0;
83538;04/07/2018;1200;0;;11.6;;
83538;05/07/2018;0000;;;;0;
83538;05/07/2018;1200;0;;10.8;;
83538;06/07/2018;0000;;;;0;
83538;06/07/2018;1200;0;;11.2;;
83538;07/07/2018;0000;;;;0;
83538;07/07/2018;1200;0;;11;;
83538;09/07/2018;0000;;;;0;
83538;09/07/2018;1200;0;;11.6;;
83538;14/07/2018;0000;;;;0;
83538;14/07/2018;1200;0;;11.2;;
83538;15/07/2018;0000;;;;0;
83538;15/07/2018;1200;0;;11.6;;
83538;16/07/2018;1200;0;;11.6;;
83538;17/07/2018;1200;0;;12.2;;
83538;18/07/2018;1200;1;;13.2;;
83538;19/07/2018;1200;0.3;;13;;
83538;20/07/2018;1200;0;;10.8;;
83538;21/07/2018;0000;;;;0;
83538;21/07/2018;1200;0;;11.8;;
83538;23/07/2018;0000;;;;0;
83538;23/07/2018;1200;0;;10.6;;
83538;24/07/2018;0000;;;;0;
83538;24/07/2018;1200;1.2;;11.6;;
83538;25/07/2018;0000;;;;0;
83538;25/07/2018;1200;0;;10.4;;
83538;26/07/2018;0000;;;;0;
83538;26/07/2018;1200;0;;10.2;;
83538;28/07/2018;0000;;;;0;
83538;28/07/2018;1200;0;;9.6;;
83538;29/07/2018;0000;;;;0;
83538;29/07/2018;1200;0;;10.6;;
83538;30/07/2018;0000;;;;0;
83538;30/07/2018;1200;0;;12.6;;
83538;31/07/2018;0000;;;;0;
83538;31/07/2018;1200;0;;13;;
83538;01/08/2018;1200;0;;14.1;;
83538;02/08/2018;0000;;;;0;
83538;02/08/2018;1200;0;;14.8;;
83538;03/08/2018;1200;2;;;;
83538;04/08/2018;0000;;;;0;
83538;04/08/2018;1200;0;;14;;
83538;05/08/2018;0000;;;;0;
83538;05/08/2018;1200;0;;14.6;;
83538;06/08/2018;1200;0;;13.6;;
83538;07/08/2018;1200;16.8;;13.4;;
83538;09/08/2018;0000;;;;0;
83538;09/08/2018;1200;0;;14.5;;
83538;10/08/2018;0000;;;;0;
83538;10/08/2018;1200;0;;14.5;;
83538;11/08/2018;0000;;;;0;
83538;11/08/2018;1200;0;;14.4;;
83538;12/08/2018;0000;;;;0;
83538;12/08/2018;1200;0;;14.8;;
83538;13/08/2018;1200;0;;9.8;;
83538;14/08/2018;0000;;;;0;
83538;14/08/2018;1200;0;;12;;
83538;16/08/2018;1200;0;;12.3;;
83538;17/08/2018;1200;6.2;;14;;
83538;18/08/2018;0000;;;;0;
83538;18/08/2018;1200;0.1;;12.8;;
83538;19/08/2018;0000;;;;0;
83538;19/08/2018;1200;0.1;;11.6;;
83538;20/08/2018;0000;;;;0;
83538;20/08/2018;1200;0;;10;;
83538;21/08/2018;0000;;;;0;
83538;21/08/2018;1200;0;;11.5;;
83538;22/08/2018;0000;;;;0;
83538;22/08/2018;1200;0;;11.2;;
83538;23/08/2018;0000;;;;0;
83538;23/08/2018;1200;0;;13;;
83538;24/08/2018;0000;;;;0;
83538;24/08/2018;1200;0;;12.8;;
83538;25/08/2018;0000;;;;0;
83538;25/08/2018;1200;0;;14.7;;
83538;26/08/2018;0000;;;;0;
83538;26/08/2018;1200;7.6;;14;;
83538;27/08/2018;1200;0;;14.5;;
83538;28/08/2018;1200;0;;14.1;;
83538;29/08/2018;0000;;;;0;
83538;29/08/2018;1200;0;;12.7;;
83538;30/08/2018;0000;;;;0;
83538;30/08/2018;1200;0.5;;13;;
83538;31/08/2018;0000;;;;0;
83538;31/08/2018;1200;0;;10.6;;
83538;01/09/2018;0000;;;;0;
83538;01/09/2018;1200;0;;13;;
83538;02/09/2018;0000;;;;0;
83538;02/09/2018;1200;0;;14;;
83538;03/09/2018;0000;;;;0;
83538;03/09/2018;1200;0;;14.3;;
83538;04/09/2018;0000;;;;0;
83538;04/09/2018;1200;0;;14;;
83538;05/09/2018;1200;0;;12.4;;
83538;06/09/2018;0000;;;;0;
83538;06/09/2018;1200;0;;13.1;;
83538;07/09/2018;0000;;;;0;
83538;07/09/2018;1200;0;;13.6;;
83538;08/09/2018;0000;;;;0;
83538;08/09/2018;1200;0;;10.2;;
83538;09/09/2018;0000;;;;0;
83538;09/09/2018;1200;0;;10.2;;
83538;10/09/2018;0000;;;;0;
83538;10/09/2018;1200;0;;10.2;;
83538;11/09/2018;0000;;;;0;
83538;11/09/2018;1200;0;;12.9;;
83538;12/09/2018;1200;0;;13.4;;
83538;13/09/2018;1200;0;;13.4;;
83538;14/09/2018;1200;0;;12.7;;
83538;15/09/2018;0000;;;;0;
83538;15/09/2018;1200;0;;15.4;;
83538;16/09/2018;0000;;;;0;
83538;16/09/2018;1200;0;;14.6;;
83538;17/09/2018;0000;;;;0;
83538;17/09/2018;1200;2.6;;17;;
83538;18/09/2018;1200;0.4;;16.6;;
83538;19/09/2018;1200;3.6;;17;;
83538;20/09/2018;1200;0.2;;16.6;;
83538;21/09/2018;0000;;;;0;
83538;21/09/2018;1200;13.4;;16.4;;
83538;22/09/2018;1200;0;;16.4;;
83538;23/09/2018;0000;;;;0;
83538;23/09/2018;1200;0;;16.8;;
83538;24/09/2018;1200;0;;16.4;;
83538;25/09/2018;0000;;;;0;
83538;25/09/2018;1200;0;;15;;
83538;26/09/2018;0000;;;;0;
83538;26/09/2018;1200;0;;14.8;;
83538;27/09/2018;0000;;;;0;
83538;27/09/2018;1200;0;;15.6;;
83538;28/09/2018;0000;;;;0;
83538;28/09/2018;1200;0;;17.3;;
83538;29/09/2018;1200;0;;17.8;;
83538;30/09/2018;0000;;;;0;
83538;30/09/2018;1200;0;;16.9;;
83538;01/10/2018;0000;;;;0;
83538;01/10/2018;1200;0;;16.8;;
83538;02/10/2018;0000;;;;0;
83538;02/10/2018;1200;0;;17.2;;
83538;03/10/2018;1200;0;;17;;
83538;04/10/2018;0000;;;;0;
83538;04/10/2018;1200;0;;17.6;;
83538;05/10/2018;0000;;;;0;
83538;05/10/2018;1200;0;;18.8;;
83538;06/10/2018;1200;0;;17;;
83538;07/10/2018;0000;;;;0;
83538;07/10/2018;1200;0;;14.8;;
83538;08/10/2018;0000;;;;0;
83538;08/10/2018;1200;0;;16.7;;
83538;09/10/2018;1200;0;;16.3;;
83538;10/10/2018;0000;;;;0;
83538;10/10/2018;1200;0;;18.6;;
83538;11/10/2018;0000;;;;0;
83538;11/10/2018;1200;0;;19.8;;
83538;12/10/2018;1200;0;;18.1;;
83538;13/10/2018;0000;;;;0;
83538;13/10/2018;1200;0;;16.1;;
83538;14/10/2018;0000;;;;0;
83538;14/10/2018;1200;0;;19.9;;
83538;15/10/2018;1200;29.3;;17.9;;
83538;16/10/2018;0000;;;;0;
83538;16/10/2018;1200;17.6;;18.6;;
83538;17/10/2018;0000;;;;0;
83538;17/10/2018;1200;0;;18.4;;
83538;18/10/2018;0000;;;;0;
83538;18/10/2018;1200;22.4;;18.4;;
83538;19/10/2018;0000;;;;0;
83538;19/10/2018;1200;4.4;;18.8;;
83538;20/10/2018;1200;0;;16.2;;
83538;21/10/2018;1200;1.7;;13.2;;
83538;22/10/2018;1200;1;;12.8;;
83538;23/10/2018;0000;;;;0;
83538;23/10/2018;1200;0.2;;15;;
83538;24/10/2018;1200;0;;16.7;;
83538;25/10/2018;1200;39.2;;17.1;;
83538;26/10/2018;0000;;;;0;
83538;26/10/2018;1200;9.1;;17;;
83538;27/10/2018;1200;1.2;;17.9;;
83538;28/10/2018;1200;11.5;;17.6;;
83538;29/10/2018;1200;12.1;;16.2;;
83538;30/10/2018;1200;0;;16.1;;
83538;31/10/2018;1200;0;;16.4;;
83538;01/11/2018;0000;;;;0;
83538;01/11/2018;1200;0;;16.8;;
83538;02/11/2018;1200;0;;19.2;;
83538;03/11/2018;0000;;;;0;
83538;03/11/2018;1200;0;;17.8;;
83538;04/11/2018;1200;0;;18.2;;
83538;05/11/2018;1200;0.4;;16.6;;
83538;06/11/2018;1200;4.4;;15.9;;
83538;07/11/2018;1200;1;;15.8;;
83538;08/11/2018;0000;;;;0;
83538;08/11/2018;1200;2.6;;15.8;;
83538;09/11/2018;1200;40;;14.6;;
83538;10/11/2018;1200;36.8;;15.2;;
83538;11/11/2018;1200;53.5;;15.3;;
83538;12/11/2018;0000;;;;0;
83538;12/11/2018;1200;5.5;;16.6;;
83538;13/11/2018;0000;;;;0;
83538;13/11/2018;1200;0.6;;17.3;;
83538;14/11/2018;1200;1;;17.2;;
83538;15/11/2018;0000;;;;0;
83538;15/11/2018;1200;13.6;;17.5;;
83538;16/11/2018;1200;0.2;;19;;
83538;17/11/2018;1200;43;;16.7;;
83538;18/11/2018;0000;;;;0;
83538;18/11/2018;1200;0;;17.4;;
83538;19/11/2018;0000;;;;0;
83538;19/11/2018;1200;0;;17.9;;
83538;20/11/2018;1200;0.2;;17.6;;
83538;21/11/2018;1200;1;;17.4;;
83538;22/11/2018;1200;1.8;;16.2;;
83538;23/11/2018;1200;0;;17;;
83538;24/11/2018;1200;0;;16.8;;
83538;25/11/2018;1200;14.2;;16.6;;
83538;26/11/2018;1200;2.4;;14.9;;
83538;27/11/2018;1200;0.2;;15.2;;
83538;28/11/2018;1200;0.2;;15.1;;
83538;29/11/2018;0000;;;;0;
83538;29/11/2018;1200;0;;14;;
83538;30/11/2018;0000;;;;0;
83538;30/11/2018;1200;0;;15.9;;
83538;01/12/2018;1200;2.9;;17.8;;
83538;03/12/2018;1200;36;;16.8;;
83538;04/12/2018;1200;43.4;;16.6;;
83538;05/12/2018;0000;;;;0;
83538;05/12/2018;1200;0.3;;16;;
83538;06/12/2018;0000;;;;0;
83538;06/12/2018;1200;0;;17.8;;
83538;07/12/2018;1200;5.8;;18.6;;
83538;08/12/2018;1200;33.6;;15.8;;
83538;10/12/2018;1200;1.4;;13;;
83538;11/12/2018;0000;;;;0;
83538;11/12/2018;1200;0.5;;16;;
83538;12/12/2018;0000;;;;0;
83538;12/12/2018;1200;0;;16;;
83538;13/12/2018;0000;;;;0;
83538;13/12/2018;1200;6.1;;16.8;;
83538;14/12/2018;0000;;;;0;
83538;14/12/2018;1200;0;;15.8;;
83538;16/12/2018;0000;;;;0;
83538;16/12/2018;1200;0;;15.6;;
83538;17/12/2018;0000;;;;0;
83538;17/12/2018;1200;0;;14.8;;
83538;18/12/2018;0000;;;;0;
83538;18/12/2018;1200;0;;14.8;;
83538;19/12/2018;1200;0;;18.6;;
83538;20/12/2018;0000;;;;0;
83538;20/12/2018;1200;3.2;;18.2;;
83538;21/12/2018;1200;0;;17.6;;
83538;22/12/2018;1200;6.1;;16.4;;
83538;23/12/2018;1200;0.1;;;;
83538;24/12/2018;1200;0;;17.8;;
83538;25/12/2018;0000;;;;0;
83538;25/12/2018;1200;8.8;;16.2;;
83538;26/12/2018;1200;10.4;;16.8;;
83538;27/12/2018;1200;3.9;;17.6;;
83538;28/12/2018;1200;16.9;;17.6;;
83538;29/12/2018;1200;2.3;;16.6;;
83538;31/12/2018;1200;5;;16.6;;
83538;01/01/2019;1200;21.1;;16;;
83538;02/01/2019;0000;;;;0;
83538;02/01/2019;1200;32.4;;16.8;;
83538;03/01/2019;0000;;;;0;
83538;03/01/2019;1200;0;;17.2;;
83538;04/01/2019;1200;0;;18.2;;
83538;06/01/2019;1200;0;;16.8;;
83538;07/01/2019;0000;;;;0;
83538;07/01/2019;1200;0;;16.6;;
83538;08/01/2019;0000;;;;0;
83538;08/01/2019;1200;0;;16.3;;
83538;09/01/2019;0000;;;;0;
83538;09/01/2019;1200;0;;15.8;;
83538;10/01/2019;1200;0.6;;16.2;;
83538;11/01/2019;0000;;;;0;
83538;11/01/2019;1200;0;;15.6;;
83538;12/01/2019;0000;;;;0;
83538;12/01/2019;1200;0;;17.3;;
83538;14/01/2019;0000;;;;0;
83538;14/01/2019;1200;0;;16.4;;
83538;15/01/2019;0000;;;;0;
83538;15/01/2019;1200;0;;16.8;;
83538;16/01/2019;0000;;;;0;
83538;16/01/2019;1200;0;;18.4;;
83538;17/01/2019;0000;;;;0;
83538;17/01/2019;1200;0;;18.4;;
83538;18/01/2019;0000;;;;0;
83538;18/01/2019;1200;0;;17.2;;
83538;19/01/2019;0000;;;;0;
83538;19/01/2019;1200;0;;20.4;;
83538;21/01/2019;0000;;;;0;
83538;21/01/2019;1200;0;;21.8;;
83538;22/01/2019;0000;;;;0;
83538;22/01/2019;1200;0;;17.2;;
83538;23/01/2019;0000;;;;0;
83538;23/01/2019;1200;0;;17;;
83538;24/01/2019;0000;;;;0;
83538;24/01/2019;1200;0;;16;;
83538;25/01/2019;0000;;;;0;
83538;25/01/2019;1200;0;;16.8;;
83538;26/01/2019;1200;7.9;;16.6;;
83538;28/01/2019;0000;;;;0;
83538;28/01/2019;1200;0;;17;;
83538;29/01/2019;0000;;;;0;
83538;29/01/2019;1200;0;;16.4;;
83538;30/01/2019;1200;0;;17.2;;
83538;31/01/2019;0000;;;;0;
83538;31/01/2019;1200;0;;16.8;;
83538;02/02/2019;0000;;;;0;
83538;02/02/2019;1200;0;;16.4;;
83538;03/02/2019;0000;;;;0;
83538;03/02/2019;1200;0;;17.6;;
83538;04/02/2019;0000;;;;0;
83538;04/02/2019;1200;0;;17;;
83538;05/02/2019;1200;9;;17;;
83538;06/02/2019;1200;3.4;;17.4;;
83538;07/02/2019;0000;;;;0;
83538;07/02/2019;1200;19;;17;;
83538;08/02/2019;0000;;;;0;
83538;08/02/2019;1200;3.9;;15.8;;
83538;09/02/2019;1200;27.9;;15.8;;
83538;11/02/2019;0000;;;;0;
83538;11/02/2019;1200;5.8;;18;;
83538;12/02/2019;1200;0;;16.2;;
83538;13/02/2019;1200;0;;18.8;;
83538;14/02/2019;1200;21;;17.2;;
83538;15/02/2019;1200;0.7;;17.2;;
83538;16/02/2019;1200;1.1;;17.2;;
83538;18/02/2019;1200;69;;17;;
83538;19/02/2019;0000;;;;0;
83538;19/02/2019;1200;4.2;;16.8;;
83538;20/02/2019;1200;0;;19.4;;
83538;21/02/2019;0000;;;;0;
83538;21/02/2019;1200;0.2;;18.8;;
83538;22/02/2019;0000;;;;0;
83538;22/02/2019;1200;0;;18.4;;
83538;23/02/2019;0000;;;;0;
83538;23/02/2019;1200;0;;17.8;;
83538;25/02/2019;0000;;;;0;
83538;25/02/2019;1200;0;;18.8;;
83538;26/02/2019;1200;0;;18.8;;
83538;27/02/2019;1200;0;;19;;
83538;28/02/2019;1200;0.9;;18.8;;
83538;01/03/2019;0000;;;;0;
83538;01/03/2019;1200;0;;18.4;;
83538;02/03/2019;1200;13.8;;18;;
83538;04/03/2019;0000;;;;0;
83538;04/03/2019;1200;0;;17.6;;
83538;05/03/2019;0000;;;;0;
83538;05/03/2019;1200;0;;17.2;;
83538;06/03/2019;0000;;;;0;
83538;06/03/2019;1200;0;;18;;
83538;07/03/2019;0000;;;;0;
83538;07/03/2019;1200;0;;17.6;;
83538;08/03/2019;0000;;;;0;
83538;08/03/2019;1200;0;;16.8;;
83538;09/03/2019;0000;;;;0;
83538;09/03/2019;1200;0;;16.8;;
83538;11/03/2019;0000;;;;0;
83538;11/03/2019;1200;4.8;;18.2;;
83538;12/03/2019;0000;;;;0;
83538;12/03/2019;1200;0;;16.6;;
83538;13/03/2019;0000;;;;0;
83538;13/03/2019;1200;0;;18;;
83538;14/03/2019;0000;;;;0;
83538;14/03/2019;1200;0;;16.6;;
83538;15/03/2019;1200;0;;17.6;;
83538;16/03/2019;1200;10.1;;17.4;;
83538;18/03/2019;1200;0;;17.4;;
83538;19/03/2019;0000;;;;0;
83538;19/03/2019;1200;0;;17.4;;
83538;20/03/2019;1200;1.3;;18.8;;
83538;21/03/2019;1200;1.2;;18.2;;
83538;22/03/2019;0000;;;;0;
83538;22/03/2019;1200;51.6;;16.8;;
83538;23/03/2019;1200;13.8;;15;;
83538;25/03/2019;0000;;;;0;
83538;25/03/2019;1200;0;;14.6;;
83538;26/03/2019;1200;0;;18;;
83538;27/03/2019;1200;14.6;;18.4;;
83538;28/03/2019;0000;;;;0;
83538;28/03/2019;1200;0;;17.8;;
83538;29/03/2019;0000;;;;0;
83538;29/03/2019;1200;0;;16.4;;
83538;30/03/2019;0000;;;;0;
83538;30/03/2019;1200;0;;16.4;;

		
	
[Fechar] <#>
	
		

