--------------------
BDMEP - INMET
--------------------
Estação           : ITAPERUNA - RJ (OMM: 83695)
Latitude  (graus) : -21.2
Longitude (graus) : -41.9
Altitude  (metros): 123.59
Estação Operante
Inicio de operação: 01/01/1922
Periodo solicitado dos dados: 01/01/2018 a 30/03/2019
Os dados listados abaixo são os que encontram-se digitados no BDMEP
Hora em UTC
--------------------
Obs.: Os dados aparecem separados por ; (ponto e vírgula) no formato txt.
      Para o formato planilha XLS, siga as instruções <http://www.inmet.gov.br/projetos/rede/pesquisa/instrucao.html>
--------------------
Estacao;Data;Hora;Precipitacao;TempMaxima;TempMinima;Velocidade do Vento Media;
83695;01/01/2018;0000;;35.5;;;
83695;01/01/2018;1200;3.6;;23;;
83695;02/01/2018;0000;;36.5;;;
83695;02/01/2018;1200;0.3;;24;;
83695;03/01/2018;0000;;35;;;
83695;03/01/2018;1200;0;;25.7;;
83695;04/01/2018;0000;;28.8;;;
83695;04/01/2018;1200;3.4;;23.4;;
83695;05/01/2018;0000;;33.8;;;
83695;05/01/2018;1200;60;;22.5;;
83695;06/01/2018;0000;;32.8;;;
83695;06/01/2018;1200;9.2;;22.6;;
83695;07/01/2018;0000;;34.4;;;
83695;07/01/2018;1200;18.2;;22.8;;
83695;08/01/2018;0000;;33.2;;;
83695;08/01/2018;1200;0;;23.5;;
83695;09/01/2018;0000;;33;;;
83695;09/01/2018;1200;0;;23.2;;
83695;10/01/2018;0000;;31.8;;;
83695;10/01/2018;1200;0;;23.4;;
83695;11/01/2018;0000;;32;;;
83695;11/01/2018;1200;0;;21.5;;
83695;12/01/2018;0000;;33.3;;;
83695;12/01/2018;1200;0;;23.5;;
83695;13/01/2018;0000;;34;;;
83695;13/01/2018;1200;0;;22.6;;
83695;14/01/2018;0000;;34;;;
83695;14/01/2018;1200;0;;24.7;;
83695;15/01/2018;0000;;34.5;;;
83695;15/01/2018;1200;0;;24.4;;
83695;16/01/2018;0000;;36;;;
83695;16/01/2018;1200;0;;24.5;;
83695;17/01/2018;0000;;36.2;;;
83695;17/01/2018;1200;0;;23.4;;
83695;18/01/2018;0000;;37;;;
83695;18/01/2018;1200;0;;22.2;;
83695;19/01/2018;0000;;38.2;;;
83695;19/01/2018;1200;0;;22.2;;
83695;20/01/2018;0000;;37.2;;;
83695;20/01/2018;1200;0;;24.6;;
83695;21/01/2018;0000;;37.2;;;
83695;21/01/2018;1200;0;;23.5;;
83695;22/01/2018;0000;;36;;;
83695;22/01/2018;1200;15.4;;25;;
83695;23/01/2018;0000;;34.5;;;
83695;23/01/2018;1200;0;;23.2;;
83695;24/01/2018;0000;;35.2;;;
83695;24/01/2018;1200;2;;23;;
83695;25/01/2018;0000;;36.2;;;
83695;25/01/2018;1200;0;;22.4;;
83695;26/01/2018;0000;;34.8;;;
83695;26/01/2018;1200;12;;22.4;;
83695;27/01/2018;0000;;34.2;;;
83695;27/01/2018;1200;0;;23;;
83695;28/01/2018;0000;;34.6;;;
83695;28/01/2018;1200;0;;22.4;;
83695;29/01/2018;0000;;35.8;;;
83695;29/01/2018;1200;0;;23.6;;
83695;30/01/2018;0000;;28.2;;;
83695;30/01/2018;1200;19;;22.6;;
83695;31/01/2018;0000;;26.8;;;
83695;31/01/2018;1200;74.2;;21.7;;
83695;01/02/2018;0000;;29.4;;;
83695;01/02/2018;1200;5.9;;21.5;;
83695;02/02/2018;0000;;32.5;;;
83695;02/02/2018;1200;0;;21.5;;
83695;03/02/2018;0000;;31.6;;;
83695;03/02/2018;1200;0;;23;;
83695;04/02/2018;0000;;25.6;;;
83695;04/02/2018;1200;6;;21.3;;
83695;05/02/2018;0000;;22.4;;;
83695;05/02/2018;1200;16.2;;18.1;;
83695;06/02/2018;0000;;30;;;
83695;06/02/2018;1200;32.4;;20.3;;
83695;07/02/2018;0000;;31.5;;;
83695;07/02/2018;1200;10.6;;22.2;;
83695;08/02/2018;0000;;32.5;;;
83695;08/02/2018;1200;0;;21.9;;
83695;09/02/2018;0000;;33.5;;;
83695;09/02/2018;1200;0;;22.6;;
83695;10/02/2018;0000;;33.6;;;
83695;10/02/2018;1200;0;;24.6;;
83695;11/02/2018;0000;;34;;;
83695;11/02/2018;1200;0;;23.2;;
83695;12/02/2018;0000;;34.8;;;
83695;12/02/2018;1200;0;;21.3;;
83695;13/02/2018;0000;;35;;;
83695;13/02/2018;1200;0;;22.8;;
83695;14/02/2018;0000;;33.2;;;
83695;14/02/2018;1200;0;;24.6;;
83695;15/02/2018;0000;;32.6;;;
83695;15/02/2018;1200;0;;22.8;;
83695;16/02/2018;0000;;33.5;;;
83695;16/02/2018;1200;0;;22.6;;
83695;17/02/2018;0000;;33;;;
83695;17/02/2018;1200;0;;22.5;;
83695;18/02/2018;0000;;33;;;
83695;18/02/2018;1200;0;;23.5;;
83695;19/02/2018;0000;;31;;;
83695;19/02/2018;1200;0;;22.8;;
83695;20/02/2018;0000;;34.5;;;
83695;20/02/2018;1200;0;;24;;
83695;21/02/2018;0000;;33.5;;;
83695;21/02/2018;1200;0;;23.8;;
83695;22/02/2018;0000;;34;;;
83695;22/02/2018;1200;9.6;;24.8;;
83695;23/02/2018;0000;;32;;;
83695;23/02/2018;1200;6;;23.5;;
83695;24/02/2018;0000;;29.6;;;
83695;24/02/2018;1200;8;;23.2;;
83695;25/02/2018;0000;;31;;;
83695;25/02/2018;1200;0;;21.7;;
83695;26/02/2018;0000;;32.5;;;
83695;26/02/2018;1200;0;;22.6;;
83695;27/02/2018;0000;;32.5;;;
83695;27/02/2018;1200;24.6;;22.4;;
83695;28/02/2018;0000;;33.8;;;
83695;28/02/2018;1200;0;;23.6;;
83695;01/03/2018;0000;;33.2;;;
83695;01/03/2018;1200;27.8;;23;;
83695;02/03/2018;0000;;35;;;
83695;02/03/2018;1200;0;;23.2;;
83695;03/03/2018;0000;;34.2;;;
83695;03/03/2018;1200;22.6;;22.5;;
83695;04/03/2018;0000;;32;;;
83695;04/03/2018;1200;9.5;;23;;
83695;05/03/2018;0000;;35.4;;;
83695;05/03/2018;1200;0;;25.2;;
83695;06/03/2018;0000;;33.8;;;
83695;06/03/2018;1200;0;;24;;
83695;07/03/2018;0000;;34;;;
83695;07/03/2018;1200;0;;24.6;;
83695;08/03/2018;0000;;31.6;;;
83695;08/03/2018;1200;3.2;;23.4;;
83695;09/03/2018;0000;;27.8;;;
83695;09/03/2018;1200;44;;23.8;;
83695;10/03/2018;0000;;30.6;;;
83695;10/03/2018;1200;1.8;;21.5;;
83695;11/03/2018;0000;;32;;;
83695;11/03/2018;1200;28.6;;23.6;;
83695;12/03/2018;0000;;33.8;;;
83695;12/03/2018;1200;0;;22.8;;
83695;13/03/2018;0000;;34.5;;;
83695;13/03/2018;1200;0;;23.4;;
83695;14/03/2018;0000;;33.5;;;
83695;14/03/2018;1200;3.9;;24;;
83695;15/03/2018;0000;;34.5;;;
83695;15/03/2018;1200;0;;25;;
83695;16/03/2018;0000;;35.4;;;
83695;16/03/2018;1200;0;;24.6;;
83695;17/03/2018;0000;;28.9;;;
83695;17/03/2018;1200;0;;24.6;;
83695;18/03/2018;0000;;32.8;;;
83695;18/03/2018;1200;1.8;;22.4;;
83695;19/03/2018;0000;;34.5;;;
83695;19/03/2018;1200;0;;22.8;;
83695;20/03/2018;0000;;35.6;;;
83695;20/03/2018;1200;0;;24.4;;
83695;21/03/2018;0000;;28.8;;;
83695;21/03/2018;1200;16.2;;24;;
83695;22/03/2018;0000;;30.4;;;
83695;22/03/2018;1200;3.8;;22.5;;
83695;23/03/2018;0000;;31;;;
83695;23/03/2018;1200;71.8;;22.5;;
83695;24/03/2018;0000;;31.4;;;
83695;24/03/2018;1200;1.7;;21.9;;
83695;25/03/2018;0000;;32;;;
83695;25/03/2018;1200;0;;21.7;;
83695;26/03/2018;0000;;32.5;;;
83695;26/03/2018;1200;0;;21.9;;
83695;27/03/2018;0000;;32;;;
83695;27/03/2018;1200;0;;21.7;;
83695;28/03/2018;0000;;31.2;;;
83695;28/03/2018;1200;0;;22.4;;
83695;29/03/2018;0000;;31;;;
83695;29/03/2018;1200;0;;21.7;;
83695;30/03/2018;0000;;31.2;;;
83695;30/03/2018;1200;0;;23.4;;
83695;31/03/2018;0000;;32;;;
83695;31/03/2018;1200;0;;21.2;;
83695;01/04/2018;0000;;33.2;;;
83695;01/04/2018;1200;0;;20.7;;
83695;02/04/2018;0000;;34.2;;;
83695;02/04/2018;1200;0;;21.3;;
83695;03/04/2018;0000;;34.6;;;
83695;03/04/2018;1200;0;;24.4;;
83695;04/04/2018;0000;;30;;;
83695;04/04/2018;1200;6.2;;23.5;;
83695;05/04/2018;0000;;31.2;;;
83695;05/04/2018;1200;24.4;;22.7;;
83695;06/04/2018;0000;;28.2;;;
83695;06/04/2018;1200;1;;23.5;;
83695;07/04/2018;0000;;30.6;;;
83695;07/04/2018;1200;0.7;;22.8;;
83695;08/04/2018;0000;;30.5;;;
83695;08/04/2018;1200;0;;21.9;;
83695;09/04/2018;0000;;31;;;
83695;09/04/2018;1200;0;;21.9;;
83695;10/04/2018;0000;;30.5;;;
83695;10/04/2018;1200;0;;21.7;;
83695;11/04/2018;0000;;30;;;
83695;11/04/2018;1200;0.8;;20.4;;
83695;12/04/2018;0000;;30.2;;;
83695;12/04/2018;1200;0;;20.5;;
83695;13/04/2018;0000;;31;;;
83695;13/04/2018;1200;0;;22.2;;
83695;14/04/2018;0000;;31.6;;;
83695;14/04/2018;1200;0;;22.2;;
83695;15/04/2018;0000;;31.5;;;
83695;15/04/2018;1200;0;;21.9;;
83695;16/04/2018;0000;;25.5;;;
83695;16/04/2018;1200;10;;21.7;;
83695;17/04/2018;0000;;27;;;
83695;17/04/2018;1200;2.3;;18.6;;
83695;18/04/2018;0000;;28;;;
83695;18/04/2018;1200;0;;16.8;;
83695;19/04/2018;0000;;28.6;;;
83695;19/04/2018;1200;0;;17;;
83695;20/04/2018;0000;;29.8;;;
83695;20/04/2018;1200;0;;17.2;;
83695;21/04/2018;0000;;27.6;;;
83695;21/04/2018;1200;0;;18.3;;
83695;22/04/2018;0000;;27.8;;;
83695;22/04/2018;1200;0;;20.3;;
83695;23/04/2018;0000;;28.6;;;
83695;23/04/2018;1200;0;;20.6;;
83695;24/04/2018;0000;;30.4;;;
83695;24/04/2018;1200;2.8;;20.4;;
83695;25/04/2018;0000;;30.5;;;
83695;25/04/2018;1200;3;;21.3;;
83695;26/04/2018;0000;;30.5;;;
83695;26/04/2018;1200;0;;20.1;;
83695;27/04/2018;0000;;28.6;;;
83695;27/04/2018;1200;0;;21.4;;
83695;28/04/2018;0000;;28.8;;;
83695;28/04/2018;1200;13.4;;18.5;;
83695;29/04/2018;0000;;28.8;;;
83695;29/04/2018;1200;0;;18.7;;
83695;30/04/2018;0000;;29.6;;;
83695;30/04/2018;1200;0;;17.4;;
83695;01/05/2018;0000;;32.2;;;
83695;01/05/2018;1200;0;;16.6;;
83695;02/05/2018;0000;;31;;;
83695;02/05/2018;1200;0;;17;;
83695;03/05/2018;0000;;30.4;;;
83695;03/05/2018;1200;0;;21.2;;
83695;04/05/2018;0000;;30.4;;;
83695;04/05/2018;1200;0;;20.4;;
83695;05/05/2018;0000;;30.8;;;
83695;05/05/2018;1200;0;;21.1;;
83695;06/05/2018;0000;;31;;;
83695;06/05/2018;1200;0;;18.9;;
83695;07/05/2018;0000;;29.6;;;
83695;07/05/2018;1200;0;;20.9;;
83695;08/05/2018;0000;;28;;;
83695;08/05/2018;1200;0;;20.5;;
83695;09/05/2018;0000;;26.4;;;
83695;09/05/2018;1200;6.4;;20.1;;
83695;10/05/2018;0000;;27.6;;;
83695;10/05/2018;1200;0;;21.1;;
83695;11/05/2018;0000;;29.5;;;
83695;11/05/2018;1200;0;;17.1;;
83695;12/05/2018;0000;;32.5;;;
83695;12/05/2018;1200;0;;17.1;;
83695;13/05/2018;0000;;28.4;;;
83695;13/05/2018;1200;0;;19.7;;
83695;14/05/2018;0000;;27;;;
83695;14/05/2018;1200;0;;19.7;;
83695;15/05/2018;0000;;27.8;;;
83695;15/05/2018;1200;0.4;;20.4;;
83695;16/05/2018;0000;;32.4;;;
83695;16/05/2018;1200;0;;19.2;;
83695;17/05/2018;0000;;27.6;;;
83695;17/05/2018;1200;1.4;;20.5;;
83695;18/05/2018;0000;;29.4;;;
83695;18/05/2018;1200;0;;21.3;;
83695;19/05/2018;0000;;31.8;;;
83695;19/05/2018;1200;0;;20.1;;
83695;20/05/2018;0000;;26.2;;;
83695;20/05/2018;1200;0;;16.6;;
83695;21/05/2018;0000;;26.4;;;
83695;21/05/2018;1200;1.8;;12.2;;
83695;22/05/2018;0000;;28;;;
83695;22/05/2018;1200;0;;12.9;;
83695;23/05/2018;0000;;29.4;;;
83695;23/05/2018;1200;0;;14;;
83695;24/05/2018;0000;;27.2;;;
83695;24/05/2018;1200;0;;16.1;;
83695;25/05/2018;0000;;22.5;;;
83695;25/05/2018;1200;0.2;;18.7;;
83695;26/05/2018;0000;;24.2;;;
83695;26/05/2018;1200;0.3;;18.5;;
83695;27/05/2018;0000;;26.8;;;
83695;27/05/2018;1200;0;;13.8;;
83695;28/05/2018;0000;;27.2;;;
83695;28/05/2018;1200;0;;15;;
83695;29/05/2018;0000;;25.5;;;
83695;29/05/2018;1200;2.2;;17.1;;
83695;30/05/2018;0000;;24.4;;;
83695;30/05/2018;1200;1.6;;16.2;;
83695;31/05/2018;0000;;27.6;;;
83695;31/05/2018;1200;0;;16.9;;
83695;01/06/2018;0000;;29.5;;;
83695;01/06/2018;1200;0;;18.1;;
83695;02/06/2018;0000;;32.2;;;
83695;02/06/2018;1200;0;;18.1;;
83695;03/06/2018;0000;;31;;;
83695;03/06/2018;1200;0;;16.6;;
83695;04/06/2018;0000;;25;;;
83695;04/06/2018;1200;13.6;;19.1;;
83695;05/06/2018;0000;;25;;;
83695;05/06/2018;1200;0;;18.3;;
83695;06/06/2018;0000;;28;;;
83695;06/06/2018;1200;0;;17.9;;
83695;07/06/2018;0000;;30;;;
83695;07/06/2018;1200;0;;18.2;;
83695;08/06/2018;0000;;31;;;
83695;08/06/2018;1200;0;;19.2;;
83695;09/06/2018;0000;;25;;;
83695;09/06/2018;1200;0;;20.9;;
83695;10/06/2018;0000;;28.8;;;
83695;10/06/2018;1200;0;;19.7;;
83695;11/06/2018;0000;;30.5;;;
83695;11/06/2018;1200;0;;18.7;;
83695;12/06/2018;0000;;32.5;;;
83695;12/06/2018;1200;0;;17.2;;
83695;13/06/2018;0000;;32.8;;;
83695;13/06/2018;1200;0;;17.9;;
83695;14/06/2018;0000;;30.8;;;
83695;14/06/2018;1200;0;;18.1;;
83695;15/06/2018;0000;;25.8;;;
83695;15/06/2018;1200;0;;19.7;;
83695;16/06/2018;0000;;27.5;;;
83695;16/06/2018;1200;0;;19.7;;
83695;17/06/2018;0000;;28;;;
83695;17/06/2018;1200;0;;19.2;;
83695;18/06/2018;0000;;25.5;;;
83695;18/06/2018;1200;0.8;;18.2;;
83695;19/06/2018;0000;;23.6;;;
83695;19/06/2018;1200;1.6;;17.4;;
83695;20/06/2018;0000;;27.5;;;
83695;20/06/2018;1200;0;;14.1;;
83695;21/06/2018;0000;;29.5;;;
83695;21/06/2018;1200;0;;14.1;;
83695;22/06/2018;0000;;31.2;;;
83695;22/06/2018;1200;0;;15;;
83695;23/06/2018;0000;;31;;;
83695;23/06/2018;1200;0;;16.6;;
83695;24/06/2018;0000;;32;;;
83695;24/06/2018;1200;0;;15.6;;
83695;25/06/2018;0000;;30.4;;;
83695;25/06/2018;1200;0;;15.2;;
83695;26/06/2018;0000;;31.7;;;
83695;26/06/2018;1200;0;;19.2;;
83695;27/06/2018;0000;;28.8;;;
83695;27/06/2018;1200;0;;20.3;;
83695;28/06/2018;0000;;29.4;;;
83695;28/06/2018;1200;0;;19.1;;
83695;29/06/2018;0000;;27.5;;;
83695;29/06/2018;1200;0;;19.1;;
83695;30/06/2018;0000;;28.8;;;
83695;30/06/2018;1200;0;;19.1;;
83695;01/07/2018;0000;;30.2;;;
83695;01/07/2018;1200;0;;16.2;;
83695;02/07/2018;0000;;31;;;
83695;02/07/2018;1200;0;;18;;
83695;03/07/2018;0000;;33.2;;;
83695;03/07/2018;1200;0;;18.3;;
83695;04/07/2018;0000;;28.6;;;
83695;04/07/2018;1200;0;;20.3;;
83695;05/07/2018;0000;;30.5;;;
83695;05/07/2018;1200;0;;18.5;;
83695;06/07/2018;0000;;31;;;
83695;06/07/2018;1200;0;;16.2;;
83695;07/07/2018;0000;;29.5;;;
83695;07/07/2018;1200;0;;13.5;;
83695;08/07/2018;0000;;31.5;;;
83695;08/07/2018;1200;0;;13.8;;
83695;09/07/2018;0000;;32.5;;;
83695;09/07/2018;1200;0;;14.5;;
83695;10/07/2018;0000;;29;;;
83695;10/07/2018;1200;0;;17.4;;
83695;11/07/2018;0000;;25.8;;;
83695;11/07/2018;1200;43;;15.4;;
83695;12/07/2018;0000;;20.6;;;
83695;12/07/2018;1200;0;;14.9;;
83695;13/07/2018;0000;;26.5;;;
83695;13/07/2018;1200;0;;16.4;;
83695;14/07/2018;0000;;27;;;
83695;14/07/2018;1200;0;;17;;
83695;15/07/2018;0000;;29.5;;;
83695;15/07/2018;1200;0;;14.2;;
83695;16/07/2018;0000;;30.5;;;
83695;16/07/2018;1200;0;;14.1;;
83695;17/07/2018;0000;;30.3;;;
83695;17/07/2018;1200;0;;15.1;;
83695;18/07/2018;0000;;29.4;;;
83695;18/07/2018;1200;0;;19.1;;
83695;19/07/2018;0000;;29.6;;;
83695;19/07/2018;1200;0;;16.6;;
83695;20/07/2018;0000;;30;;;
83695;20/07/2018;1200;0;;15;;
83695;21/07/2018;0000;;30.8;;;
83695;21/07/2018;1200;0;;14.6;;
83695;22/07/2018;0000;;28.8;;;
83695;22/07/2018;1200;0;;16.1;;
83695;23/07/2018;0000;;28;;;
83695;23/07/2018;1200;0;;17.6;;
83695;24/07/2018;0000;;28;;;
83695;24/07/2018;1200;0;;17.4;;
83695;25/07/2018;0000;;24;;;
83695;25/07/2018;1200;0;;17;;
83695;26/07/2018;0000;;28;;;
83695;26/07/2018;1200;0;;17.6;;
83695;27/07/2018;0000;;28;;0;
83695;27/07/2018;1200;0;;15.4;;
83695;28/07/2018;0000;;29;;;
83695;28/07/2018;1200;0;;15;;
83695;29/07/2018;0000;;31;;;
83695;29/07/2018;1200;0;;14;;
83695;30/07/2018;0000;;32;;;
83695;30/07/2018;1200;0;;14.6;;
83695;31/07/2018;0000;;30;;;
83695;31/07/2018;1200;0;;15.6;;
83695;01/08/2018;0000;;24;;;
83695;01/08/2018;1200;0.7;;18.6;;
83695;02/08/2018;0000;;22.4;;;
83695;02/08/2018;1200;23;;17.9;;
83695;03/08/2018;0000;;24;;;
83695;03/08/2018;1200;0.4;;17.6;;
83695;04/08/2018;0000;;28;;;
83695;04/08/2018;1200;4;;19.3;;
83695;05/08/2018;0000;;28.8;;;
83695;05/08/2018;1200;0;;18.9;;
83695;06/08/2018;0000;;25.8;;;
83695;06/08/2018;1200;0;;20.5;;
83695;07/08/2018;0000;;22.4;;;
83695;07/08/2018;1200;13.6;;17.9;;
83695;08/08/2018;0000;;25.4;;;
83695;08/08/2018;1200;7.6;;18.3;;
83695;09/08/2018;0000;;28.8;;;
83695;09/08/2018;1200;0;;19.7;;
83695;10/08/2018;0000;;27.8;;;
83695;10/08/2018;1200;0;;17.9;;
83695;11/08/2018;0000;;28.8;;;
83695;11/08/2018;1200;0;;19.3;;
83695;12/08/2018;0000;;27.6;;;
83695;12/08/2018;1200;0;;17;;
83695;13/08/2018;0000;;28;;;
83695;13/08/2018;1200;0;;15.1;;
83695;14/08/2018;0000;;27;;;
83695;14/08/2018;1200;0;;16.2;;
83695;15/08/2018;0000;;28;;;
83695;15/08/2018;1200;0;;13.5;;
83695;16/08/2018;0000;;25.5;;;
83695;16/08/2018;1200;0;;18.7;;
83695;17/08/2018;0000;;21.6;;;
83695;17/08/2018;1200;0;;18.5;;
83695;18/08/2018;0000;;24.5;;;
83695;18/08/2018;1200;2.1;;16.6;;
83695;19/08/2018;0000;;27.6;;;
83695;19/08/2018;1200;0;;16.4;;
83695;20/08/2018;0000;;28.5;;;
83695;20/08/2018;1200;0;;16.5;;
83695;21/08/2018;0000;;29.2;;;
83695;21/08/2018;1200;0;;17.9;;
83695;22/08/2018;0000;;29.4;;;
83695;22/08/2018;1200;0;;19.2;;
83695;23/08/2018;0000;;30.8;;;
83695;23/08/2018;1200;0;;17.6;;
83695;24/08/2018;0000;;32;;;
83695;24/08/2018;1200;0;;16.2;;
83695;25/08/2018;0000;;31;;;
83695;25/08/2018;1200;0;;17.1;;
83695;26/08/2018;0000;;30;;;
83695;26/08/2018;1200;0;;19.5;;
83695;27/08/2018;0000;;23.2;;;
83695;27/08/2018;1200;0;;18.3;;
83695;28/08/2018;0000;;23.5;;;
83695;28/08/2018;1200;0.6;;18.1;;
83695;29/08/2018;0000;;26.4;;;
83695;29/08/2018;1200;0;;15.1;;
83695;30/08/2018;0000;;29.6;;;
83695;30/08/2018;1200;0;;16.1;;
83695;31/08/2018;0000;;31.2;;;
83695;31/08/2018;1200;0;;18.5;;
83695;01/09/2018;0000;;33.4;;;
83695;01/09/2018;1200;0;;16.4;;
83695;02/09/2018;0000;;34;;;
83695;02/09/2018;1200;0;;18.7;;
83695;03/09/2018;0000;;34.8;;;
83695;03/09/2018;1200;0;;17.6;;
83695;04/09/2018;0000;;28.2;;;
83695;04/09/2018;1200;0;;20.4;;
83695;05/09/2018;0000;;27;;;
83695;05/09/2018;1200;2;;17.4;;
83695;06/09/2018;0000;;26;;;
83695;06/09/2018;1200;0;;15;;
83695;07/09/2018;0000;;27;;;
83695;07/09/2018;1200;0;;17.2;;
83695;08/09/2018;0000;;28;;;
83695;08/09/2018;1200;0;;14;;
83695;09/09/2018;0000;;29.5;;;
83695;09/09/2018;1200;0;;14.6;;
83695;10/09/2018;0000;;29.5;;;
83695;10/09/2018;1200;0;;15.4;;
83695;11/09/2018;0000;;27;;;
83695;11/09/2018;1200;0;;19.1;;
83695;12/09/2018;0000;;22;;;
83695;12/09/2018;1200;0;;18.9;;
83695;13/09/2018;0000;;25.5;;;
83695;13/09/2018;1200;0;;18.1;;
83695;14/09/2018;0000;;30.8;;;
83695;14/09/2018;1200;0;;14.6;;
83695;15/09/2018;0000;;28.3;;;
83695;15/09/2018;1200;6.9;;19.2;;
83695;16/09/2018;0000;;29.4;;;
83695;16/09/2018;1200;22;;18.5;;
83695;17/09/2018;0000;;23.5;;;
83695;17/09/2018;1200;0;;20.4;;
83695;18/09/2018;0000;;26.2;;;
83695;18/09/2018;1200;4.4;;20.4;;
83695;19/09/2018;0000;;33.6;;;
83695;19/09/2018;1200;1.8;;21.7;;
83695;20/09/2018;0000;;31.5;;;
83695;20/09/2018;1200;0;;21.9;;
83695;21/09/2018;0000;;28.8;;;
83695;21/09/2018;1200;4.4;;20.4;;
83695;22/09/2018;0000;;31.4;;;
83695;22/09/2018;1200;0.1;;21.9;;
83695;23/09/2018;0000;;31.6;;;
83695;23/09/2018;1200;0;;19.2;;
83695;24/09/2018;0000;;34;;;
83695;24/09/2018;1200;0;;20.9;;
83695;25/09/2018;0000;;33;;;
83695;25/09/2018;1200;0;;20.4;;
83695;26/09/2018;0000;;33.8;;;
83695;26/09/2018;1200;0;;21.3;;
83695;27/09/2018;0000;;35.2;;;
83695;27/09/2018;1200;0;;19.5;;
83695;28/09/2018;0000;;34.3;;;
83695;28/09/2018;1200;0;;22.5;;
83695;29/09/2018;0000;;28;;;
83695;29/09/2018;1200;19.2;;22.4;;
83695;30/09/2018;0000;;30.8;;;
83695;30/09/2018;1200;0;;22.4;;
83695;01/10/2018;0000;;33.4;;;
83695;01/10/2018;1200;0;;22.8;;
83695;02/10/2018;0000;;35.3;;;
83695;02/10/2018;1200;0;;23.2;;
83695;03/10/2018;0000;;36.5;;;
83695;03/10/2018;1200;0;;21.5;;
83695;04/10/2018;0000;;33.6;;;
83695;04/10/2018;1200;0;;22.8;;
83695;05/10/2018;0000;;27.8;;;
83695;05/10/2018;1200;0;;20.8;;
83695;06/10/2018;0000;;25.5;;;
83695;06/10/2018;1200;1;;19.2;;
83695;07/10/2018;0000;;26;;;
83695;07/10/2018;1200;1;;17.9;;
83695;08/10/2018;0000;;32.8;;;
83695;08/10/2018;1200;0;;19.7;;
83695;09/10/2018;0000;;32.5;;;
83695;09/10/2018;1200;0;;20.1;;
83695;10/10/2018;0000;;36.8;;;
83695;10/10/2018;1200;0;;20.4;;
83695;11/10/2018;0000;;31.6;;;
83695;11/10/2018;1200;0;;23.7;;
83695;12/10/2018;0000;;30.6;;;
83695;12/10/2018;1200;0.3;;22.8;;
83695;13/10/2018;0000;;34.8;;;
83695;13/10/2018;1200;27.2;;21.4;;
83695;14/10/2018;0000;;33.2;;;
83695;14/10/2018;1200;0;;24.4;;
83695;15/10/2018;0000;;27.5;;;
83695;15/10/2018;1200;0;;21.5;;
83695;16/10/2018;0000;;25.5;;;
83695;16/10/2018;1200;0;;20.3;;
83695;17/10/2018;0000;;31;;;
83695;17/10/2018;1200;0;;21.7;;
83695;18/10/2018;0000;;33;;;
83695;18/10/2018;1200;0.9;;22.6;;
83695;19/10/2018;0000;;32;;;
83695;19/10/2018;1200;34.6;;21.9;;
83695;20/10/2018;0000;;27.2;;;
83695;20/10/2018;1200;6.6;;20.4;;
83695;21/10/2018;0000;;25.2;;;
83695;21/10/2018;1200;0;;18.2;;
83695;22/10/2018;0000;;28.8;;;
83695;22/10/2018;1200;0;;18;;
83695;23/10/2018;0000;;33.2;;;
83695;23/10/2018;1200;0;;16.6;;
83695;24/10/2018;0000;;31.4;;;
83695;24/10/2018;1200;0;;20.1;;
83695;25/10/2018;0000;;25.5;;;
83695;25/10/2018;1200;1.4;;20.4;;
83695;26/10/2018;0000;;26.5;;;
83695;26/10/2018;1200;10.2;;19.7;;
83695;27/10/2018;0000;;33.5;;;
83695;27/10/2018;1200;1.3;;21.7;;
83695;28/10/2018;0000;;29;;;
83695;28/10/2018;1200;3.2;;22.8;;
83695;29/10/2018;0000;;23.6;;;
83695;29/10/2018;1200;0;;20;;
83695;30/10/2018;0000;;27.3;;;
83695;30/10/2018;1200;0;;19.2;;
83695;31/10/2018;0000;;32.3;;;
83695;31/10/2018;1200;0;;20.5;;
83695;01/11/2018;0000;;34.7;;;
83695;01/11/2018;1200;0;;22.8;;
83695;02/11/2018;0000;;29.5;;;
83695;02/11/2018;1200;18.2;;21.4;;
83695;03/11/2018;0000;;34.6;;;
83695;03/11/2018;1200;0;;21.1;;
83695;04/11/2018;0000;;32.8;;;
83695;04/11/2018;1200;0;;22.6;;
83695;05/11/2018;0000;;23.5;;;
83695;05/11/2018;1200;5.6;;19.7;;
83695;06/11/2018;0000;;27;;;
83695;06/11/2018;1200;8.3;;19.2;;
83695;07/11/2018;0000;;32.5;;;
83695;07/11/2018;1200;0;;21.5;;
83695;08/11/2018;0000;;25.5;;;
83695;08/11/2018;1200;12.8;;19.5;;
83695;09/11/2018;0000;;23.4;;;
83695;09/11/2018;1200;25.4;;19.2;;
83695;10/11/2018;0000;;28.2;;;
83695;10/11/2018;1200;2.9;;20.4;;
83695;11/11/2018;0000;;32.6;;;
83695;11/11/2018;1200;0;;20.4;;
83695;12/11/2018;0000;;31.8;;;
83695;12/11/2018;1200;0;;22.3;;
83695;13/11/2018;0000;;32.2;;;
83695;13/11/2018;1200;0;;22.4;;
83695;14/11/2018;0000;;34;;;
83695;14/11/2018;1200;0;;23.2;;
83695;15/11/2018;0000;;34.2;;;
83695;15/11/2018;1200;0;;22.4;;
83695;16/11/2018;0000;;30.5;;;
83695;16/11/2018;1200;0;;24.6;;
83695;17/11/2018;0000;;29.5;;;
83695;17/11/2018;1200;1;;22.6;;
83695;18/11/2018;0000;;35;;;
83695;18/11/2018;1200;0;;22.4;;
83695;19/11/2018;0000;;32;;;
83695;19/11/2018;1200;0;;22.2;;
83695;20/11/2018;0000;;24;;;
83695;20/11/2018;1200;25;;19.3;;
83695;21/11/2018;0000;;23.6;;;
83695;21/11/2018;1200;22.6;;19.2;;
83695;22/11/2018;0000;;28.5;;;
83695;22/11/2018;1200;4.9;;21.3;;
83695;23/11/2018;0000;;32.4;;;
83695;23/11/2018;1200;0.1;;20.4;;
83695;24/11/2018;0000;;31.8;;;
83695;24/11/2018;1200;0;;21.2;;
83695;25/11/2018;0000;;31.5;;;
83695;25/11/2018;1200;0;;22.8;;
83695;26/11/2018;0000;;31.8;;;
83695;26/11/2018;1200;16.1;;20.4;;
83695;27/11/2018;0000;;31.2;;;
83695;27/11/2018;1200;0;;21.3;;
83695;28/11/2018;0000;;31;;;
83695;28/11/2018;1200;1.6;;20.4;;
83695;29/11/2018;0000;;32.4;;;
83695;29/11/2018;1200;0;;19.3;;
83695;30/11/2018;0000;;33.8;;;
83695;30/11/2018;1200;0;;20.9;;
83695;01/12/2018;0000;;28.5;;;
83695;01/12/2018;1200;13.8;;22.5;;
83695;02/12/2018;0000;;31.5;;;
83695;02/12/2018;1200;0.3;;23.4;;
83695;03/12/2018;0000;;26.5;;;
83695;03/12/2018;1200;34.2;;20.9;;
83695;04/12/2018;0000;;30;;;
83695;04/12/2018;1200;0.2;;20.9;;
83695;05/12/2018;0000;;34;;;
83695;05/12/2018;1200;0;;20.9;;
83695;06/12/2018;0000;;32;;;
83695;06/12/2018;1200;0;;24;;
83695;07/12/2018;0000;;28.5;;;
83695;07/12/2018;1200;0;;21.3;;
83695;08/12/2018;0000;;24.5;;;
83695;08/12/2018;1200;31.8;;20.1;;
83695;09/12/2018;0000;;25.6;;;
83695;09/12/2018;1200;1.2;;16;;
83695;10/12/2018;0000;;29.5;;;
83695;10/12/2018;1200;0;;18.5;;
83695;11/12/2018;0000;;32;;;
83695;11/12/2018;1200;0;;19.1;;
83695;12/12/2018;0000;;34.5;;;
83695;12/12/2018;1200;0;;20.9;;
83695;13/12/2018;0000;;34.5;;;
83695;13/12/2018;1200;0;;22.3;;
83695;14/12/2018;0000;;35.4;;;
83695;14/12/2018;1200;0;;21.9;;
83695;15/12/2018;0000;;36.2;;;
83695;15/12/2018;1200;0;;22.6;;
83695;16/12/2018;0000;;35;;;
83695;16/12/2018;1200;0;;23.6;;
83695;17/12/2018;0000;;34;;;
83695;17/12/2018;1200;0;;23.8;;
83695;18/12/2018;0000;;36.5;;;
83695;18/12/2018;1200;0;;21.7;;
83695;19/12/2018;0000;;36.5;;;
83695;19/12/2018;1200;0;;24.6;;
83695;20/12/2018;0000;;37;;;
83695;20/12/2018;1200;0;;23.2;;
83695;21/12/2018;0000;;38;;;
83695;21/12/2018;1200;0;;24;;
83695;22/12/2018;0000;;37.2;;;
83695;22/12/2018;1200;1.4;;21.4;;
83695;23/12/2018;0000;;37.2;;;
83695;23/12/2018;1200;0;;24.8;;
83695;24/12/2018;0000;;36;;;
83695;24/12/2018;1200;0;;24;;
83695;25/12/2018;0000;;31.8;;;
83695;25/12/2018;1200;5.2;;22.2;;
83695;26/12/2018;0000;;28;;;
83695;26/12/2018;1200;5.5;;21.3;;
83695;27/12/2018;0000;;26.2;;;
83695;27/12/2018;1200;0.2;;21.1;;
83695;28/12/2018;0000;;31;;;
83695;28/12/2018;1200;15.7;;22.4;;
83695;29/12/2018;0000;;33;;;
83695;29/12/2018;1200;58.6;;20.5;;
83695;30/12/2018;0000;;33.6;;;
83695;30/12/2018;1200;1.8;;22.2;;
83695;31/12/2018;0000;;32.2;;;
83695;31/12/2018;1200;4;;21.4;;
83695;01/01/2019;0000;;35.4;;;
83695;01/01/2019;1200;16.8;;22.5;;
83695;02/01/2019;0000;;35.5;;;
83695;02/01/2019;1200;0;;24;;
83695;03/01/2019;0000;;37;;;
83695;03/01/2019;1200;0;;24;;
83695;04/01/2019;0000;;36.5;;;
83695;04/01/2019;1200;6.6;;23.8;;
83695;05/01/2019;0000;;34.5;;;
83695;05/01/2019;1200;7.2;;21.4;;
83695;06/01/2019;0000;;34.9;;;
83695;06/01/2019;1200;0;;21.7;;
83695;07/01/2019;0000;;35.5;;;
83695;07/01/2019;1200;0;;23;;
83695;08/01/2019;0000;;36;;;
83695;08/01/2019;1200;0;;23.4;;
83695;09/01/2019;0000;;34.2;;;
83695;09/01/2019;1200;0;;23.5;;
83695;10/01/2019;0000;;34.5;;;
83695;10/01/2019;1200;0;;22.8;;
83695;11/01/2019;0000;;35.6;;;
83695;11/01/2019;1200;0;;23.5;;
83695;12/01/2019;0000;;34.6;;;
83695;12/01/2019;1200;0;;24.4;;
83695;13/01/2019;0000;;34.5;;;
83695;13/01/2019;1200;0;;23.4;;
83695;14/01/2019;0000;;35;;;
83695;14/01/2019;1200;0;;24.6;;
83695;15/01/2019;0000;;37.3;;;
83695;15/01/2019;1200;0;;22.8;;
83695;16/01/2019;0000;;38.5;;;
83695;16/01/2019;1200;0;;24;;
83695;17/01/2019;0000;;38.2;;;
83695;17/01/2019;1200;0;;23.4;;
83695;18/01/2019;0000;;38.5;;;
83695;18/01/2019;1200;0;;24.6;;
83695;19/01/2019;0000;;38.4;;;
83695;19/01/2019;1200;0;;23.5;;
83695;20/01/2019;0000;;38.8;;;
83695;20/01/2019;1200;0;;23.5;;
83695;21/01/2019;0000;;38.3;;;
83695;21/01/2019;1200;0;;24;;
83695;22/01/2019;0000;;38;;;
83695;22/01/2019;1200;0;;24.7;;
83695;23/01/2019;0000;;37.8;;;
83695;23/01/2019;1200;0;;23.5;;
83695;24/01/2019;0000;;38.5;;;
83695;24/01/2019;1200;0;;23;;
83695;25/01/2019;0000;;35.5;;;
83695;25/01/2019;1200;0;;24;;
83695;26/01/2019;0000;;36.6;;;
83695;26/01/2019;1200;2.1;;23.2;;
83695;27/01/2019;0000;;37.5;;;
83695;27/01/2019;1200;0;;23.8;;
83695;28/01/2019;0000;;37.6;;;
83695;28/01/2019;1200;0;;23.8;;
83695;29/01/2019;0000;;38.3;;;
83695;29/01/2019;1200;0;;23.5;;
83695;30/01/2019;0000;;39;;;
83695;30/01/2019;1200;0;;23.2;;
83695;31/01/2019;0000;;39.5;;;
83695;31/01/2019;1200;0;;23.4;;
83695;01/02/2019;0000;;38.5;;;
83695;01/02/2019;1200;0;;23.2;;
83695;02/02/2019;0000;;39.5;;;
83695;02/02/2019;1200;0;;23.2;;
83695;03/02/2019;0000;;40.5;;;
83695;03/02/2019;1200;0;;23.4;;
83695;04/02/2019;0000;;36.5;;;
83695;04/02/2019;1200;0;;24.8;;
83695;05/02/2019;0000;;29.8;;;
83695;05/02/2019;1200;0.7;;24.4;;
83695;06/02/2019;0000;;31.5;;;
83695;06/02/2019;1200;0;;23.4;;
83695;07/02/2019;0000;;28;;;
83695;07/02/2019;1200;4.4;;22.8;;
83695;08/02/2019;0000;;35.4;;;
83695;08/02/2019;1200;4.4;;23.2;;
83695;09/02/2019;0000;;37;;;
83695;09/02/2019;1200;0;;23;;
83695;10/02/2019;0000;;35.8;;;
83695;10/02/2019;1200;17.4;;23.5;;
83695;11/02/2019;0000;;37.5;;;
83695;11/02/2019;1200;0;;23.5;;
83695;12/02/2019;0000;;37.5;;;
83695;12/02/2019;1200;0;;23.5;;
83695;13/02/2019;0000;;30.4;;;
83695;13/02/2019;1200;0;;22.6;;
83695;14/02/2019;0000;;27.6;;;
83695;14/02/2019;1200;34.8;;21.4;;
83695;15/02/2019;0000;;32.4;;;
83695;15/02/2019;1200;0;;22.8;;
83695;16/02/2019;0000;;28;;;
83695;16/02/2019;1200;0;;23.4;;
83695;17/02/2019;0000;;29.5;;;
83695;17/02/2019;1200;9;;23.4;;
83695;18/02/2019;0000;;29.5;;;
83695;18/02/2019;1200;1.1;;25.6;;
83695;19/02/2019;0000;;35;;;
83695;19/02/2019;1200;23.8;;23.6;;
83695;20/02/2019;0000;;36.5;;;
83695;20/02/2019;1200;0;;24.6;;
83695;21/02/2019;0000;;32.5;;;
83695;21/02/2019;1200;1.2;;23.6;;
83695;22/02/2019;0000;;36.5;;;
83695;22/02/2019;1200;0;;22.4;;
83695;23/02/2019;0000;;37.6;;;
83695;23/02/2019;1200;0;;25.2;;
83695;24/02/2019;0000;;38.5;;;
83695;24/02/2019;1200;0;;25.4;;
83695;25/02/2019;0000;;39.5;;;
83695;25/02/2019;1200;0;;25.6;;
83695;26/02/2019;0000;;36.5;;;
83695;26/02/2019;1200;0;;24.7;;
83695;27/02/2019;0000;;33.5;;;
83695;27/02/2019;1200;57.2;;22.4;;
83695;28/02/2019;0000;;34;;;
83695;28/02/2019;1200;0;;23.8;;
83695;01/03/2019;0000;;34.5;;;
83695;01/03/2019;1200;8.6;;23.4;;
83695;02/03/2019;0000;;34;;;
83695;02/03/2019;1200;10.2;;23.4;;
83695;03/03/2019;0000;;34;;;
83695;03/03/2019;1200;7.4;;22.4;;
83695;04/03/2019;0000;;33.5;;;
83695;04/03/2019;1200;0;;25;;
83695;05/03/2019;0000;;33.8;;;
83695;05/03/2019;1200;0;;23.2;;
83695;06/03/2019;0000;;33.8;;;
83695;06/03/2019;1200;0;;23.5;;
83695;07/03/2019;0000;;34;;;
83695;07/03/2019;1200;0.8;;24;;
83695;08/03/2019;0000;;35;;;
83695;08/03/2019;1200;0;;23.8;;
83695;09/03/2019;0000;;35;;;
83695;09/03/2019;1200;0;;24.6;;
83695;10/03/2019;0000;;35.5;;;
83695;10/03/2019;1200;0;;24.7;;
83695;11/03/2019;0000;;34.2;;;
83695;11/03/2019;1200;0;;25.4;;
83695;12/03/2019;0000;;34.7;;;
83695;12/03/2019;1200;2;;23.4;;
83695;13/03/2019;0000;;36.8;;;
83695;13/03/2019;1200;0;;23.4;;
83695;14/03/2019;0000;;37.8;;;
83695;14/03/2019;1200;0;;25.2;;
83695;15/03/2019;0000;;36.5;;;
83695;15/03/2019;1200;0;;22.8;;
83695;16/03/2019;0000;;33.4;;;
83695;16/03/2019;1200;52.5;;23.4;;
83695;17/03/2019;0000;;33.4;;;
83695;17/03/2019;1200;1.6;;23.8;;
83695;18/03/2019;0000;;35.5;;;
83695;18/03/2019;1200;0;;24.6;;
83695;19/03/2019;0000;;34.5;;;
83695;19/03/2019;1200;32.4;;23.6;;
83695;20/03/2019;0000;;33.5;;;
83695;20/03/2019;1200;30.2;;23;;
83695;21/03/2019;0000;;30;;;
83695;21/03/2019;1200;2.1;;22.5;;
83695;22/03/2019;0000;;25.4;;;
83695;22/03/2019;1200;11.2;;21.7;;
83695;23/03/2019;0000;;29.8;;;
83695;23/03/2019;1200;8.4;;21.5;;
83695;24/03/2019;0000;;31;;;
83695;24/03/2019;1200;0;;22.4;;
83695;25/03/2019;0000;;32;;;
83695;25/03/2019;1200;0;;20.7;;
83695;26/03/2019;0000;;32.4;;;
83695;26/03/2019;1200;0;;21.7;;
83695;27/03/2019;0000;;31.2;;;
83695;27/03/2019;1200;0;;20.5;;
83695;28/03/2019;0000;;30.5;;0;
83695;28/03/2019;1200;0;;22.2;;
83695;29/03/2019;0000;;29;;;
83695;29/03/2019;1200;0;;21.9;;
83695;30/03/2019;0000;;30;;;
83695;30/03/2019;1200;0;;20.4;;

		
	
[Fechar] <#>
	
		

