--------------------
BDMEP - INMET
--------------------
Estação           : JANUARIA - MG (OMM: 83386)
Latitude  (graus) : -15.45
Longitude (graus) : -44
Altitude  (metros): 473.71
Estação Operante
Inicio de operação: 19/06/1912
Periodo solicitado dos dados: 01/01/2018 a 30/03/2019
Os dados listados abaixo são os que encontram-se digitados no BDMEP
Hora em UTC
--------------------
Obs.: Os dados aparecem separados por ; (ponto e vírgula) no formato txt.
      Para o formato planilha XLS, siga as instruções <http://www.inmet.gov.br/projetos/rede/pesquisa/instrucao.html>
--------------------
Estacao;Data;Hora;Precipitacao;TempMaxima;TempMinima;Velocidade do Vento Media;
83386;01/01/2018;0000;;33.4;;0.766667;
83386;01/01/2018;1200;21;;22.3;;
83386;02/01/2018;0000;;33;;1.933333;
83386;02/01/2018;1200;7.2;;21;;
83386;03/01/2018;0000;;34.4;;0.533333;
83386;03/01/2018;1200;0;;21.7;;
83386;04/01/2018;0000;;28.1;;0.8;
83386;04/01/2018;1200;0;;21.5;;
83386;05/01/2018;0000;;30.2;;0.766667;
83386;05/01/2018;1200;5.4;;21.1;;
83386;06/01/2018;0000;;29;;0.933333;
83386;06/01/2018;1200;0;;21.8;;
83386;07/01/2018;0000;;32.3;;1.033333;
83386;07/01/2018;1200;3.3;;19.8;;
83386;08/01/2018;0000;;32.6;;1.766667;
83386;08/01/2018;1200;0;;19.4;;
83386;09/01/2018;0000;;33.2;;2;
83386;09/01/2018;1200;0;;18.4;;
83386;10/01/2018;0000;;33;;2.733333;
83386;10/01/2018;1200;0;;21.8;;
83386;11/01/2018;0000;;31.8;;2.033333;
83386;11/01/2018;1200;0;;19.4;;
83386;12/01/2018;0000;;34;;1.166667;
83386;12/01/2018;1200;0;;18.2;;
83386;13/01/2018;0000;;34;;1.6;
83386;13/01/2018;1200;0;;20;;
83386;14/01/2018;0000;;33.5;;1.1;
83386;14/01/2018;1200;0;;20.9;;
83386;15/01/2018;0000;;34.2;;2.466667;
83386;15/01/2018;1200;0;;20.6;;
83386;16/01/2018;0000;;34.5;;0.8;
83386;16/01/2018;1200;2.9;;20.2;;
83386;17/01/2018;0000;;33.8;;2.533333;
83386;17/01/2018;1200;0;;17.4;;
83386;18/01/2018;0000;;34;;2.4;
83386;18/01/2018;1200;0;;19.9;;
83386;19/01/2018;0000;;34.8;;1.2;
83386;19/01/2018;1200;0;;19.8;;
83386;20/01/2018;0000;;36.2;;2.4;
83386;20/01/2018;1200;0;;17.9;;
83386;21/01/2018;0000;;36.9;;1.166667;
83386;21/01/2018;1200;0;;19.1;;
83386;22/01/2018;0000;;36.8;;2.033333;
83386;22/01/2018;1200;0;;17.6;;
83386;23/01/2018;0000;;36.1;;1.7;
83386;23/01/2018;1200;0;;18.7;;
83386;24/01/2018;0000;;35.6;;1.533333;
83386;24/01/2018;1200;0;;19.5;;
83386;25/01/2018;0000;;33.7;;1.733333;
83386;25/01/2018;1200;0;;22.6;;
83386;26/01/2018;0000;;31;;1.933333;
83386;26/01/2018;1200;0;;21.8;;
83386;27/01/2018;0000;;32.7;;1.533333;
83386;27/01/2018;1200;11.8;;20.4;;
83386;28/01/2018;0000;;33.8;;1.866667;
83386;28/01/2018;1200;1;;20.9;;
83386;29/01/2018;0000;;32.4;;2.3;
83386;29/01/2018;1200;0;;22.7;;
83386;30/01/2018;0000;;34.7;;1.366667;
83386;30/01/2018;1200;0;;22.4;;
83386;31/01/2018;0000;;32.8;;2.247773;
83386;31/01/2018;1200;7.8;;20.6;;
83386;01/02/2018;0000;;30.1;;2.3;
83386;01/02/2018;1200;32.7;;20.5;;
83386;02/02/2018;0000;;29.6;;0.8;
83386;02/02/2018;1200;2.2;;21.5;;
83386;03/02/2018;0000;;23.6;;2.466667;
83386;03/02/2018;1200;67.1;;20.8;;
83386;04/02/2018;0000;;23.3;;0.933333;
83386;04/02/2018;1200;149;;18.6;;
83386;05/02/2018;0000;;25.8;;2.033333;
83386;05/02/2018;1200;40.6;;19.6;;
83386;06/02/2018;0000;;30;;1.233333;
83386;06/02/2018;1200;9;;19.9;;
83386;07/02/2018;0000;;32.4;;0.866667;
83386;07/02/2018;1200;3.1;;19.6;;
83386;08/02/2018;0000;;32.6;;1.2;
83386;08/02/2018;1200;0;;20.1;;
83386;09/02/2018;0000;;30.3;;2.1;
83386;09/02/2018;1200;0;;21.2;;
83386;10/02/2018;0000;;31.9;;1.2;
83386;10/02/2018;1200;8.2;;21.1;;
83386;11/02/2018;0000;;32;;1.533333;
83386;11/02/2018;1200;0;;19.6;;
83386;12/02/2018;0000;;32.5;;1.166667;
83386;12/02/2018;1200;0;;18.3;;
83386;13/02/2018;0000;;32.4;;1.833333;
83386;13/02/2018;1200;0;;17.9;;
83386;14/02/2018;0000;;31.5;;1.866667;
83386;14/02/2018;1200;0;;19.6;;
83386;15/02/2018;0000;;31.5;;2.566667;
83386;15/02/2018;1200;0;;20.4;;
83386;16/02/2018;0000;;31.8;;2.266667;
83386;16/02/2018;1200;0;;19.4;;
83386;17/02/2018;0000;;31.7;;2.133333;
83386;17/02/2018;1200;0;;20.1;;
83386;18/02/2018;0000;;32;;1.7;
83386;18/02/2018;1200;0;;19.3;;
83386;19/02/2018;0000;;33.1;;1.7;
83386;19/02/2018;1200;0;;21;;
83386;20/02/2018;0000;;29.6;;1.966667;
83386;20/02/2018;1200;0;;22.4;;
83386;21/02/2018;0000;;33.4;;0.933333;
83386;21/02/2018;1200;0;;20.4;;
83386;22/02/2018;0000;;26.2;;1.6;
83386;22/02/2018;1200;16.6;;20.8;;
83386;23/02/2018;0000;;30.5;;0.866667;
83386;23/02/2018;1200;1;;20;;
83386;24/02/2018;0000;;32.2;;1.166667;
83386;24/02/2018;1200;4.4;;21.2;;
83386;25/02/2018;0000;;32;;1.933333;
83386;25/02/2018;1200;0;;22.2;;
83386;26/02/2018;0000;;30.2;;0.766667;
83386;26/02/2018;1200;25.2;;21.6;;
83386;27/02/2018;0000;;31.6;;1.833333;
83386;27/02/2018;1200;3.4;;20.6;;
83386;28/02/2018;0000;;32.8;;1.533333;
83386;28/02/2018;1200;0;;18.9;;
83386;01/03/2018;0000;;33.4;;1.333333;
83386;01/03/2018;1200;0;;19.3;;
83386;02/03/2018;0000;;32.7;;1.9;
83386;02/03/2018;1200;0;;21;;
83386;03/03/2018;0000;;33.6;;1.333333;
83386;03/03/2018;1200;0;;21;;
83386;04/03/2018;0000;;34.1;;1.2;
83386;04/03/2018;1200;0;;20.4;;
83386;05/03/2018;0000;;31.4;;1.633333;
83386;05/03/2018;1200;0;;23;;
83386;06/03/2018;0000;;34.2;;1.533333;
83386;06/03/2018;1200;0;;23.5;;
83386;07/03/2018;0000;;32.4;;0.6;
83386;07/03/2018;1200;0;;22;;
83386;08/03/2018;0000;;27.9;;0.966667;
83386;08/03/2018;1200;13.8;;22.2;;
83386;09/03/2018;0000;;30.3;;2.133333;
83386;09/03/2018;1200;5.1;;21.9;;
83386;10/03/2018;0000;;33.1;;0.7;
83386;10/03/2018;1200;7;;22.8;;
83386;11/03/2018;0000;;27.8;;1.166667;
83386;11/03/2018;1200;4.2;;22.8;;
83386;12/03/2018;0000;;29.8;;0.733333;
83386;12/03/2018;1200;61.7;;20.7;;
83386;13/03/2018;0000;;30.8;;1.033333;
83386;13/03/2018;1200;22.5;;22.5;;
83386;14/03/2018;0000;;31.1;;1.933333;
83386;14/03/2018;1200;0;;22.2;;
83386;15/03/2018;0000;;31.7;;2.033333;
83386;15/03/2018;1200;14.4;;22.7;;
83386;16/03/2018;0000;;32.4;;1.2;
83386;16/03/2018;1200;0;;20.9;;
83386;17/03/2018;0000;;32;;1.5;
83386;17/03/2018;1200;0;;21.5;;
83386;18/03/2018;0000;;31.8;;1.7;
83386;18/03/2018;1200;0;;20.1;;
83386;19/03/2018;0000;;31.6;;1.266667;
83386;19/03/2018;1200;0;;20.3;;
83386;20/03/2018;0000;;32;;1.366667;
83386;20/03/2018;1200;0;;20.2;;
83386;21/03/2018;0000;;32.6;;0.7;
83386;21/03/2018;1200;0;;21.8;;
83386;22/03/2018;0000;;32.2;;1.1;
83386;22/03/2018;1200;0;;21.9;;
83386;23/03/2018;0000;;31.1;;1.733333;
83386;23/03/2018;1200;0;;21.8;;
83386;24/03/2018;0000;;30;;1.8;
83386;24/03/2018;1200;0;;20;;
83386;25/03/2018;0000;;30.5;;2.666667;
83386;25/03/2018;1200;0;;20.4;;
83386;26/03/2018;0000;;30.1;;2.133333;
83386;26/03/2018;1200;0;;18.5;;
83386;27/03/2018;0000;;30.3;;2.366667;
83386;27/03/2018;1200;0;;21;;
83386;28/03/2018;0000;;29.7;;1.7;
83386;28/03/2018;1200;0;;17.7;;
83386;29/03/2018;0000;;31;;1.1;
83386;29/03/2018;1200;0;;18.7;;
83386;30/03/2018;0000;;31.6;;1.533333;
83386;30/03/2018;1200;0;;18.8;;
83386;31/03/2018;0000;;31.7;;1.866667;
83386;31/03/2018;1200;0;;18.9;;
83386;01/04/2018;0000;;32;;1.7;
83386;01/04/2018;1200;0;;18.5;;
83386;02/04/2018;0000;;31.3;;1.566667;
83386;02/04/2018;1200;0;;18.3;;
83386;03/04/2018;0000;;33.1;;0.866667;
83386;03/04/2018;1200;0;;18;;
83386;04/04/2018;0000;;34.3;;1.133333;
83386;04/04/2018;1200;0;;19.1;;
83386;05/04/2018;0000;;33.5;;0.933333;
83386;05/04/2018;1200;0;;21.6;;
83386;06/04/2018;0000;;29.6;;0.8;
83386;06/04/2018;1200;3.6;;22;;
83386;07/04/2018;0000;;32;;2.7;
83386;07/04/2018;1200;0;;20.6;;
83386;08/04/2018;0000;;31.3;;1.766667;
83386;08/04/2018;1200;0;;22;;
83386;09/04/2018;0000;;29.9;;1.533333;
83386;09/04/2018;1200;6.1;;20.9;;
83386;10/04/2018;0000;;30.2;;1.633333;
83386;10/04/2018;1200;0;;19.7;;
83386;11/04/2018;0000;;29;;1.3;
83386;11/04/2018;1200;0;;20.5;;
83386;12/04/2018;0000;;29.5;;1.833333;
83386;12/04/2018;1200;0.2;;19.9;;
83386;13/04/2018;0000;;29.7;;1.466667;
83386;13/04/2018;1200;0;;19.4;;
83386;14/04/2018;0000;;30.9;;0.933333;
83386;14/04/2018;1200;0;;20.2;;
83386;15/04/2018;0000;;30.8;;1.966667;
83386;15/04/2018;1200;0;;19;;
83386;16/04/2018;0000;;31.2;;1.033333;
83386;16/04/2018;1200;1;;17.7;;
83386;17/04/2018;0000;;27.3;;2.2;
83386;17/04/2018;1200;0;;20.2;;
83386;18/04/2018;0000;;28.8;;1.9;
83386;18/04/2018;1200;0;;18;;
83386;19/04/2018;0000;;29.4;;1.533333;
83386;19/04/2018;1200;0;;16.3;;
83386;20/04/2018;0000;;31.2;;1.4;
83386;20/04/2018;1200;0;;15.8;;
83386;21/04/2018;0000;;30.9;;1.633333;
83386;21/04/2018;1200;0;;17.3;;
83386;22/04/2018;0000;;30;;1.866667;
83386;22/04/2018;1200;0;;16.4;;
83386;23/04/2018;0000;;30.7;;2.7;
83386;23/04/2018;1200;0;;16.3;;
83386;24/04/2018;0000;;31.1;;1.933333;
83386;24/04/2018;1200;0;;17.3;;
83386;25/04/2018;0000;;31.8;;1.2;
83386;25/04/2018;1200;0;;17.1;;
83386;26/04/2018;0000;;32.3;;1.766667;
83386;26/04/2018;1200;0;;17.6;;
83386;27/04/2018;0000;;31.9;;2.1;
83386;27/04/2018;1200;0;;16.8;;
83386;28/04/2018;0000;;31.5;;2.533333;
83386;28/04/2018;1200;0;;17.2;;
83386;29/04/2018;0000;;31;;2.3;
83386;29/04/2018;1200;0;;17.1;;
83386;30/04/2018;0000;;31.2;;1.033333;
83386;30/04/2018;1200;0;;14.9;;
83386;01/05/2018;0000;;32.6;;1.066667;
83386;01/05/2018;1200;0;;15.9;;
83386;02/05/2018;0000;;32.6;;1.933333;
83386;02/05/2018;1200;0;;16.4;;
83386;03/05/2018;0000;;32.6;;1.866667;
83386;03/05/2018;1200;0;;17.1;;
83386;04/05/2018;0000;;32.7;;2.133333;
83386;04/05/2018;1200;0;;17.2;;
83386;05/05/2018;0000;;31.6;;3.066667;
83386;05/05/2018;1200;0;;15.7;;
83386;06/05/2018;0000;;31.8;;1.966667;
83386;06/05/2018;1200;0;;17.6;;
83386;07/05/2018;0000;;31.7;;0.766667;
83386;07/05/2018;1200;0;;15.3;;
83386;08/05/2018;0000;;30.7;;1.6;
83386;08/05/2018;1200;0;;14.4;;
83386;09/05/2018;0000;;31.1;;1.866667;
83386;09/05/2018;1200;0;;14.4;;
83386;10/05/2018;0000;;29;;3.166667;
83386;10/05/2018;1200;0;;17.2;;
83386;11/05/2018;0000;;31.1;;1.5;
83386;11/05/2018;1200;0;;14.8;;
83386;12/05/2018;0000;;32.6;;1.4;
83386;12/05/2018;1200;0;;14.8;;
83386;13/05/2018;0000;;33.5;;0.866667;
83386;13/05/2018;1200;0;;17.4;;
83386;14/05/2018;0000;;32.4;;1.633333;
83386;14/05/2018;1200;0;;16.5;;
83386;15/05/2018;0000;;31.4;;2.033333;
83386;15/05/2018;1200;0;;16.1;;
83386;16/05/2018;0000;;31.7;;1.266667;
83386;16/05/2018;1200;0;;18;;
83386;17/05/2018;0000;;33.1;;0.6;
83386;17/05/2018;1200;0;;14.8;;
83386;18/05/2018;0000;;32.8;;1.7;
83386;18/05/2018;1200;0;;16.9;;
83386;19/05/2018;0000;;33.8;;2.033333;
83386;19/05/2018;1200;0;;16.8;;
83386;20/05/2018;0000;;29.9;;1.566667;
83386;20/05/2018;1200;0;;18.5;;
83386;21/05/2018;0000;;29.8;;1.2;
83386;21/05/2018;1200;0;;16.9;;
83386;22/05/2018;0000;;32.4;;0.466667;
83386;22/05/2018;1200;0;;15.7;;
83386;23/05/2018;0000;;32;;1.366667;
83386;23/05/2018;1200;0;;16.4;;
83386;24/05/2018;0000;;27.6;;2.666667;
83386;24/05/2018;1200;0;;17.2;;
83386;25/05/2018;0000;;29.6;;1.266667;
83386;25/05/2018;1200;0;;16.9;;
83386;26/05/2018;0000;;30.4;;1.866667;
83386;26/05/2018;1200;0;;18.6;;
83386;27/05/2018;0000;;29.8;;1.966667;
83386;27/05/2018;1200;0;;15.8;;
83386;28/05/2018;0000;;28.8;;2.933333;
83386;28/05/2018;1200;0;;15.8;;
83386;29/05/2018;0000;;29.6;;2.8;
83386;29/05/2018;1200;0;;15.5;;
83386;30/05/2018;0000;;29.4;;1.366667;
83386;30/05/2018;1200;0;;13.5;;
83386;31/05/2018;0000;;29.7;;1.333333;
83386;31/05/2018;1200;0;;12.9;;
83386;01/06/2018;0000;;30.9;;1.333333;
83386;01/06/2018;1200;0;;12.9;;
83386;02/06/2018;0000;;31.9;;1.766667;
83386;02/06/2018;1200;0;;14.9;;
83386;03/06/2018;0000;;32.4;;1.033333;
83386;03/06/2018;1200;0;;19.1;;
83386;04/06/2018;0000;;32.5;;2.4;
83386;04/06/2018;1200;0;;17.9;;
83386;05/06/2018;0000;;30.9;;2.233333;
83386;05/06/2018;1200;0;;14.6;;
83386;06/06/2018;0000;;31.9;;1.7;
83386;06/06/2018;1200;0;;15.2;;
83386;07/06/2018;0000;;33.4;;1.533333;
83386;07/06/2018;1200;0;;14.6;;
83386;08/06/2018;0000;;34;;1.133333;
83386;08/06/2018;1200;0;;16.4;;
83386;09/06/2018;0000;;33.8;;1.1;
83386;09/06/2018;1200;0;;17.7;;
83386;10/06/2018;0000;;32.2;;1.7;
83386;10/06/2018;1200;0;;16.4;;
83386;11/06/2018;0000;;30.5;;2.533333;
83386;11/06/2018;1200;0;;17;;
83386;12/06/2018;0000;;31.6;;2.166667;
83386;12/06/2018;1200;0;;15.5;;
83386;13/06/2018;0000;;32.6;;1.5;
83386;13/06/2018;1200;0;;14.5;;
83386;14/06/2018;0000;;32.2;;1.466667;
83386;14/06/2018;1200;0;;13.7;;
83386;15/06/2018;0000;;31.2;;2.066667;
83386;15/06/2018;1200;0;;12.8;;
83386;16/06/2018;0000;;30.6;;2.833333;
83386;16/06/2018;1200;0;;13.5;;
83386;17/06/2018;0000;;30;;2.4;
83386;17/06/2018;1200;0;;12.9;;
83386;18/06/2018;0000;;29.7;;2.6;
83386;18/06/2018;1200;0;;12.7;;
83386;19/06/2018;0000;;30.2;;3.033333;
83386;19/06/2018;1200;0;;13.6;;
83386;20/06/2018;0000;;29.6;;2.733333;
83386;20/06/2018;1200;0;;18.6;;
83386;21/06/2018;0000;;29.6;;2.733333;
83386;21/06/2018;1200;0;;14.7;;
83386;22/06/2018;0000;;30.7;;2.4;
83386;22/06/2018;1200;0;;12;;
83386;23/06/2018;0000;;31.1;;1.533333;
83386;23/06/2018;1200;0;;12;;
83386;24/06/2018;0000;;31.6;;1.9;
83386;24/06/2018;1200;0;;13.2;;
83386;25/06/2018;0000;;31.1;;2.833333;
83386;25/06/2018;1200;0;;13.7;;
83386;26/06/2018;0000;;31.3;;2.033333;
83386;26/06/2018;1200;0;;14.5;;
83386;27/06/2018;0000;;30.9;;1.966667;
83386;27/06/2018;1200;0;;11.5;;
83386;28/06/2018;0000;;30.6;;2.333333;
83386;28/06/2018;1200;0;;13.3;;
83386;29/06/2018;0000;;29.8;;1.633333;
83386;29/06/2018;1200;0;;11.5;;
83386;30/06/2018;0000;;30.5;;1.8;
83386;30/06/2018;1200;0;;12.6;;
83386;01/07/2018;0000;;30.5;;1.6;
83386;01/07/2018;1200;0;;14.8;;
83386;02/07/2018;0000;;31.9;;2.166667;
83386;02/07/2018;1200;0;;15.1;;
83386;03/07/2018;0000;;32.3;;1.533333;
83386;03/07/2018;1200;0;;15.4;;
83386;04/07/2018;0000;;31.4;;2.4;
83386;04/07/2018;1200;0;;12.8;;
83386;05/07/2018;0000;;30.1;;2.3;
83386;05/07/2018;1200;0;;11.4;;
83386;06/07/2018;0000;;30.2;;2.033333;
83386;06/07/2018;1200;0;;11.3;;
83386;07/07/2018;0000;;31.5;;2;
83386;07/07/2018;1200;0;;12.5;;
83386;08/07/2018;0000;;32.7;;2.666667;
83386;08/07/2018;1200;0;;11.1;;
83386;09/07/2018;0000;;33.2;;1.166667;
83386;09/07/2018;1200;0;;11.5;;
83386;10/07/2018;0000;;33;;2.433333;
83386;10/07/2018;1200;0;;12.8;;
83386;11/07/2018;0000;;32.7;;0.433333;
83386;11/07/2018;1200;0;;11.4;;
83386;12/07/2018;0000;;32.6;;1.1;
83386;12/07/2018;1200;0;;12.6;;
83386;13/07/2018;0000;;31.5;;1.333333;
83386;13/07/2018;1200;0;;15.3;;
83386;14/07/2018;0000;;31.4;;1.733333;
83386;14/07/2018;1200;0;;13;;
83386;15/07/2018;0000;;30.6;;2.1;
83386;15/07/2018;1200;0;;13;;
83386;16/07/2018;0000;;30.9;;2.133333;
83386;16/07/2018;1200;0;;14.3;;
83386;17/07/2018;0000;;30.2;;2.466667;
83386;17/07/2018;1200;0;;13;;
83386;18/07/2018;0000;;29.4;;2.6;
83386;18/07/2018;1200;0;;17;;
83386;19/07/2018;0000;;29.9;;2.133333;
83386;19/07/2018;1200;0;;11.7;;
83386;20/07/2018;0000;;31.1;;2.033333;
83386;20/07/2018;1200;0;;11.2;;
83386;21/07/2018;0000;;31.8;;1.766667;
83386;21/07/2018;1200;0;;13;;
83386;22/07/2018;0000;;31.1;;2.2;
83386;22/07/2018;1200;0;;15;;
83386;23/07/2018;0000;;29.9;;1.166667;
83386;23/07/2018;1200;0;;11.8;;
83386;24/07/2018;0000;;29.7;;1.933333;
83386;24/07/2018;1200;0;;14.2;;
83386;25/07/2018;0000;;30.1;;2.233333;
83386;25/07/2018;1200;0;;12.7;;
83386;26/07/2018;0000;;30.2;;2.3;
83386;26/07/2018;1200;0;;13.4;;
83386;27/07/2018;0000;;30.1;;2.133333;
83386;27/07/2018;1200;0;;13.8;;
83386;28/07/2018;0000;;30.9;;1.566667;
83386;28/07/2018;1200;0;;11.4;;
83386;29/07/2018;0000;;31.1;;1.8;
83386;29/07/2018;1200;0;;11.7;;
83386;30/07/2018;0000;;31.9;;1.966667;
83386;30/07/2018;1200;0;;10.4;;
83386;31/07/2018;0000;;33.2;;1.333333;
83386;31/07/2018;1200;0;;11.1;;
83386;01/08/2018;0000;;35.2;;1.9;
83386;01/08/2018;1200;0;;12.9;;
83386;02/08/2018;0000;;33.6;;1.733333;
83386;02/08/2018;1200;0;;15;;
83386;03/08/2018;0000;;33.6;;3.233333;
83386;03/08/2018;1200;0;;20.5;;
83386;04/08/2018;0000;;35;;1.966667;
83386;04/08/2018;1200;0;;14.9;;
83386;05/08/2018;0000;;35.5;;1.233333;
83386;05/08/2018;1200;0;;16.2;;
83386;06/08/2018;0000;;36.6;;1.733333;
83386;06/08/2018;1200;0;;17;;
83386;07/08/2018;0000;;35.6;;1.133333;
83386;07/08/2018;1200;0;;16.9;;
83386;08/08/2018;0000;;33.8;;2.633333;
83386;08/08/2018;1200;0;;16.9;;
83386;09/08/2018;0000;;34.6;;1.8;
83386;09/08/2018;1200;0;;17.7;;
83386;10/08/2018;0000;;36.4;;1.8;
83386;10/08/2018;1200;0;;15.6;;
83386;11/08/2018;0000;;34.3;;1.466667;
83386;11/08/2018;1200;0;;21.9;;
83386;12/08/2018;0000;;35.6;;1.9;
83386;12/08/2018;1200;0;;18.4;;
83386;13/08/2018;0000;;35.7;;1.833333;
83386;13/08/2018;1200;0;;14.1;;
83386;14/08/2018;0000;;34.6;;1.9;
83386;14/08/2018;1200;0;;18;;
83386;15/08/2018;0000;;34;;2.1;
83386;15/08/2018;1200;0;;17.7;;
83386;16/08/2018;0000;;31.1;;2.266667;
83386;16/08/2018;1200;0;;18.3;;
83386;17/08/2018;0000;;26.8;;1.566667;
83386;17/08/2018;1200;0.3;;18.2;;
83386;18/08/2018;0000;;30.9;;3.233333;
83386;18/08/2018;1200;0;;17.5;;
83386;19/08/2018;0000;;32;;3.2;
83386;19/08/2018;1200;0;;15.1;;
83386;20/08/2018;0000;;32.4;;2.2;
83386;20/08/2018;1200;0;;13.2;;
83386;21/08/2018;0000;;33.2;;3.033333;
83386;21/08/2018;1200;0;;15.7;;
83386;22/08/2018;0000;;33.2;;2.5;
83386;22/08/2018;1200;0;;15.8;;
83386;23/08/2018;0000;;33.5;;2.233333;
83386;23/08/2018;1200;0;;17.3;;
83386;24/08/2018;0000;;34;;2.2;
83386;24/08/2018;1200;0;;15.9;;
83386;25/08/2018;0000;;35.4;;2.366667;
83386;25/08/2018;1200;0;;15.8;;
83386;26/08/2018;0000;;35.1;;2.2;
83386;26/08/2018;1200;0;;17;;
83386;27/08/2018;0000;;33.4;;4.266667;
83386;27/08/2018;1200;0;;18.5;;
83386;28/08/2018;0000;;31.3;;4.133333;
83386;28/08/2018;1200;0;;17;;
83386;29/08/2018;0000;;31.6;;2.766667;
83386;29/08/2018;1200;0;;15.9;;
83386;30/08/2018;0000;;30.8;;1.6;
83386;30/08/2018;1200;0;;14;;
83386;31/08/2018;0000;;32;;2.2;
83386;31/08/2018;1200;0;;13;;
83386;01/09/2018;0000;;32.6;;3.066667;
83386;01/09/2018;1200;0;;16.1;;
83386;02/09/2018;0000;;33.5;;3.333333;
83386;02/09/2018;1200;0;;13.6;;
83386;03/09/2018;0000;;36.1;;2.633333;
83386;03/09/2018;1200;0;;16.5;;
83386;04/09/2018;0000;;34.4;;2.566667;
83386;04/09/2018;1200;0;;18.1;;
83386;05/09/2018;0000;;34.9;;1.7;
83386;05/09/2018;1200;0;;19.1;;
83386;06/09/2018;0000;;34.6;;4.066667;
83386;06/09/2018;1200;0;;17.2;;
83386;07/09/2018;0000;;32.6;;2.5;
83386;07/09/2018;1200;0;;16.2;;
83386;08/09/2018;0000;;32.7;;1.766667;
83386;08/09/2018;1200;0;;13.8;;
83386;09/09/2018;0000;;31.4;;2.166667;
83386;09/09/2018;1200;0;;15;;
83386;10/09/2018;0000;;32.7;;2.7;
83386;10/09/2018;1200;0;;12.6;;
83386;11/09/2018;0000;;33.7;;2.366667;
83386;11/09/2018;1200;0;;15.1;;
83386;12/09/2018;0000;;36.2;;2.7;
83386;12/09/2018;1200;0;;16.4;;
83386;13/09/2018;0000;;33.5;;3.666667;
83386;13/09/2018;1200;0;;18;;
83386;14/09/2018;0000;;33.2;;2.2;
83386;14/09/2018;1200;0;;17.8;;
83386;15/09/2018;0000;;33.5;;1.866667;
83386;15/09/2018;1200;0;;18.1;;
83386;16/09/2018;0000;;35.2;;1.27148;
83386;16/09/2018;1200;0;;18.7;;
83386;17/09/2018;0000;;37.4;;1.5;
83386;17/09/2018;1200;0;;23.5;;
83386;18/09/2018;0000;;33.6;;1.3;
83386;18/09/2018;1200;0;;22.8;;
83386;19/09/2018;0000;;26.8;;0.766667;
83386;19/09/2018;1200;9;;21;;
83386;20/09/2018;0000;;35.9;;2.2;
83386;20/09/2018;1200;1.5;;20.9;;
83386;21/09/2018;0000;;34.7;;1.633333;
83386;21/09/2018;1200;0;;20.2;;
83386;22/09/2018;0000;;38.3;;1.466667;
83386;22/09/2018;1200;0;;18.8;;
83386;23/09/2018;0000;;36.7;;2.066667;
83386;23/09/2018;1200;0;;22.2;;
83386;24/09/2018;0000;;37.4;;2.233333;
83386;24/09/2018;1200;0;;21.6;;
83386;25/09/2018;0000;;36.9;;2.966667;
83386;25/09/2018;1200;0;;19.6;;
83386;26/09/2018;0000;;35.8;;2.166667;
83386;26/09/2018;1200;0;;18.4;;
83386;27/09/2018;0000;;36.9;;2.766667;
83386;27/09/2018;1200;0;;18.2;;
83386;28/09/2018;0000;;38.2;;1.733333;
83386;28/09/2018;1200;0;;16.9;;
83386;29/09/2018;0000;;38.6;;2.066667;
83386;29/09/2018;1200;0;;17.9;;
83386;30/09/2018;0000;;37.7;;2.8;
83386;30/09/2018;1200;0;;22.1;;
83386;01/10/2018;0000;;36.7;;2.1;
83386;01/10/2018;1200;0;;21.2;;
83386;02/10/2018;0000;;35.8;;1.833333;
83386;02/10/2018;1200;0;;20.3;;
83386;03/10/2018;0000;;37.8;;1.666667;
83386;03/10/2018;1200;0;;21.8;;
83386;04/10/2018;0000;;38.8;;1.233333;
83386;04/10/2018;1200;0;;23.6;;
83386;05/10/2018;0000;;37.8;;2.366667;
83386;05/10/2018;1200;0;;21.2;;
83386;06/10/2018;0000;;36.3;;3.433333;
83386;06/10/2018;1200;0;;23.5;;
83386;07/10/2018;0000;;35.8;;3.733333;
83386;07/10/2018;1200;0;;21;;
83386;08/10/2018;0000;;36.7;;2.1;
83386;08/10/2018;1200;0;;19.5;;
83386;09/10/2018;0000;;37.6;;2.266667;
83386;09/10/2018;1200;0;;19.9;;
83386;10/10/2018;0000;;37.9;;1.233333;
83386;10/10/2018;1200;0;;21.7;;
83386;11/10/2018;0000;;38.8;;2.433333;
83386;11/10/2018;1200;0;;22.3;;
83386;12/10/2018;0000;;36.5;;3.233333;
83386;12/10/2018;1200;0;;23.9;;
83386;13/10/2018;0000;;38;;2.233333;
83386;13/10/2018;1200;0;;22.2;;
83386;14/10/2018;0000;;39.6;;2.966667;
83386;14/10/2018;1200;0;;21.8;;
83386;15/10/2018;0000;;35;;1.633333;
83386;15/10/2018;1200;0;;27;;
83386;16/10/2018;0000;;35.2;;3.4;
83386;16/10/2018;1200;0;;25.3;;
83386;17/10/2018;0000;;37;;3.466667;
83386;17/10/2018;1200;0;;22.8;;
83386;18/10/2018;0000;;37.6;;2.533333;
83386;18/10/2018;1200;0;;25.3;;
83386;19/10/2018;0000;;33.3;;2.933333;
83386;19/10/2018;1200;0;;25;;
83386;20/10/2018;0000;;36.4;;1.766667;
83386;20/10/2018;1200;6;;22.9;;
83386;21/10/2018;0000;;24.1;;2.633333;
83386;21/10/2018;1200;11.7;;18.9;;
83386;22/10/2018;0000;;28.2;;2;
83386;22/10/2018;1200;8.3;;18.5;;
83386;23/10/2018;0000;;33.2;;2.366667;
83386;23/10/2018;1200;0;;20.1;;
83386;24/10/2018;0000;;36.5;;1.466667;
83386;24/10/2018;1200;0;;22.2;;
83386;25/10/2018;0000;;32.2;;1.366667;
83386;25/10/2018;1200;1.6;;23.3;;
83386;26/10/2018;0000;;35.6;;2.3;
83386;26/10/2018;1200;0.7;;22.5;;
83386;27/10/2018;0000;;34.7;;1.4;
83386;27/10/2018;1200;0;;23.8;;
83386;28/10/2018;0000;;33.8;;1.666667;
83386;28/10/2018;1200;2.3;;22.6;;
83386;29/10/2018;0000;;34.5;;2.366667;
83386;29/10/2018;1200;0;;21.9;;
83386;30/10/2018;0000;;34.4;;3.433333;
83386;30/10/2018;1200;1.4;;21.7;;
83386;31/10/2018;0000;;35.4;;2.3;
83386;31/10/2018;1200;0;;21.8;;
83386;01/11/2018;0000;;31;;0.4;
83386;01/11/2018;1200;0;;24.8;;
83386;02/11/2018;0000;;35.3;;1.333333;
83386;02/11/2018;1200;0;;22.8;;
83386;03/11/2018;0000;;32.8;;1.333333;
83386;03/11/2018;1200;6.7;;21.6;;
83386;04/11/2018;0000;;33.8;;1.733333;
83386;04/11/2018;1200;0;;22.5;;
83386;05/11/2018;0000;;33.3;;2.433333;
83386;05/11/2018;1200;1.3;;21.1;;
83386;06/11/2018;0000;;28.6;;1.766667;
83386;06/11/2018;1200;20.8;;21.2;;
83386;07/11/2018;0000;;30.6;;2.166667;
83386;07/11/2018;1200;4.8;;20.9;;
83386;08/11/2018;0000;;32.9;;2.3;
83386;08/11/2018;1200;0;;22.9;;
83386;09/11/2018;0000;;26.9;;1.466667;
83386;09/11/2018;1200;19.6;;20.1;;
83386;10/11/2018;0000;;27.2;;1.466667;
83386;10/11/2018;1200;15;;20.2;;
83386;11/11/2018;0000;;27.7;;1.5;
83386;11/11/2018;1200;16;;20.8;;
83386;12/11/2018;0000;;31.8;;2.6;
83386;12/11/2018;1200;5.3;;22.1;;
83386;13/11/2018;0000;;32.4;;1.466667;
83386;13/11/2018;1200;0;;20.5;;
83386;14/11/2018;0000;;33.3;;3.2;
83386;14/11/2018;1200;0;;21.6;;
83386;15/11/2018;0000;;33.1;;1.8;
83386;15/11/2018;1200;4;;22.1;;
83386;16/11/2018;0000;;32.4;;1.866667;
83386;16/11/2018;1200;0.8;;23.6;;
83386;17/11/2018;0000;;31.8;;2.1;
83386;17/11/2018;1200;17.1;;22.1;;
83386;18/11/2018;0000;;32;;3.2;
83386;18/11/2018;1200;0;;20.4;;
83386;19/11/2018;0000;;32.2;;2.566667;
83386;19/11/2018;1200;0;;19.8;;
83386;20/11/2018;0000;;32.4;;1.8;
83386;20/11/2018;1200;0;;18;;
83386;21/11/2018;0000;;31.8;;1.766667;
83386;21/11/2018;1200;0;;21.5;;
83386;22/11/2018;0000;;31.7;;2.033333;
83386;22/11/2018;1200;0;;22.1;;
83386;23/11/2018;0000;;32.4;;2.8;
83386;23/11/2018;1200;0;;20.4;;
83386;24/11/2018;0000;;30.3;;1.9;
83386;24/11/2018;1200;0;;20.4;;
83386;25/11/2018;0000;;23.1;;1.566667;
83386;25/11/2018;1200;11.7;;19.4;;
83386;26/11/2018;0000;;29;;1.433333;
83386;26/11/2018;1200;13.2;;19.2;;
83386;27/11/2018;0000;;29.7;;1.366667;
83386;27/11/2018;1200;0;;19.6;;
83386;28/11/2018;0000;;30.1;;2.2;
83386;28/11/2018;1200;0;;18.5;;
83386;29/11/2018;0000;;31.8;;1.866667;
83386;29/11/2018;1200;0;;19;;
83386;30/11/2018;0000;;33.1;;2.066667;
83386;30/11/2018;1200;0;;19.4;;
83386;01/12/2018;0000;;31.4;;2.666667;
83386;01/12/2018;1200;0;;21.8;;
83386;02/12/2018;0000;;30.2;;0.9;
83386;02/12/2018;1200;19.1;;21.6;;
83386;03/12/2018;0000;;28.1;;1.166667;
83386;03/12/2018;1200;4.4;;22.6;;
83386;04/12/2018;0000;;27.4;;1.1;
83386;04/12/2018;1200;3.2;;21.1;;
83386;05/12/2018;0000;;30.2;;1.133333;
83386;05/12/2018;1200;1.3;;22.2;;
83386;06/12/2018;0000;;30.1;;1.833333;
83386;06/12/2018;1200;0;;21.7;;
83386;07/12/2018;0000;;29.8;;1.8;
83386;07/12/2018;1200;0;;21.8;;
83386;08/12/2018;0000;;30.1;;1.6;
83386;08/12/2018;1200;29.3;;21;;
83386;09/12/2018;0000;;23.6;;1.966667;
83386;09/12/2018;1200;42.6;;19.5;;
83386;10/12/2018;0000;;24;;1.766667;
83386;10/12/2018;1200;5.7;;19.5;;
83386;11/12/2018;0000;;29.7;;1.833333;
83386;11/12/2018;1200;0.1;;18.4;;
83386;12/12/2018;0000;;30.2;;2.433333;
83386;12/12/2018;1200;0;;20.7;;
83386;13/12/2018;0000;;30.4;;2.3;
83386;13/12/2018;1200;0;;18.6;;
83386;14/12/2018;0000;;31.8;;1.6;
83386;14/12/2018;1200;0;;16.7;;
83386;15/12/2018;0000;;32.1;;1.933333;
83386;15/12/2018;1200;0;;18.5;;
83386;16/12/2018;0000;;31;;1.966667;
83386;16/12/2018;1200;0;;18;;
83386;17/12/2018;0000;;32;;1.4;
83386;17/12/2018;1200;0;;17.2;;
83386;18/12/2018;0000;;34;;0.966667;
83386;18/12/2018;1200;0;;17.5;;
83386;19/12/2018;0000;;34.6;;1.233333;
83386;19/12/2018;1200;0;;17;;
83386;20/12/2018;0000;;33.5;;1.966667;
83386;20/12/2018;1200;0;;17.5;;
83386;21/12/2018;0000;;35.6;;1.666667;
83386;21/12/2018;1200;0;;17.9;;
83386;22/12/2018;0000;;35;;0.8;
83386;22/12/2018;1200;0;;19.7;;
83386;23/12/2018;0000;;33.6;;1.4;
83386;23/12/2018;1200;0;;21.2;;
83386;24/12/2018;0000;;32.6;;1.466667;
83386;24/12/2018;1200;1.2;;19.8;;
83386;25/12/2018;0000;;33.3;;1.2;
83386;25/12/2018;1200;8.6;;20.2;;
83386;26/12/2018;0000;;33;;1.466667;
83386;26/12/2018;1200;0;;20.8;;
83386;27/12/2018;0000;;29.9;;1.666667;
83386;27/12/2018;1200;3.7;;22.2;;
83386;28/12/2018;0000;;28.9;;0.366667;
83386;28/12/2018;1200;1.1;;21.6;;
83386;29/12/2018;0000;;26.8;;0.7;
83386;29/12/2018;1200;0;;20;;
83386;30/12/2018;0000;;30.8;;2.566667;
83386;30/12/2018;1200;1.1;;19.8;;
83386;31/12/2018;0000;;33;;1.166667;
83386;31/12/2018;1200;12.9;;20.4;;
83386;01/01/2019;0000;;32.8;;1.166667;
83386;01/01/2019;1200;8.3;;20.8;;
83386;02/01/2019;0000;;33.4;;2.2;
83386;02/01/2019;1200;0;;19.8;;
83386;03/01/2019;0000;;34;;1.766667;
83386;03/01/2019;1200;0;;17.8;;
83386;04/01/2019;0000;;32.4;;1.6;
83386;04/01/2019;1200;0;;17;;
83386;05/01/2019;0000;;35.4;;2.633333;
83386;05/01/2019;1200;0;;19.4;;
83386;06/01/2019;0000;;33.2;;1.566667;
83386;06/01/2019;1200;8.2;;19;;
83386;07/01/2019;0000;;34.6;;1.866667;
83386;07/01/2019;1200;0;;18.2;;
83386;08/01/2019;0000;;30.6;;2.366667;
83386;08/01/2019;1200;0;;18.8;;
83386;09/01/2019;0000;;33;;2.1;
83386;09/01/2019;1200;0;;17.1;;
83386;10/01/2019;0000;;33.9;;2.3;
83386;10/01/2019;1200;0;;19.7;;
83386;11/01/2019;0000;;35.5;;1.933333;
83386;11/01/2019;1200;0;;20.3;;
83386;12/01/2019;0000;;35.3;;1.666667;
83386;12/01/2019;1200;3.6;;20.8;;
83386;13/01/2019;0000;;33.7;;1.7;
83386;13/01/2019;1200;0;;20.4;;
83386;14/01/2019;0000;;35.4;;2.1;
83386;14/01/2019;1200;0;;18;;
83386;15/01/2019;0000;;36.3;;2.166667;
83386;15/01/2019;1200;0;;19;;
83386;16/01/2019;0000;;37.7;;1.666667;
83386;16/01/2019;1200;0;;19;;
83386;17/01/2019;0000;;33.6;;1.566667;
83386;17/01/2019;1200;0;;19.8;;
83386;18/01/2019;0000;;36.4;;2.1;
83386;18/01/2019;1200;0;;19.9;;
83386;19/01/2019;0000;;37.5;;2.066667;
83386;19/01/2019;1200;0;;19.5;;
83386;20/01/2019;0000;;38;;0.8;
83386;20/01/2019;1200;0;;19.8;;
83386;21/01/2019;0000;;38.4;;1.466667;
83386;21/01/2019;1200;0;;21;;
83386;22/01/2019;0000;;37.4;;2.133333;
83386;22/01/2019;1200;0;;18.2;;
83386;23/01/2019;0000;;37.2;;1.966667;
83386;23/01/2019;1200;0;;19.4;;
83386;24/01/2019;0000;;37.8;;2.4;
83386;24/01/2019;1200;0;;19.7;;
83386;25/01/2019;0000;;36.3;;2.566667;
83386;25/01/2019;1200;0;;20.4;;
83386;26/01/2019;0000;;35.8;;3.066667;
83386;26/01/2019;1200;0;;21.8;;
83386;27/01/2019;0000;;35.4;;2.666667;
83386;27/01/2019;1200;36.2;;20.1;;
83386;28/01/2019;0000;;35.8;;3.566667;
83386;28/01/2019;1200;0;;20.9;;
83386;29/01/2019;0000;;36;;1.7;
83386;29/01/2019;1200;0;;19.1;;
83386;30/01/2019;0000;;35.6;;2.833333;
83386;30/01/2019;1200;0;;19.8;;
83386;31/01/2019;0000;;37;;2.1;
83386;31/01/2019;1200;0;;19.2;;
83386;01/02/2019;0000;;37.8;;2.233333;
83386;01/02/2019;1200;0;;18;;
83386;02/02/2019;0000;;38.2;;1.7;
83386;02/02/2019;1200;0;;19.4;;
83386;03/02/2019;0000;;38.8;;1.233333;
83386;03/02/2019;1200;0;;19.3;;
83386;04/02/2019;0000;;37.3;;1.6;
83386;04/02/2019;1200;0;;20.2;;
83386;05/02/2019;0000;;31.8;;1.166667;
83386;05/02/2019;1200;0;;23.3;;
83386;06/02/2019;0000;;34.6;;2.533333;
83386;06/02/2019;1200;1;;20.5;;
83386;07/02/2019;0000;;31.8;;1.4;
83386;07/02/2019;1200;50.1;;22.2;;
83386;08/02/2019;0000;;34.2;;1.733333;
83386;08/02/2019;1200;0.7;;21;;
83386;09/02/2019;0000;;33.8;;1.866667;
83386;09/02/2019;1200;0.1;;22.9;;
83386;10/02/2019;0000;;32.4;;2.666667;
83386;10/02/2019;1200;8.7;;22.5;;
83386;11/02/2019;0000;;33.8;;1.433333;
83386;11/02/2019;1200;0;;21.2;;
83386;12/02/2019;0000;;34.8;;2.233333;
83386;12/02/2019;1200;0;;18.8;;
83386;13/02/2019;0000;;36.4;;0.766667;
83386;13/02/2019;1200;0;;20.2;;
83386;14/02/2019;0000;;36.4;;1.766667;
83386;14/02/2019;1200;0;;20.2;;
83386;15/02/2019;0000;;31.2;;3.033333;
83386;15/02/2019;1200;4;;21;;
83386;16/02/2019;0000;;29.3;;0.8;
83386;16/02/2019;1200;9.2;;20.8;;
83386;17/02/2019;0000;;28.5;;1.633333;
83386;17/02/2019;1200;12.9;;21.6;;
83386;18/02/2019;0000;;29.1;;2.1;
83386;18/02/2019;1200;13;;22;;
83386;19/02/2019;0000;;32;;1.366667;
83386;19/02/2019;1200;3.8;;20.1;;
83386;20/02/2019;0000;;33.3;;2.7148;
83386;20/02/2019;1200;0;;21.1;;
83386;21/02/2019;0000;;35.7;;0.933333;
83386;21/02/2019;1200;0;;22.7;;
83386;22/02/2019;0000;;35.7;;2.933333;
83386;22/02/2019;1200;0;;20.6;;
83386;23/02/2019;0000;;34.4;;2.566667;
83386;23/02/2019;1200;0.5;;23;;
83386;24/02/2019;0000;;35;;2.533333;
83386;24/02/2019;1200;0;;21.9;;
83386;25/02/2019;0000;;35.7;;1.133333;
83386;25/02/2019;1200;0;;21.8;;
83386;26/02/2019;0000;;33.2;;2.633333;
83386;26/02/2019;1200;2.5;;22;;
83386;27/02/2019;0000;;34.1;;1.866667;
83386;27/02/2019;1200;0;;22;;
83386;28/02/2019;0000;;30.8;;1.3;
83386;28/02/2019;1200;0;;21.9;;
83386;01/03/2019;0000;;32.4;;1.466667;
83386;01/03/2019;1200;5.6;;21.1;;
83386;02/03/2019;0000;;32.5;;2.366667;
83386;02/03/2019;1200;0;;22.1;;
83386;03/03/2019;0000;;32.6;;1.4;
83386;03/03/2019;1200;22.9;;20.2;;
83386;04/03/2019;0000;;34.3;;2.433333;
83386;04/03/2019;1200;0;;20;;
83386;05/03/2019;0000;;31.4;;1.166667;
83386;05/03/2019;1200;0.8;;21;;
83386;06/03/2019;0000;;32.7;;1.966667;
83386;06/03/2019;1200;2.3;;20.7;;
83386;07/03/2019;0000;;34.9;;2.3;
83386;07/03/2019;1200;0;;19.8;;
83386;08/03/2019;0000;;35.8;;2.6;
83386;08/03/2019;1200;0;;20.6;;
83386;09/03/2019;0000;;36.1;;1.866667;
83386;09/03/2019;1200;0;;20.9;;
83386;10/03/2019;0000;;36.5;;2.066667;
83386;10/03/2019;1200;0;;20;;
83386;11/03/2019;0000;;32.2;;1.666667;
83386;11/03/2019;1200;13.8;;20.7;;
83386;12/03/2019;0000;;35.3;;0.5;
83386;12/03/2019;1200;9.7;;20.5;;
83386;13/03/2019;0000;;36.2;;1.266667;
83386;13/03/2019;1200;0;;20.2;;
83386;14/03/2019;0000;;35.4;;2.2;
83386;14/03/2019;1200;0;;20.9;;
83386;15/03/2019;0000;;36.6;;1.9;
83386;15/03/2019;1200;0;;23;;
83386;16/03/2019;0000;;35.2;;0.333333;
83386;16/03/2019;1200;42.2;;21.8;;
83386;17/03/2019;0000;;32.5;;1.366667;
83386;17/03/2019;1200;0.3;;23;;
83386;18/03/2019;0000;;35.4;;1.7;
83386;18/03/2019;1200;0;;22.6;;
83386;19/03/2019;0000;;37;;2.633333;
83386;19/03/2019;1200;0;;23.8;;
83386;20/03/2019;0000;;33.3;;3.633333;
83386;20/03/2019;1200;0.8;;23.2;;
83386;21/03/2019;0000;;28.6;;0.966667;
83386;21/03/2019;1200;10;;22.3;;
83386;22/03/2019;0000;;32.9;;0.766667;
83386;22/03/2019;1200;0.2;;22.1;;
83386;23/03/2019;0000;;28.8;;1.533333;
83386;23/03/2019;1200;23.8;;21.9;;
83386;24/03/2019;0000;;29.2;;2.866667;
83386;24/03/2019;1200;0;;22;;
83386;25/03/2019;0000;;29.9;;1.566667;
83386;25/03/2019;1200;31.9;;21.2;;
83386;26/03/2019;0000;;29.4;;1.666667;
83386;26/03/2019;1200;0.3;;22.2;;
83386;27/03/2019;0000;;30.4;;1.9;
83386;27/03/2019;1200;9.2;;21.6;;
83386;28/03/2019;0000;;30.3;;1.866667;
83386;28/03/2019;1200;0;;20.2;;
83386;29/03/2019;0000;;31.6;;1.733333;
83386;29/03/2019;1200;0;;19.9;;
83386;30/03/2019;0000;;31.4;;1.466667;
83386;30/03/2019;1200;0;;19.9;;

		
	
[Fechar] <#>
	
		

