--------------------
BDMEP - INMET
--------------------
Estação           : JURAMENTO - MG (OMM: 83452)
Latitude  (graus) : -16.77
Longitude (graus) : -43.66
Altitude  (metros): 648.00
Estação Operante
Inicio de operação: 14/11/1986
Periodo solicitado dos dados: 01/01/2018 a 30/03/2019
Os dados listados abaixo são os que encontram-se digitados no BDMEP
Hora em UTC
--------------------
Obs.: Os dados aparecem separados por ; (ponto e vírgula) no formato txt.
      Para o formato planilha XLS, siga as instruções <http://www.inmet.gov.br/projetos/rede/pesquisa/instrucao.html>
--------------------
Estacao;Data;Hora;Precipitacao;TempMaxima;TempMinima;Velocidade do Vento Media;
83452;01/01/2018;0000;;31.4;;1.666667;
83452;01/01/2018;1200;0;;20;;
83452;02/01/2018;0000;;31.4;;1.666667;
83452;02/01/2018;1200;2;;19;;
83452;03/01/2018;0000;;32.7;;1.333333;
83452;03/01/2018;1200;0;;20.6;;
83452;04/01/2018;0000;;26.2;;1;
83452;04/01/2018;1200;18;;20.8;;
83452;05/01/2018;0000;;28.5;;1.333333;
83452;05/01/2018;1200;1.6;;21;;
83452;06/01/2018;0000;;30.6;;1.666667;
83452;06/01/2018;1200;2.9;;20.8;;
83452;07/01/2018;0000;;30.2;;1;
83452;07/01/2018;1200;0;;19;;
83452;08/01/2018;0000;;30.4;;3;
83452;08/01/2018;1200;0;;18.6;;
83452;09/01/2018;0000;;31.4;;1;
83452;09/01/2018;1200;0;;19;;
83452;10/01/2018;0000;;31.4;;3.333333;
83452;10/01/2018;1200;0;;21.2;;
83452;11/01/2018;0000;;29.6;;2.333333;
83452;11/01/2018;1200;0;;16.8;;
83452;12/01/2018;0000;;31.2;;1;
83452;12/01/2018;1200;0;;16.6;;
83452;13/01/2018;0000;;31.6;;2.333333;
83452;13/01/2018;1200;0;;21;;
83452;14/01/2018;0000;;31;;1.666667;
83452;14/01/2018;1200;0;;20.4;;
83452;15/01/2018;0000;;31.6;;1;
83452;15/01/2018;1200;0;;19.2;;
83452;16/01/2018;0000;;32.6;;1.666667;
83452;16/01/2018;1200;0;;18.6;;
83452;17/01/2018;0000;;31.6;;1;
83452;17/01/2018;1200;0;;21.1;;
83452;18/01/2018;0000;;31.2;;1.666667;
83452;18/01/2018;1200;0;;18.6;;
83452;19/01/2018;0000;;33.4;;1;
83452;19/01/2018;1200;0;;16.8;;
83452;20/01/2018;0000;;34.4;;1;
83452;20/01/2018;1200;0;;18.2;;
83452;21/01/2018;0000;;34.6;;1;
83452;21/01/2018;1200;0;;19.1;;
83452;22/01/2018;0000;;35.4;;1.666667;
83452;22/01/2018;1200;0;;16.6;;
83452;23/01/2018;0000;;33.2;;1.333333;
83452;23/01/2018;1200;0;;19;;
83452;24/01/2018;0000;;32.6;;1.666667;
83452;24/01/2018;1200;0;;19.8;;
83452;25/01/2018;0000;;31.4;;1;
83452;25/01/2018;1200;0;;18.8;;
83452;26/01/2018;0000;;33;;2.333333;
83452;26/01/2018;1200;0;;19.6;;
83452;27/01/2018;0000;;33.4;;1;
83452;27/01/2018;1200;0;;18.2;;
83452;28/01/2018;0000;;30.6;;1.666667;
83452;28/01/2018;1200;20.8;;21;;
83452;29/01/2018;0000;;27.4;;1;
83452;29/01/2018;1200;12.4;;21;;
83452;30/01/2018;0000;;31.8;;1;
83452;30/01/2018;1200;3.3;;21.2;;
83452;31/01/2018;0000;;27.2;;1;
83452;31/01/2018;1200;1.6;;20.4;;
83452;01/02/2018;0000;;26.4;;3;
83452;01/02/2018;1200;7.9;;20.2;;
83452;02/02/2018;0000;;28.2;;1;
83452;02/02/2018;1200;0;;19.1;;
83452;03/02/2018;0000;;23.8;;2.333333;
83452;03/02/2018;1200;42.8;;18.6;;
83452;04/02/2018;0000;;21.5;;1;
83452;04/02/2018;1200;92.4;;18.8;;
83452;05/02/2018;0000;;22.8;;1.666667;
83452;05/02/2018;1200;62.3;;19.2;;
83452;06/02/2018;0000;;27.4;;1.333333;
83452;06/02/2018;1200;23;;19.6;;
83452;07/02/2018;0000;;29.2;;1;
83452;07/02/2018;1200;1;;20.6;;
83452;08/02/2018;0000;;31.2;;1.333333;
83452;08/02/2018;1200;0;;20.8;;
83452;09/02/2018;0000;;31.2;;1.333333;
83452;09/02/2018;1200;0;;19;;
83452;10/02/2018;0000;;30.3;;1;
83452;10/02/2018;1200;7;;21;;
83452;11/02/2018;0000;;31;;3;
83452;11/02/2018;1200;0;;18.6;;
83452;12/02/2018;0000;;29.5;;1;
83452;12/02/2018;1200;0;;20.2;;
83452;13/02/2018;0000;;31.6;;1.666667;
83452;13/02/2018;1200;0;;17.4;;
83452;14/02/2018;0000;;30.4;;2.333333;
83452;14/02/2018;1200;0;;18;;
83452;15/02/2018;0000;;29.2;;1.666667;
83452;15/02/2018;1200;3.5;;19.6;;
83452;16/02/2018;0000;;29.5;;1;
83452;16/02/2018;1200;0.2;;19;;
83452;17/02/2018;0000;;29.8;;2.333333;
83452;17/02/2018;1200;0;;18.2;;
83452;18/02/2018;0000;;31;;1;
83452;18/02/2018;1200;0;;18;;
83452;19/02/2018;0000;;30.8;;1;
83452;19/02/2018;1200;0;;19.4;;
83452;20/02/2018;0000;;28.2;;1;
83452;20/02/2018;1200;0;;21.2;;
83452;21/02/2018;0000;;30.6;;1;
83452;21/02/2018;1200;2.6;;21.2;;
83452;22/02/2018;0000;;24.6;;1.333333;
83452;22/02/2018;1200;0;;21.4;;
83452;23/02/2018;0000;;30.6;;1;
83452;23/02/2018;1200;16.2;;17.8;;
83452;24/02/2018;0000;;30.2;;1;
83452;24/02/2018;1200;0;;20.8;;
83452;25/02/2018;0000;;29.2;;1.666667;
83452;25/02/2018;1200;0;;20.2;;
83452;26/02/2018;0000;;26.5;;1;
83452;26/02/2018;1200;22.4;;20.2;;
83452;27/02/2018;0000;;30.2;;1.666667;
83452;27/02/2018;1200;0.9;;18.2;;
83452;28/02/2018;0000;;31;;0.666667;
83452;28/02/2018;1200;0;;17.6;;
83452;01/03/2018;0000;;32.2;;1;
83452;01/03/2018;1200;0;;18.2;;
83452;02/03/2018;0000;;31.5;;1.333333;
83452;02/03/2018;1200;0;;20;;
83452;03/03/2018;0000;;31.6;;1;
83452;03/03/2018;1200;0;;20.8;;
83452;04/03/2018;0000;;32.2;;1;
83452;04/03/2018;1200;0;;20.2;;
83452;05/03/2018;0000;;26;;1.666667;
83452;05/03/2018;1200;12.6;;20.8;;
83452;06/03/2018;0000;;32.2;;1.666667;
83452;06/03/2018;1200;12.7;;20;;
83452;07/03/2018;0000;;29.4;;1;
83452;07/03/2018;1200;5;;21.6;;
83452;08/03/2018;0000;;30;;1;
83452;08/03/2018;1200;0;;19;;
83452;09/03/2018;0000;;29.8;;1;
83452;09/03/2018;1200;0;;21.4;;
83452;10/03/2018;0000;;28.4;;1;
83452;10/03/2018;1200;3;;20.8;;
83452;11/03/2018;0000;;26.4;;1;
83452;11/03/2018;1200;11;;20.4;;
83452;12/03/2018;0000;;27.4;;1.333333;
83452;12/03/2018;1200;9.5;;20.2;;
83452;13/03/2018;0000;;29.8;;2;
83452;13/03/2018;1200;0.2;;21.8;;
83452;14/03/2018;0000;;31.2;;1;
83452;14/03/2018;1200;0;;20.2;;
83452;15/03/2018;0000;;31.6;;1.333333;
83452;15/03/2018;1200;0;;20.6;;
83452;16/03/2018;0000;;31.2;;1.666667;
83452;16/03/2018;1200;0;;20.4;;
83452;17/03/2018;0000;;31.6;;2.333333;
83452;17/03/2018;1200;0;;19.4;;
83452;18/03/2018;0000;;30.4;;1;
83452;18/03/2018;1200;0;;18.2;;
83452;19/03/2018;0000;;30.6;;2;
83452;19/03/2018;1200;0;;18.2;;
83452;20/03/2018;0000;;30.5;;1;
83452;20/03/2018;1200;1;;19.8;;
83452;21/03/2018;0000;;32;;1.666667;
83452;21/03/2018;1200;0;;18;;
83452;22/03/2018;0000;;29.5;;1.333333;
83452;22/03/2018;1200;0;;20.2;;
83452;23/03/2018;0000;;27.6;;1;
83452;23/03/2018;1200;0;;19.8;;
83452;24/03/2018;0000;;29.4;;0.7;
83452;24/03/2018;1200;10.2;;19.8;;
83452;25/03/2018;0000;;27.8;;1.666667;
83452;25/03/2018;1200;0;;20.4;;
83452;26/03/2018;0000;;30.4;;1.333333;
83452;26/03/2018;1200;0;;17;;
83452;27/03/2018;0000;;30.2;;0.666667;
83452;27/03/2018;1200;0;;18.8;;
83452;28/03/2018;0000;;30.2;;1;
83452;28/03/2018;1200;0;;16.6;;
83452;29/03/2018;0000;;31.6;;1;
83452;29/03/2018;1200;0;;21.2;;
83452;30/03/2018;0000;;30;;1;
83452;30/03/2018;1200;0;;20.2;;
83452;31/03/2018;0000;;30.6;;1;
83452;31/03/2018;1200;0;;16.8;;
83452;01/04/2018;0000;;30.4;;1;
83452;01/04/2018;1200;0;;21.4;;
83452;02/04/2018;0000;;31.8;;1;
83452;02/04/2018;1200;0;;16.8;;
83452;03/04/2018;0000;;31.4;;1.333333;
83452;03/04/2018;1200;0;;15;;
83452;04/04/2018;0000;;33;;3.666667;
83452;04/04/2018;1200;0;;20.8;;
83452;05/04/2018;0000;;31.4;;1.333333;
83452;05/04/2018;1200;0;;21;;
83452;06/04/2018;0000;;28;;1;
83452;06/04/2018;1200;0;;20.6;;
83452;07/04/2018;0000;;28.5;;1;
83452;07/04/2018;1200;0;;20.2;;
83452;08/04/2018;0000;;28.2;;1;
83452;08/04/2018;1200;2.2;;19.6;;
83452;09/04/2018;0000;;29.4;;1.333333;
83452;09/04/2018;1200;2.5;;20.4;;
83452;10/04/2018;0000;;28.2;;0.666667;
83452;10/04/2018;1200;0;;19;;
83452;11/04/2018;0000;;28.4;;1;
83452;11/04/2018;1200;0.4;;18;;
83452;12/04/2018;0000;;27.8;;1;
83452;12/04/2018;1200;18.7;;17.2;;
83452;13/04/2018;0000;;28.2;;1.666667;
83452;13/04/2018;1200;4.1;;19.2;;
83452;14/04/2018;0000;;28.6;;2.333333;
83452;14/04/2018;1200;0;;20;;
83452;15/04/2018;0000;;28.2;;1;
83452;15/04/2018;1200;5.7;;18;;
83452;16/04/2018;0000;;28;;1;
83452;16/04/2018;1200;0;;17.4;;
83452;17/04/2018;0000;;25.5;;1;
83452;17/04/2018;1200;2.1;;18;;
83452;18/04/2018;0000;;26;;2.333333;
83452;18/04/2018;1200;0;;17;;
83452;19/04/2018;0000;;27.2;;0.666667;
83452;19/04/2018;1200;0;;17.4;;
83452;20/04/2018;0000;;29;;0.666667;
83452;20/04/2018;1200;0;;14.8;;
83452;21/04/2018;0000;;27.4;;1;
83452;21/04/2018;1200;0;;14.8;;
83452;22/04/2018;0000;;27.2;;0.7;
83452;22/04/2018;1200;0;;15;;
83452;23/04/2018;0000;;28.2;;1.333333;
83452;23/04/2018;1200;0;;14.6;;
83452;24/04/2018;0000;;28.4;;1.333333;
83452;24/04/2018;1200;0;;15.8;;
83452;25/04/2018;0000;;29.2;;1;
83452;25/04/2018;1200;0;;15.8;;
83452;26/04/2018;0000;;30;;1;
83452;26/04/2018;1200;0;;17;;
83452;27/04/2018;0000;;30.2;;1;
83452;27/04/2018;1200;0;;15;;
83452;28/04/2018;0000;;28.8;;1.666667;
83452;28/04/2018;1200;0;;15.6;;
83452;29/04/2018;0000;;29.2;;1;
83452;29/04/2018;1200;0;;15;;
83452;30/04/2018;0000;;28.8;;1;
83452;30/04/2018;1200;0;;13.6;;
83452;01/05/2018;0000;;30.4;;1.466667;
83452;01/05/2018;1200;0;;14.8;;
83452;02/05/2018;0000;;30;;1;
83452;02/05/2018;1200;0;;15;;
83452;03/05/2018;0000;;30.2;;0.666667;
83452;03/05/2018;1200;0;;15;;
83452;04/05/2018;0000;;31.2;;1;
83452;04/05/2018;1200;0;;15;;
83452;05/05/2018;0000;;29.2;;1;
83452;05/05/2018;1200;0;;15;;
83452;06/05/2018;0000;;28.6;;1;
83452;06/05/2018;1200;0;;14.6;;
83452;07/05/2018;0000;;28.8;;0.666667;
83452;07/05/2018;1200;0;;15;;
83452;08/05/2018;0000;;28.8;;1;
83452;08/05/2018;1200;0;;14;;
83452;09/05/2018;0000;;26.4;;2;
83452;09/05/2018;1200;0;;20;;
83452;10/05/2018;0000;;27.4;;1.333333;
83452;10/05/2018;1200;0;;17;;
83452;11/05/2018;0000;;28.4;;1;
83452;11/05/2018;1200;0;;15.8;;
83452;12/05/2018;0000;;30.6;;1;
83452;12/05/2018;1200;0;;13.2;;
83452;13/05/2018;0000;;31.5;;1;
83452;13/05/2018;1200;0;;12.4;;
83452;14/05/2018;0000;;30;;1.666667;
83452;14/05/2018;1200;0;;13.4;;
83452;15/05/2018;0000;;27.5;;1.333333;
83452;15/05/2018;1200;0;;15.8;;
83452;16/05/2018;0000;;30.6;;1;
83452;16/05/2018;1200;0;;15.8;;
83452;17/05/2018;0000;;29.4;;1.333333;
83452;17/05/2018;1200;0;;14.2;;
83452;18/05/2018;0000;;30.4;;1.666667;
83452;18/05/2018;1200;0;;16.6;;
83452;19/05/2018;0000;;31;;1;
83452;19/05/2018;1200;0;;15.2;;
83452;20/05/2018;0000;;26.4;;1;
83452;20/05/2018;1200;0;;17.8;;
83452;21/05/2018;0000;;27.4;;1.333333;
83452;21/05/2018;1200;0;;14.6;;
83452;22/05/2018;0000;;30.2;;1;
83452;22/05/2018;1200;0;;14;;
83452;23/05/2018;0000;;28.5;;1.666667;
83452;23/05/2018;1200;0;;15.2;;
83452;24/05/2018;0000;;23.2;;1.666667;
83452;24/05/2018;1200;0.1;;18.4;;
83452;25/05/2018;0000;;27.2;;1.333333;
83452;25/05/2018;1200;12;;16.2;;
83452;26/05/2018;0000;;27.6;;1.666667;
83452;26/05/2018;1200;0;;15.6;;
83452;27/05/2018;0000;;26.2;;1;
83452;27/05/2018;1200;0;;15;;
83452;28/05/2018;0000;;25.6;;2.666667;
83452;28/05/2018;1200;0;;14.4;;
83452;29/05/2018;0000;;25.4;;1.666667;
83452;29/05/2018;1200;0;;13.8;;
83452;30/05/2018;0000;;26.8;;1.333333;
83452;30/05/2018;1200;0;;11.8;;
83452;31/05/2018;0000;;27.2;;1;
83452;31/05/2018;1200;0;;11.2;;
83452;01/06/2018;0000;;28.4;;1;
83452;01/06/2018;1200;0;;12.2;;
83452;02/06/2018;0000;;29.4;;1;
83452;02/06/2018;1200;0;;14.8;;
83452;03/06/2018;0000;;30.2;;1;
83452;03/06/2018;1200;0;;13.8;;
83452;04/06/2018;0000;;28.2;;0.666667;
83452;04/06/2018;1200;0;;16;;
83452;05/06/2018;0000;;27;;1.333333;
83452;05/06/2018;1200;0;;13.2;;
83452;06/06/2018;0000;;29.4;;1;
83452;06/06/2018;1200;0;;12;;
83452;07/06/2018;0000;;31.6;;1.333333;
83452;07/06/2018;1200;0;;13;;
83452;08/06/2018;0000;;31.4;;1;
83452;08/06/2018;1200;0;;15.2;;
83452;09/06/2018;0000;;29.6;;1.333333;
83452;09/06/2018;1200;0;;19.4;;
83452;10/06/2018;0000;;27.6;;1.666667;
83452;10/06/2018;1200;0;;15.2;;
83452;11/06/2018;0000;;26.4;;2;
83452;11/06/2018;1200;0;;14.8;;
83452;12/06/2018;0000;;28.4;;1;
83452;12/06/2018;1200;0;;13.8;;
83452;13/06/2018;0000;;31.2;;1;
83452;13/06/2018;1200;0;;15;;
83452;14/06/2018;0000;;30.2;;1;
83452;14/06/2018;1200;0;;12.2;;
83452;15/06/2018;0000;;28.4;;1.666667;
83452;15/06/2018;1200;0;;12.2;;
83452;16/06/2018;0000;;28.6;;1;
83452;16/06/2018;1200;0;;10;;
83452;17/06/2018;0000;;28;;1;
83452;17/06/2018;1200;0;;10.8;;
83452;18/06/2018;0000;;27.4;;1;
83452;18/06/2018;1200;0;;11.6;;
83452;19/06/2018;0000;;27.6;;1.666667;
83452;19/06/2018;1200;0;;13.8;;
83452;20/06/2018;0000;;27.2;;1.666667;
83452;20/06/2018;1200;0;;14;;
83452;21/06/2018;0000;;28.8;;1.666667;
83452;21/06/2018;1200;0;;13.4;;
83452;22/06/2018;0000;;29.5;;1.333333;
83452;22/06/2018;1200;0;;13;;
83452;23/06/2018;0000;;29.6;;1;
83452;23/06/2018;1200;0;;12.6;;
83452;24/06/2018;0000;;29.4;;1;
83452;24/06/2018;1200;0;;12.4;;
83452;25/06/2018;0000;;28.4;;2;
83452;25/06/2018;1200;0;;13.4;;
83452;26/06/2018;0000;;29.5;;1;
83452;26/06/2018;1200;0;;12.6;;
83452;27/06/2018;0000;;29.6;;1;
83452;27/06/2018;1200;0;;11.6;;
83452;28/06/2018;0000;;26.6;;2.333333;
83452;28/06/2018;1200;0;;10.8;;
83452;29/06/2018;0000;;28.2;;1.666667;
83452;29/06/2018;1200;0;;11.8;;
83452;30/06/2018;0000;;27.2;;1;
83452;30/06/2018;1200;0;;14;;
83452;01/07/2018;0000;;29.8;;1;
83452;01/07/2018;1200;0;;13;;
83452;02/07/2018;0000;;28.4;;0.666667;
83452;02/07/2018;1200;0;;13.2;;
83452;03/07/2018;0000;;30.4;;1.666667;
83452;03/07/2018;1200;0;;13.4;;
83452;04/07/2018;0000;;30.2;;0.666667;
83452;04/07/2018;1200;0;;14.2;;
83452;05/07/2018;0000;;28.4;;1.333333;
83452;05/07/2018;1200;0;;12.6;;
83452;06/07/2018;0000;;29.4;;1;
83452;06/07/2018;1200;0;;10.8;;
83452;07/07/2018;0000;;28.8;;0.833333;
83452;07/07/2018;1200;0;;11.2;;
83452;08/07/2018;0000;;30.2;;1;
83452;08/07/2018;1200;0;;11.8;;
83452;09/07/2018;0000;;31.6;;1.666667;
83452;09/07/2018;1200;0;;11.8;;
83452;10/07/2018;0000;;30.5;;1;
83452;10/07/2018;1200;0;;11.4;;
83452;11/07/2018;0000;;30.8;;1;
83452;11/07/2018;1200;0;;11.6;;
83452;12/07/2018;0000;;30;;1;
83452;12/07/2018;1200;0;;12;;
83452;13/07/2018;0000;;28.8;;1.666667;
83452;13/07/2018;1200;0;;12.8;;
83452;14/07/2018;0000;;29.2;;1;
83452;14/07/2018;1200;0;;12;;
83452;15/07/2018;0000;;28.2;;1.666667;
83452;15/07/2018;1200;0;;12.2;;
83452;16/07/2018;0000;;28.4;;1;
83452;16/07/2018;1200;0;;13.2;;
83452;17/07/2018;0000;;27.2;;2.333333;
83452;17/07/2018;1200;0;;12.2;;
83452;18/07/2018;0000;;26.8;;1.666667;
83452;18/07/2018;1200;0;;15;;
83452;19/07/2018;0000;;27;;2.666667;
83452;19/07/2018;1200;0;;12.2;;
83452;20/07/2018;0000;;28.6;;1.666667;
83452;20/07/2018;1200;0;;12;;
83452;21/07/2018;0000;;29.8;;1.666667;
83452;21/07/2018;1200;0;;11.6;;
83452;22/07/2018;0000;;28.6;;2.333333;
83452;22/07/2018;1200;0;;10.8;;
83452;23/07/2018;0000;;27.6;;2;
83452;23/07/2018;1200;0;;11.4;;
83452;24/07/2018;0000;;26.2;;1;
83452;24/07/2018;1200;0;;16.2;;
83452;25/07/2018;0000;;27.6;;2.333333;
83452;25/07/2018;1200;0;;12.8;;
83452;26/07/2018;0000;;27.2;;1;
83452;26/07/2018;1200;0;;11;;
83452;27/07/2018;0000;;28;;0.666667;
83452;27/07/2018;1200;0;;11.2;;
83452;28/07/2018;0000;;28.2;;1;
83452;28/07/2018;1200;0;;11.4;;
83452;29/07/2018;0000;;28.8;;1;
83452;29/07/2018;1200;0;;10.6;;
83452;30/07/2018;0000;;29.6;;1;
83452;30/07/2018;1200;0;;13.8;;
83452;31/07/2018;0000;;32;;1.666667;
83452;31/07/2018;1200;0;;10.2;;
83452;01/08/2018;0000;;33;;1.333333;
83452;01/08/2018;1200;0;;11.6;;
83452;02/08/2018;0000;;30.4;;2;
83452;02/08/2018;1200;0;;14;;
83452;03/08/2018;0000;;30.4;;0.666667;
83452;03/08/2018;1200;0;;17;;
83452;04/08/2018;0000;;30;;2.333333;
83452;04/08/2018;1200;0;;13.6;;
83452;05/08/2018;0000;;33.2;;1;
83452;05/08/2018;1200;0;;15;;
83452;06/08/2018;0000;;33;;3;
83452;06/08/2018;1200;0;;16.8;;
83452;07/08/2018;0000;;31.6;;1.333333;
83452;07/08/2018;1200;0;;17.4;;
83452;08/08/2018;0000;;30.8;;3;
83452;08/08/2018;1200;0;;16.2;;
83452;09/08/2018;0000;;30.4;;0.666667;
83452;09/08/2018;1200;0;;15.8;;
83452;10/08/2018;0000;;34.6;;1.333333;
83452;10/08/2018;1200;0;;14;;
83452;11/08/2018;0000;;34.6;;1.666667;
83452;11/08/2018;1200;0;;18.2;;
83452;12/08/2018;0000;;34.6;;1;
83452;12/08/2018;1200;0;;12.2;;
83452;13/08/2018;0000;;33.2;;1;
83452;13/08/2018;1200;0;;13.2;;
83452;14/08/2018;0000;;31.8;;2.333333;
83452;14/08/2018;1200;0;;15.2;;
83452;15/08/2018;0000;;32.4;;1;
83452;15/08/2018;1200;0;;12.8;;
83452;16/08/2018;0000;;28.8;;2;
83452;16/08/2018;1200;0;;14.8;;
83452;17/08/2018;0000;;27;;1.333333;
83452;17/08/2018;1200;0.2;;18.2;;
83452;18/08/2018;0000;;26.8;;3;
83452;18/08/2018;1200;0.6;;15.2;;
83452;19/08/2018;0000;;28.6;;2.333333;
83452;19/08/2018;1200;0;;13;;
83452;20/08/2018;0000;;31;;1.666667;
83452;20/08/2018;1200;0;;12.2;;
83452;21/08/2018;0000;;30.2;;1.666667;
83452;21/08/2018;1200;0;;15.2;;
83452;22/08/2018;0000;;29.6;;1.333333;
83452;22/08/2018;1200;0;;15.4;;
83452;23/08/2018;0000;;29.6;;2;
83452;23/08/2018;1200;0;;17.2;;
83452;24/08/2018;0000;;31.2;;1.333333;
83452;24/08/2018;1200;0;;12.8;;
83452;25/08/2018;0000;;32.5;;2;
83452;25/08/2018;1200;0;;12.8;;
83452;26/08/2018;0000;;33.2;;2.333333;
83452;26/08/2018;1200;0;;15.2;;
83452;27/08/2018;0000;;29.4;;2;
83452;27/08/2018;1200;0;;15.2;;
83452;28/08/2018;0000;;29.4;;2.666667;
83452;28/08/2018;1200;0;;16.4;;
83452;29/08/2018;0000;;28.8;;1;
83452;29/08/2018;1200;0;;15.4;;
83452;30/08/2018;0000;;28.6;;2;
83452;30/08/2018;1200;0;;13.2;;
83452;31/08/2018;0000;;30.2;;2.333333;
83452;31/08/2018;1200;0;;17.2;;
83452;01/09/2018;0000;;30.8;;1.666667;
83452;01/09/2018;1200;0;;14.4;;
83452;02/09/2018;0000;;31.2;;1;
83452;02/09/2018;1200;0;;14;;
83452;03/09/2018;0000;;34.2;;1.333333;
83452;03/09/2018;1200;0;;14.6;;
83452;04/09/2018;0000;;33.8;;2.333333;
83452;04/09/2018;1200;0;;15.2;;
83452;05/09/2018;0000;;33.4;;1;
83452;05/09/2018;1200;0;;15.6;;
83452;06/09/2018;0000;;30.8;;2;
83452;06/09/2018;1200;0;;14.8;;
83452;07/09/2018;0000;;30.6;;2.333333;
83452;07/09/2018;1200;0;;14;;
83452;08/09/2018;0000;;31.2;;1.666667;
83452;08/09/2018;1200;0;;14;;
83452;09/09/2018;0000;;31.4;;1;
83452;09/09/2018;1200;0;;14.4;;
83452;10/09/2018;0000;;32.6;;1.666667;
83452;10/09/2018;1200;0;;13.8;;
83452;11/09/2018;0000;;33;;1;
83452;11/09/2018;1200;0;;12;;
83452;12/09/2018;0000;;31.8;;1;
83452;12/09/2018;1200;0;;16.6;;
83452;13/09/2018;0000;;29.8;;2.333333;
83452;13/09/2018;1200;0;;17.8;;
83452;14/09/2018;0000;;31.2;;2;
83452;14/09/2018;1200;0;;15;;
83452;15/09/2018;0000;;27.6;;1;
83452;15/09/2018;1200;0;;17.6;;
83452;16/09/2018;0000;;28.2;;1;
83452;16/09/2018;1200;0;;15.8;;
83452;17/09/2018;0000;;34;;1.666667;
83452;17/09/2018;1200;0;;15.8;;
83452;18/09/2018;0000;;31.8;;1.333333;
83452;18/09/2018;1200;1.5;;20.4;;
83452;19/09/2018;0000;;29;;1;
83452;19/09/2018;1200;0;;20.2;;
83452;20/09/2018;0000;;34.2;;1.666667;
83452;20/09/2018;1200;4.4;;20.2;;
83452;21/09/2018;0000;;33.4;;1;
83452;21/09/2018;1200;0;;17.2;;
83452;22/09/2018;0000;;36.4;;1;
83452;22/09/2018;1200;0;;20.6;;
83452;23/09/2018;0000;;34.4;;2.333333;
83452;23/09/2018;1200;0;;21.6;;
83452;24/09/2018;0000;;35.5;;1.333333;
83452;24/09/2018;1200;0;;18.4;;
83452;25/09/2018;0000;;34.2;;1.666667;
83452;25/09/2018;1200;0;;17.6;;
83452;26/09/2018;0000;;32.5;;2;
83452;26/09/2018;1200;0;;21.4;;
83452;27/09/2018;0000;;34.6;;1.333333;
83452;27/09/2018;1200;0;;18.6;;
83452;28/09/2018;0000;;36.4;;1.333333;
83452;28/09/2018;1200;0;;22;;
83452;29/09/2018;0000;;35.6;;2;
83452;29/09/2018;1200;0;;20.2;;
83452;30/09/2018;0000;;35;;1;
83452;30/09/2018;1200;0;;21;;
83452;01/10/2018;0000;;35.4;;2;
83452;01/10/2018;1200;0;;19;;
83452;02/10/2018;0000;;32.7;;2;
83452;02/10/2018;1200;0;;20.2;;
83452;03/10/2018;0000;;35.2;;1.333333;
83452;03/10/2018;1200;0;;19.2;;
83452;04/10/2018;0000;;37.8;;1.333333;
83452;04/10/2018;1200;0;;20.2;;
83452;05/10/2018;0000;;34.4;;2;
83452;05/10/2018;1200;0;;20.4;;
83452;06/10/2018;0000;;33.2;;1;
83452;06/10/2018;1200;0;;19.6;;
83452;07/10/2018;0000;;33.8;;1.666667;
83452;07/10/2018;1200;0;;19.6;;
83452;08/10/2018;0000;;33.6;;1;
83452;08/10/2018;1200;0;;20.2;;
83452;09/10/2018;0000;;34.4;;2.333333;
83452;09/10/2018;1200;0;;20;;
83452;10/10/2018;0000;;34.4;;1;
83452;10/10/2018;1200;0;;19.2;;
83452;11/10/2018;0000;;36.2;;1.333333;
83452;11/10/2018;1200;0;;22.6;;
83452;12/10/2018;0000;;35.6;;1.666667;
83452;12/10/2018;1200;0;;21;;
83452;13/10/2018;0000;;36;;1.666667;
83452;13/10/2018;1200;0;;21.6;;
83452;14/10/2018;0000;;38.4;;1;
83452;14/10/2018;1200;0;;20;;
83452;15/10/2018;0000;;33.2;;1.333333;
83452;15/10/2018;1200;0;;24;;
83452;16/10/2018;0000;;33.6;;3;
83452;16/10/2018;1200;21;;19.2;;
83452;17/10/2018;0000;;33.4;;1;
83452;17/10/2018;1200;7.2;;22.4;;
83452;18/10/2018;0000;;34.2;;2.333333;
83452;18/10/2018;1200;0;;23;;
83452;19/10/2018;0000;;33.8;;1.666667;
83452;19/10/2018;1200;0;;23.8;;
83452;20/10/2018;0000;;31.5;;1;
83452;20/10/2018;1200;0;;15.6;;
83452;21/10/2018;0000;;24.6;;1;
83452;21/10/2018;1200;4;;16.2;;
83452;22/10/2018;0000;;25.4;;1.666667;
83452;22/10/2018;1200;34;;13.8;;
83452;23/10/2018;0000;;29.2;;1;
83452;23/10/2018;1200;0;;19;;
83452;24/10/2018;0000;;33.4;;1;
83452;24/10/2018;1200;0;;18.2;;
83452;25/10/2018;0000;;27.6;;1;
83452;25/10/2018;1200;50.4;;19.4;;
83452;26/10/2018;0000;;31.6;;1;
83452;26/10/2018;1200;4.5;;20.8;;
83452;27/10/2018;0000;;34.4;;2.333333;
83452;27/10/2018;1200;4.8;;20.8;;
83452;28/10/2018;0000;;32.4;;0.833333;
83452;28/10/2018;1200;15.1;;18.9;;
83452;29/10/2018;0000;;30;;0.7;
83452;29/10/2018;1200;46.6;;20;;
83452;30/10/2018;0000;;30.5;;1.333333;
83452;30/10/2018;1200;0;;19.6;;
83452;31/10/2018;0000;;31.2;;1.666667;
83452;31/10/2018;1200;0;;19.2;;
83452;01/11/2018;0000;;33.4;;1;
83452;01/11/2018;1200;0;;15.4;;
83452;02/11/2018;0000;;33.2;;1.666667;
83452;02/11/2018;1200;0;;20.6;;
83452;03/11/2018;0000;;31;;1;
83452;03/11/2018;1200;28.3;;19.8;;
83452;04/11/2018;0000;;27;;1;
83452;04/11/2018;1200;32.4;;20.2;;
83452;05/11/2018;0000;;30.2;;1.666667;
83452;05/11/2018;1200;10;;21.4;;
83452;06/11/2018;0000;;26;;2;
83452;06/11/2018;1200;0;;20.4;;
83452;07/11/2018;0000;;28.4;;1.666667;
83452;07/11/2018;1200;0;;20;;
83452;08/11/2018;0000;;29.6;;2.333333;
83452;08/11/2018;1200;0;;20.4;;
83452;09/11/2018;0000;;24.4;;1;
83452;09/11/2018;1200;0;;17.8;;
83452;10/11/2018;0000;;22.8;;1;
83452;10/11/2018;1200;15.8;;18.6;;
83452;11/11/2018;0000;;25.8;;1;
83452;11/11/2018;1200;10.9;;20.4;;
83452;12/11/2018;0000;;29.8;;2.666667;
83452;12/11/2018;1200;32.7;;19.2;;
83452;13/11/2018;0000;;28.4;;0.666667;
83452;13/11/2018;1200;5.7;;20.2;;
83452;14/11/2018;0000;;30.6;;1.333333;
83452;14/11/2018;1200;1.8;;20.8;;
83452;15/11/2018;0000;;30.8;;1;
83452;15/11/2018;1200;0;;20;;
83452;16/11/2018;0000;;30.4;;1;
83452;16/11/2018;1200;0;;21.8;;
83452;17/11/2018;0000;;29.8;;1.666667;
83452;17/11/2018;1200;0;;20.2;;
83452;18/11/2018;0000;;29.6;;2.333333;
83452;18/11/2018;1200;0;;19.6;;
83452;19/11/2018;0000;;32.2;;1;
83452;19/11/2018;1200;0;;19;;
83452;20/11/2018;0000;;31;;1;
83452;20/11/2018;1200;0;;18.8;;
83452;21/11/2018;0000;;28.2;;2.666667;
83452;21/11/2018;1200;0;;22.2;;
83452;22/11/2018;0000;;29.8;;1.666667;
83452;22/11/2018;1200;0;;21.8;;
83452;23/11/2018;0000;;30;;3.333333;
83452;23/11/2018;1200;0;;20.8;;
83452;24/11/2018;0000;;29.2;;1.666667;
83452;24/11/2018;1200;0;;18.8;;
83452;25/11/2018;0000;;23.2;;1;
83452;25/11/2018;1200;13.5;;19.8;;
83452;26/11/2018;0000;;27.4;;2.333333;
83452;26/11/2018;1200;0.5;;18.8;;
83452;27/11/2018;0000;;27.4;;2.666667;
83452;27/11/2018;1200;0;;19.2;;
83452;28/11/2018;0000;;28.2;;2.666667;
83452;28/11/2018;1200;0;;16.8;;
83452;29/11/2018;0000;;30.8;;1;
83452;29/11/2018;1200;0;;15.8;;
83452;30/11/2018;0000;;32.6;;1;
83452;30/11/2018;1200;0;;16.8;;
83452;01/12/2018;0000;;26.6;;1;
83452;01/12/2018;1200;1.1;;20.8;;
83452;02/12/2018;0000;;25.8;;1.666667;
83452;02/12/2018;1200;30.6;;20.8;;
83452;03/12/2018;0000;;25.2;;1.333333;
83452;03/12/2018;1200;10.8;;19.2;;
83452;04/12/2018;0000;;27.2;;1;
83452;04/12/2018;1200;13.3;;21;;
83452;05/12/2018;0000;;28.5;;1;
83452;05/12/2018;1200;0;;18.4;;
83452;06/12/2018;0000;;32;;1.333333;
83452;06/12/2018;1200;0;;21.6;;
83452;07/12/2018;0000;;28.5;;1.666667;
83452;07/12/2018;1200;0;;21.4;;
83452;08/12/2018;0000;;24.5;;1;
83452;08/12/2018;1200;4;;19.8;;
83452;09/12/2018;0000;;21.4;;1;
83452;09/12/2018;1200;6.9;;17.2;;
83452;10/12/2018;0000;;25.8;;1;
83452;10/12/2018;1200;1;;17.4;;
83452;11/12/2018;0000;;29.4;;2;
83452;11/12/2018;1200;0;;18;;
83452;12/12/2018;0000;;29.8;;1.666667;
83452;12/12/2018;1200;0;;18.8;;
83452;13/12/2018;0000;;30.4;;2;
83452;13/12/2018;1200;0;;17.2;;
83452;14/12/2018;0000;;31.2;;1;
83452;14/12/2018;1200;0;;15.6;;
83452;15/12/2018;0000;;32;;1;
83452;15/12/2018;1200;0;;17;;
83452;16/12/2018;0000;;32.6;;1;
83452;16/12/2018;1200;0;;16.8;;
83452;17/12/2018;0000;;31.4;;1;
83452;17/12/2018;1200;0;;16.8;;
83452;18/12/2018;0000;;32.8;;1;
83452;18/12/2018;1200;0;;16.8;;
83452;19/12/2018;0000;;33.8;;1;
83452;19/12/2018;1200;0;;16.8;;
83452;20/12/2018;0000;;33.8;;1.666667;
83452;20/12/2018;1200;0;;16.8;;
83452;21/12/2018;0000;;33.5;;1;
83452;21/12/2018;1200;0;;17.8;;
83452;22/12/2018;0000;;35.6;;1;
83452;22/12/2018;1200;0;;19.2;;
83452;23/12/2018;0000;;31.2;;1;
83452;23/12/2018;1200;0;;18;;
83452;24/12/2018;0000;;33.6;;1;
83452;24/12/2018;1200;0;;18.4;;
83452;25/12/2018;0000;;31.4;;1;
83452;25/12/2018;1200;30;;19.2;;
83452;26/12/2018;0000;;31;;1.666667;
83452;26/12/2018;1200;0.9;;20.6;;
83452;27/12/2018;0000;;26.5;;1.333333;
83452;27/12/2018;1200;17.4;;20;;
83452;28/12/2018;0000;;31.6;;1.333333;
83452;28/12/2018;1200;70;;19;;
83452;29/12/2018;0000;;27.6;;2;
83452;29/12/2018;1200;6.1;;21.4;;
83452;30/12/2018;0000;;30.2;;1;
83452;30/12/2018;1200;43.5;;19.4;;
83452;31/12/2018;0000;;27.2;;1;
83452;31/12/2018;1200;20.5;;19.6;;
83452;01/01/2019;0000;;31.2;;1;
83452;01/01/2019;1200;0;;19;;
83452;02/01/2019;0000;;34.4;;1.333333;
83452;02/01/2019;1200;0;;18;;
83452;03/01/2019;0000;;32.8;;1;
83452;03/01/2019;1200;0;;18;;
83452;04/01/2019;0000;;30.2;;0.666667;
83452;04/01/2019;1200;0;;17.6;;
83452;05/01/2019;0000;;33.8;;1;
83452;05/01/2019;1200;0;;19.4;;
83452;06/01/2019;0000;;32.6;;1;
83452;06/01/2019;1200;0;;17.2;;
83452;07/01/2019;0000;;31;;1.666667;
83452;07/01/2019;1200;0;;16.4;;
83452;08/01/2019;0000;;29.8;;1.666667;
83452;08/01/2019;1200;0;;16.8;;
83452;09/01/2019;0000;;30.5;;1.666667;
83452;09/01/2019;1200;0;;17.8;;
83452;10/01/2019;0000;;29.6;;1;
83452;10/01/2019;1200;0;;20.2;;
83452;11/01/2019;0000;;31.6;;1.666667;
83452;11/01/2019;1200;0;;18.4;;
83452;12/01/2019;0000;;31.6;;1;
83452;12/01/2019;1200;0;;19;;
83452;13/01/2019;0000;;31.8;;1;
83452;13/01/2019;1200;0;;18;;
83452;14/01/2019;0000;;32.2;;1;
83452;14/01/2019;1200;0;;17.8;;
83452;15/01/2019;0000;;33.4;;1.666667;
83452;15/01/2019;1200;0;;18.6;;
83452;16/01/2019;0000;;34.2;;1;
83452;16/01/2019;1200;0;;18.4;;
83452;17/01/2019;0000;;34.4;;1.666667;
83452;17/01/2019;1200;0;;18.8;;
83452;18/01/2019;0000;;33.2;;1;
83452;18/01/2019;1200;0;;18.8;;
83452;19/01/2019;0000;;33.6;;1;
83452;19/01/2019;1200;0;;16.6;;
83452;20/01/2019;0000;;31.8;;1;
83452;20/01/2019;1200;0;;17.8;;
83452;21/01/2019;0000;;34.2;;1;
83452;21/01/2019;1200;0;;17.6;;
83452;22/01/2019;0000;;33.8;;1;
83452;22/01/2019;1200;0;;17.2;;
83452;23/01/2019;0000;;34;;1.666667;
83452;23/01/2019;1200;0;;19;;
83452;24/01/2019;0000;;34.2;;1;
83452;24/01/2019;1200;0;;17;;
83452;25/01/2019;0000;;33.2;;1;
83452;25/01/2019;1200;0;;18.8;;
83452;26/01/2019;0000;;32.5;;2.333333;
83452;26/01/2019;1200;0;;20.8;;
83452;27/01/2019;0000;;33.2;;1.666667;
83452;27/01/2019;1200;0;;19.2;;
83452;28/01/2019;0000;;33.2;;1.666667;
83452;28/01/2019;1200;0;;20.2;;
83452;29/01/2019;0000;;35;;1.666667;
83452;29/01/2019;1200;0;;19.6;;
83452;30/01/2019;0000;;32.5;;3;
83452;30/01/2019;1200;0;;18;;
83452;31/01/2019;0000;;35.2;;1;
83452;31/01/2019;1200;0;;16.6;;
83452;01/02/2019;0000;;34.6;;1;
83452;01/02/2019;1200;0;;16.2;;
83452;02/02/2019;0000;;35;;1;
83452;02/02/2019;1200;0;;17.4;;
83452;03/02/2019;0000;;35.8;;1;
83452;03/02/2019;1200;0;;17;;
83452;04/02/2019;0000;;34.8;;1.333333;
83452;04/02/2019;1200;0;;20.4;;
83452;05/02/2019;0000;;27.4;;0.666667;
83452;05/02/2019;1200;36;;19.6;;
83452;06/02/2019;0000;;30.2;;1;
83452;06/02/2019;1200;14.9;;19.6;;
83452;07/02/2019;0000;;31.2;;1;
83452;07/02/2019;1200;7;;19.4;;
83452;08/02/2019;0000;;31.6;;1.666667;
83452;08/02/2019;1200;22.5;;20.2;;
83452;09/02/2019;0000;;30.4;;1;
83452;09/02/2019;1200;10.5;;20;;
83452;10/02/2019;0000;;29.6;;1;
83452;10/02/2019;1200;17;;20.8;;
83452;11/02/2019;0000;;31.5;;1;
83452;11/02/2019;1200;0;;19.2;;
83452;12/02/2019;0000;;32.2;;1.333333;
83452;12/02/2019;1200;0;;17.8;;
83452;13/02/2019;0000;;33.8;;1.333333;
83452;13/02/2019;1200;0;;17.2;;
83452;14/02/2019;0000;;33.4;;1;
83452;14/02/2019;1200;0;;21.6;;
83452;15/02/2019;0000;;29.8;;1;
83452;15/02/2019;1200;0;;20.6;;
83452;16/02/2019;0000;;30.8;;1;
83452;16/02/2019;1200;0;;20.6;;
83452;17/02/2019;0000;;29.4;;1;
83452;17/02/2019;1200;2.6;;21;;
83452;18/02/2019;0000;;29.8;;1.666667;
83452;18/02/2019;1200;14.8;;19.6;;
83452;19/02/2019;0000;;30.8;;1;
83452;19/02/2019;1200;16.9;;20.2;;
83452;20/02/2019;0000;;33.4;;1.666667;
83452;20/02/2019;1200;0;;20.6;;
83452;21/02/2019;0000;;32;;2;
83452;21/02/2019;1200;6.8;;20.8;;
83452;22/02/2019;0000;;33.4;;2.666667;
83452;22/02/2019;1200;0;;21.4;;
83452;23/02/2019;0000;;32.4;;1;
83452;23/02/2019;1200;0;;20;;
83452;24/02/2019;0000;;34;;1;
83452;24/02/2019;1200;0;;20.2;;
83452;25/02/2019;0000;;33.6;;1;
83452;25/02/2019;1200;0;;19;;
83452;26/02/2019;0000;;32.4;;1;
83452;26/02/2019;1200;0;;20.4;;
83452;27/02/2019;0000;;32.2;;0.666667;
83452;27/02/2019;1200;14.7;;19.8;;
83452;28/02/2019;0000;;31;;1.333333;
83452;28/02/2019;1200;0;;20.8;;
83452;01/03/2019;0000;;30.4;;0.666667;
83452;01/03/2019;1200;12.5;;19;;
83452;02/03/2019;0000;;29.4;;1.666667;
83452;02/03/2019;1200;0;;20.2;;
83452;03/03/2019;0000;;30.5;;1.666667;
83452;03/03/2019;1200;0;;19.2;;
83452;04/03/2019;0000;;31.4;;1;
83452;04/03/2019;1200;0;;18.6;;
83452;05/03/2019;0000;;32.2;;1;
83452;05/03/2019;1200;0;;21.8;;
83452;06/03/2019;0000;;30.6;;1.666667;
83452;06/03/2019;1200;0;;20;;
83452;07/03/2019;0000;;32.4;;1.333333;
83452;07/03/2019;1200;0;;18.8;;
83452;08/03/2019;0000;;33.6;;1;
83452;08/03/2019;1200;0;;19;;
83452;09/03/2019;0000;;33.4;;1;
83452;09/03/2019;1200;0;;19.2;;
83452;10/03/2019;0000;;33;;2.333333;
83452;10/03/2019;1200;0;;20.6;;
83452;11/03/2019;0000;;31.5;;1;
83452;11/03/2019;1200;0;;20.2;;
83452;12/03/2019;0000;;33;;3;
83452;12/03/2019;1200;0.8;;19.2;;
83452;13/03/2019;0000;;35.2;;1;
83452;13/03/2019;1200;0;;21;;
83452;14/03/2019;0000;;35;;1;
83452;14/03/2019;1200;0;;20.8;;
83452;15/03/2019;0000;;34.5;;1;
83452;15/03/2019;1200;0;;20.2;;
83452;16/03/2019;0000;;31.6;;1.666667;
83452;16/03/2019;1200;0;;21.8;;
83452;17/03/2019;0000;;30.6;;1.333333;
83452;17/03/2019;1200;38.6;;21;;
83452;18/03/2019;0000;;34.4;;1.666667;
83452;18/03/2019;1200;0;;20.2;;
83452;19/03/2019;0000;;35;;1;
83452;19/03/2019;1200;0;;21.2;;
83452;20/03/2019;0000;;32;;1;
83452;20/03/2019;1200;2.7;;22.2;;
83452;21/03/2019;0000;;28.2;;1;
83452;21/03/2019;1200;31.2;;21.2;;
83452;22/03/2019;0000;;28.2;;1;
83452;22/03/2019;1200;2.3;;21.8;;
83452;23/03/2019;0000;;27.4;;1;
83452;23/03/2019;1200;12.7;;20;;
83452;24/03/2019;0000;;27.6;;1;
83452;24/03/2019;1200;0;;20.6;;
83452;25/03/2019;0000;;29.8;;1;
83452;25/03/2019;1200;0;;20.2;;
83452;26/03/2019;0000;;29.2;;1.333333;
83452;26/03/2019;1200;0;;21.2;;
83452;27/03/2019;0000;;28.2;;1.333333;
83452;27/03/2019;1200;18.2;;20;;
83452;28/03/2019;0000;;30.2;;1;
83452;28/03/2019;1200;0;;19.8;;
83452;29/03/2019;0000;;28.8;;2;
83452;29/03/2019;1200;0;;18.8;;
83452;30/03/2019;0000;;30.4;;1.666667;
83452;30/03/2019;1200;0;;19.2;;

		
	
[Fechar] <#>
	
		

