--------------------
BDMEP - INMET
--------------------
Estação           : LAVRAS - MG (OMM: 83687)
Latitude  (graus) : -21.75
Longitude (graus) : -45
Altitude  (metros): 918.84
Estação Operante
Inicio de operação: 18/02/1911
Periodo solicitado dos dados: 01/01/2018 a 30/03/2019
Os dados listados abaixo são os que encontram-se digitados no BDMEP
Hora em UTC
--------------------
Obs.: Os dados aparecem separados por ; (ponto e vírgula) no formato txt.
      Para o formato planilha XLS, siga as instruções <http://www.inmet.gov.br/projetos/rede/pesquisa/instrucao.html>
--------------------
Estacao;Data;Hora;Precipitacao;TempMaxima;TempMinima;Velocidade do Vento Media;
83687;01/01/2018;0000;;29.4;;1.666667;
83687;01/01/2018;1200;2.8;;19.3;;
83687;02/01/2018;0000;;29.4;;2.666667;
83687;02/01/2018;1200;10.9;;19.7;;
83687;03/01/2018;0000;;27.8;;0.666667;
83687;03/01/2018;1200;1;;19.3;;
83687;04/01/2018;0000;;21.6;;1.666667;
83687;04/01/2018;1200;11.1;;18.1;;
83687;05/01/2018;0000;;23.4;;0.666667;
83687;05/01/2018;1200;23.4;;17.5;;
83687;06/01/2018;0000;;27.6;;0.666667;
83687;06/01/2018;1200;14.4;;18.1;;
83687;07/01/2018;0000;;26.8;;0.333333;
83687;07/01/2018;1200;43.8;;18.3;;
83687;08/01/2018;0000;;26.6;;1;
83687;08/01/2018;1200;27.6;;18.4;;
83687;09/01/2018;0000;;28;;1.666667;
83687;09/01/2018;1200;12.4;;17.9;;
83687;10/01/2018;0000;;29.2;;1.666667;
83687;10/01/2018;1200;0;;18.7;;
83687;11/01/2018;0000;;28.6;;1;
83687;11/01/2018;1200;0;;18.7;;
83687;12/01/2018;0000;;27.3;;0.333333;
83687;12/01/2018;1200;0;;18.7;;
83687;13/01/2018;0000;;30.3;;1.333333;
83687;13/01/2018;1200;0;;18;;
83687;14/01/2018;0000;;29.1;;1.666667;
83687;14/01/2018;1200;3.8;;18.3;;
83687;15/01/2018;0000;;27.7;;1;
83687;15/01/2018;1200;3.4;;18.3;;
83687;16/01/2018;0000;;31.1;;0.666667;
83687;16/01/2018;1200;25.2;;17.1;;
83687;17/01/2018;0000;;32;;1.333333;
83687;17/01/2018;1200;0;;19.8;;
83687;18/01/2018;0000;;31.2;;1;
83687;18/01/2018;1200;0;;18.5;;
83687;19/01/2018;0000;;31.6;;0.666667;
83687;19/01/2018;1200;;;16.7;;
83687;20/01/2018;0000;;32.4;;1.666667;
83687;20/01/2018;1200;0;;19.8;;
83687;21/01/2018;0000;;32.8;;1;
83687;21/01/2018;1200;0;;19.1;;
83687;22/01/2018;0000;;32.8;;1.666667;
83687;22/01/2018;1200;0;;20.1;;
83687;23/01/2018;0000;;31.9;;0.666667;
83687;23/01/2018;1200;0;;18.9;;
83687;24/01/2018;0000;;31.9;;1;
83687;24/01/2018;1200;1;;18.9;;
83687;25/01/2018;0000;;31.6;;2.333333;
83687;25/01/2018;1200;0;;19.7;;
83687;26/01/2018;0000;;29.8;;1.666667;
83687;26/01/2018;1200;13.3;;19.1;;
83687;27/01/2018;0000;;30.5;;2;
83687;27/01/2018;1200;3.6;;20;;
83687;28/01/2018;0000;;29.6;;1.333333;
83687;28/01/2018;1200;0;;19.1;;
83687;29/01/2018;0000;;29.6;;1;
83687;29/01/2018;1200;9.6;;20.8;;
83687;30/01/2018;0000;;28.8;;0.666667;
83687;30/01/2018;1200;12;;19.9;;
83687;31/01/2018;0000;;30.4;;0.666667;
83687;31/01/2018;1200;20.9;;18.5;;
83687;01/02/2018;0000;;30;;2.666667;
83687;01/02/2018;1200;0;;15.9;;
83687;02/02/2018;0000;;28.4;;2;
83687;02/02/2018;1200;0;;17.3;;
83687;03/02/2018;0000;;30;;2.666667;
83687;03/02/2018;1200;0;;18.8;;
83687;04/02/2018;0000;;25.6;;2.333333;
83687;04/02/2018;1200;0.2;;18.4;;
83687;05/02/2018;0000;;20.2;;1.333333;
83687;05/02/2018;1200;10.6;;15.5;;
83687;06/02/2018;0000;;28;;1;
83687;06/02/2018;1200;4.7;;16.7;;
83687;07/02/2018;0000;;29.2;;1.333333;
83687;07/02/2018;1200;8.8;;17.3;;
83687;08/02/2018;0000;;30.8;;2.333333;
83687;08/02/2018;1200;0;;17.7;;
83687;09/02/2018;0000;;28.4;;1.68592;
83687;09/02/2018;1200;0;;18.2;;
83687;10/02/2018;0000;;29.5;;1.666667;
83687;10/02/2018;1200;0;;20.3;;
83687;11/02/2018;0000;;31.8;;1;
83687;11/02/2018;1200;0;;18.2;;
83687;12/02/2018;0000;;30.6;;1;
83687;12/02/2018;1200;0;;21.2;;
83687;13/02/2018;0000;;29.6;;1;
83687;13/02/2018;1200;0;;21.1;;
83687;14/02/2018;0000;;30;;2.333333;
83687;14/02/2018;1200;0;;19.6;;
83687;15/02/2018;0000;;29.2;;3;
83687;15/02/2018;1200;0;;19.5;;
83687;16/02/2018;0000;;29.4;;2;
83687;16/02/2018;1200;0;;18.5;;
83687;17/02/2018;0000;;30.2;;2;
83687;17/02/2018;1200;0;;18.3;;
83687;18/02/2018;0000;;30;;1.333333;
83687;18/02/2018;1200;0.2;;19.5;;
83687;19/02/2018;0000;;28.4;;1;
83687;19/02/2018;1200;1.6;;18.6;;
83687;20/02/2018;0000;;28.6;;1;
83687;20/02/2018;1200;1;;19.3;;
83687;21/02/2018;0000;;28.2;;1.333333;
83687;21/02/2018;1200;0;;20.3;;
83687;22/02/2018;0000;;28.6;;1.666667;
83687;22/02/2018;1200;41.4;;19.4;;
83687;23/02/2018;0000;;29.2;;2;
83687;23/02/2018;1200;0;;19.4;;
83687;24/02/2018;0000;;27.6;;2.666667;
83687;24/02/2018;1200;0.2;;19.1;;
83687;25/02/2018;0000;;26.6;;2.333333;
83687;25/02/2018;1200;0.2;;18.7;;
83687;26/02/2018;0000;;24;;1.333333;
83687;26/02/2018;1200;0;;18.8;;
83687;27/02/2018;0000;;28.4;;0.7;
83687;27/02/2018;1200;6.8;;18.3;;
83687;28/02/2018;0000;;30.4;;1;
83687;28/02/2018;1200;9.8;;19.1;;
83687;01/03/2018;0000;;30.8;;1.666667;
83687;01/03/2018;1200;0;;20.5;;
83687;02/03/2018;0000;;31.8;;2;
83687;02/03/2018;1200;0;;20;;
83687;03/03/2018;0000;;30.9;;0.333333;
83687;03/03/2018;1200;10.1;;19.2;;
83687;04/03/2018;0000;;30.4;;1.333333;
83687;04/03/2018;1200;0;;20.2;;
83687;05/03/2018;0000;;31.4;;0.666667;
83687;05/03/2018;1200;0.1;;19.5;;
83687;06/03/2018;0000;;32.2;;0.333333;
83687;06/03/2018;1200;1;;19.2;;
83687;07/03/2018;0000;;30.8;;0.666667;
83687;07/03/2018;1200;0;;20.2;;
83687;08/03/2018;0000;;30.8;;1;
83687;08/03/2018;1200;2.4;;20.8;;
83687;09/03/2018;0000;;28.4;;2;
83687;09/03/2018;1200;11.2;;20.1;;
83687;10/03/2018;0000;;28.2;;0.666667;
83687;10/03/2018;1200;2.8;;20.2;;
83687;11/03/2018;0000;;30.8;;0.666667;
83687;11/03/2018;1200;1.2;;19.9;;
83687;12/03/2018;0000;;31.8;;1;
83687;12/03/2018;1200;0;;18.1;;
83687;13/03/2018;0000;;32.9;;1.333333;
83687;13/03/2018;1200;0;;19.3;;
83687;14/03/2018;0000;;32.4;;1;
83687;14/03/2018;1200;0.2;;20.1;;
83687;15/03/2018;0000;;30.8;;1;
83687;15/03/2018;1200;2;;19.8;;
83687;16/03/2018;0000;;33.2;;0.666667;
83687;16/03/2018;1200;0;;19.3;;
83687;17/03/2018;0000;;31.4;;1.333333;
83687;17/03/2018;1200;6;;18.7;;
83687;18/03/2018;0000;;30.5;;1.333333;
83687;18/03/2018;1200;0;;19.1;;
83687;19/03/2018;0000;;31.2;;0;
83687;19/03/2018;1200;0;;18.5;;
83687;20/03/2018;0000;;30.2;;1.333333;
83687;20/03/2018;1200;0.2;;18.4;;
83687;21/03/2018;0000;;29.2;;2;
83687;21/03/2018;1200;4.2;;19.5;;
83687;22/03/2018;0000;;29.2;;1.333333;
83687;22/03/2018;1200;18;;18.4;;
83687;23/03/2018;0000;;30.2;;2;
83687;23/03/2018;1200;0;;18.6;;
83687;24/03/2018;0000;;28.8;;1.333333;
83687;24/03/2018;1200;0;;18.6;;
83687;25/03/2018;0000;;29.4;;1.666667;
83687;25/03/2018;1200;0;;16.4;;
83687;26/03/2018;0000;;30.2;;0.666667;
83687;26/03/2018;1200;0;;18.8;;
83687;27/03/2018;0000;;30.2;;2;
83687;27/03/2018;1200;0;;18.2;;
83687;28/03/2018;0000;;29.4;;1.666667;
83687;28/03/2018;1200;0;;16.6;;
83687;29/03/2018;0000;;28.8;;2.333333;
83687;29/03/2018;1200;0;;17.1;;
83687;30/03/2018;0000;;28.4;;1.666667;
83687;30/03/2018;1200;0;;17.1;;
83687;31/03/2018;0000;;28;;1;
83687;31/03/2018;1200;0;;17.5;;
83687;01/04/2018;0000;;29;;0;
83687;01/04/2018;1200;0;;17.9;;
83687;02/04/2018;0000;;28.4;;1;
83687;02/04/2018;1200;1;;18.6;;
83687;03/04/2018;0000;;28.6;;1;
83687;03/04/2018;1200;0.2;;19;;
83687;04/04/2018;0000;;28.6;;1.666667;
83687;04/04/2018;1200;1.6;;19.2;;
83687;05/04/2018;0000;;30;;1.333333;
83687;05/04/2018;1200;0;;19.5;;
83687;06/04/2018;0000;;28.8;;2.666667;
83687;06/04/2018;1200;0;;19.9;;
83687;07/04/2018;0000;;29.8;;2;
83687;07/04/2018;1200;0.2;;17.7;;
83687;08/04/2018;0000;;29;;2.666667;
83687;08/04/2018;1200;0;;18.1;;
83687;09/04/2018;0000;;28.9;;2;
83687;09/04/2018;1200;0;;17.6;;
83687;10/04/2018;0000;;28.6;;1.666667;
83687;10/04/2018;1200;0;;16.4;;
83687;11/04/2018;0000;;27.8;;2.333333;
83687;11/04/2018;1200;0;;15.4;;
83687;12/04/2018;0000;;26.5;;1.666667;
83687;12/04/2018;1200;0;;16.4;;
83687;13/04/2018;0000;;28.2;;1.333333;
83687;13/04/2018;1200;0;;16.4;;
83687;14/04/2018;0000;;28.2;;1.666667;
83687;14/04/2018;1200;0;;17.6;;
83687;15/04/2018;0000;;28.2;;1.666667;
83687;15/04/2018;1200;0;;17.1;;
83687;16/04/2018;0000;;22.6;;3;
83687;16/04/2018;1200;0.2;;17;;
83687;17/04/2018;0000;;24.2;;3.666667;
83687;17/04/2018;1200;0;;15.2;;
83687;18/04/2018;0000;;25.2;;2.666667;
83687;18/04/2018;1200;0;;13.8;;
83687;19/04/2018;0000;;27;;1.666667;
83687;19/04/2018;1200;0;;13.5;;
83687;20/04/2018;0000;;27.4;;1.666667;
83687;20/04/2018;1200;0;;14.4;;
83687;21/04/2018;0000;;26;;2;
83687;21/04/2018;1200;0;;15.5;;
83687;22/04/2018;0000;;25;;1.666667;
83687;22/04/2018;1200;0;;15.9;;
83687;23/04/2018;0000;;25.6;;2.333333;
83687;23/04/2018;1200;0;;15.3;;
83687;24/04/2018;0000;;26.6;;0.666667;
83687;24/04/2018;1200;0;;15.5;;
83687;25/04/2018;0000;;27.4;;1.333333;
83687;25/04/2018;1200;0;;16.4;;
83687;26/04/2018;0000;;29.2;;1.666667;
83687;26/04/2018;1200;0;;16.4;;
83687;27/04/2018;0000;;28.8;;2;
83687;27/04/2018;1200;0;;16.6;;
83687;28/04/2018;0000;;28.4;;1.666667;
83687;28/04/2018;1200;0;;15.9;;
83687;29/04/2018;0000;;27.2;;1.333333;
83687;29/04/2018;1200;0;;15.8;;
83687;30/04/2018;0000;;28.2;;0.666667;
83687;30/04/2018;1200;0;;13.9;;
83687;01/05/2018;0000;;29;;1.333333;
83687;01/05/2018;1200;0;;13.5;;
83687;02/05/2018;0000;;28;;2;
83687;02/05/2018;1200;0;;15.1;;
83687;03/05/2018;0000;;28.2;;1;
83687;03/05/2018;1200;0;;15.2;;
83687;04/05/2018;0000;;29.2;;1;
83687;04/05/2018;1200;0;;15.4;;
83687;05/05/2018;0000;;29.4;;1;
83687;05/05/2018;1200;0;;15.6;;
83687;06/05/2018;0000;;29;;2.333333;
83687;06/05/2018;1200;0;;17.5;;
83687;07/05/2018;0000;;27;;2.333333;
83687;07/05/2018;1200;0;;14.2;;
83687;08/05/2018;0000;;26.4;;1.666667;
83687;08/05/2018;1200;0;;14.9;;
83687;09/05/2018;0000;;25.6;;1.333333;
83687;09/05/2018;1200;0;;15.7;;
83687;10/05/2018;0000;;27;;1.333333;
83687;10/05/2018;1200;0;;13.3;;
83687;11/05/2018;0000;;27.2;;1.333333;
83687;11/05/2018;1200;0;;12.4;;
83687;12/05/2018;0000;;27.6;;1.333333;
83687;12/05/2018;1200;0;;14.1;;
83687;13/05/2018;0000;;28;;1.333333;
83687;13/05/2018;1200;0;;15.4;;
83687;14/05/2018;0000;;26.5;;1.666667;
83687;14/05/2018;1200;0;;17.3;;
83687;15/05/2018;0000;;26.4;;1.666667;
83687;15/05/2018;1200;0;;15.5;;
83687;16/05/2018;0000;;27.8;;1;
83687;16/05/2018;1200;0;;15.3;;
83687;17/05/2018;0000;;25.9;;1.333333;
83687;17/05/2018;1200;0;;16.4;;
83687;18/05/2018;0000;;27.2;;1.666667;
83687;18/05/2018;1200;0;;16.9;;
83687;19/05/2018;0000;;25.6;;2.333333;
83687;19/05/2018;1200;0;;16;;
83687;20/05/2018;0000;;20.1;;2;
83687;20/05/2018;1200;10.3;;11.7;;
83687;21/05/2018;0000;;22.6;;0.666667;
83687;21/05/2018;1200;0;;4.8;;
83687;22/05/2018;0000;;25.4;;0.666667;
83687;22/05/2018;1200;0;;8.1;;
83687;23/05/2018;0000;;26.2;;0.666667;
83687;23/05/2018;1200;0;;8.8;;
83687;24/05/2018;0000;;24.8;;1.333333;
83687;24/05/2018;1200;0;;11.9;;
83687;25/05/2018;0000;;24.8;;1.333333;
83687;25/05/2018;1200;0;;11.8;;
83687;26/05/2018;0000;;24.4;;2.666667;
83687;26/05/2018;1200;0;;13.1;;
83687;27/05/2018;0000;;24.6;;2.333333;
83687;27/05/2018;1200;0;;11.7;;
83687;28/05/2018;0000;;24.4;;2.666667;
83687;28/05/2018;1200;0;;12.8;;
83687;29/05/2018;0000;;24.6;;2.333333;
83687;29/05/2018;1200;0;;12.3;;
83687;30/05/2018;0000;;23.6;;1.666667;
83687;30/05/2018;1200;0;;11.9;;
83687;31/05/2018;0000;;24.4;;1.666667;
83687;31/05/2018;1200;0;;14;;
83687;01/06/2018;0000;;24.7;;1.333333;
83687;01/06/2018;1200;0;;14.6;;
83687;02/06/2018;0000;;26.6;;0.666667;
83687;02/06/2018;1200;0;;10.9;;
83687;03/06/2018;0000;;28.4;;0.666667;
83687;03/06/2018;1200;0;;13;;
83687;04/06/2018;0000;;23.6;;2.666667;
83687;04/06/2018;1200;0;;14.5;;
83687;05/06/2018;0000;;24;;0.666667;
83687;05/06/2018;1200;0;;13.1;;
83687;06/06/2018;0000;;24.2;;1.333333;
83687;06/06/2018;1200;12.8;;14;;
83687;07/06/2018;0000;;25.3;;0.666667;
83687;07/06/2018;1200;0;;15.3;;
83687;08/06/2018;0000;;23.4;;1;
83687;08/06/2018;1200;4.5;;15.5;;
83687;09/06/2018;0000;;25.2;;0.666667;
83687;09/06/2018;1200;0;;14.4;;
83687;10/06/2018;0000;;25.8;;0.666667;
83687;10/06/2018;1200;0;;17.2;;
83687;11/06/2018;0000;;26.2;;0.333333;
83687;11/06/2018;1200;0;;15.4;;
83687;12/06/2018;0000;;27.2;;1;
83687;12/06/2018;1200;0;;13.7;;
83687;13/06/2018;0000;;28.6;;0.666667;
83687;13/06/2018;1200;0;;14.4;;
83687;14/06/2018;0000;;27.3;;2;
83687;14/06/2018;1200;0;;15.3;;
83687;15/06/2018;0000;;23.2;;1;
83687;15/06/2018;1200;0;;16.6;;
83687;16/06/2018;0000;;22;;1.333333;
83687;16/06/2018;1200;2.4;;14.2;;
83687;17/06/2018;0000;;24;;2;
83687;17/06/2018;1200;0.2;;14.8;;
83687;18/06/2018;0000;;21.7;;1.666667;
83687;18/06/2018;1200;0;;13.6;;
83687;19/06/2018;0000;;23.4;;2.666667;
83687;19/06/2018;1200;0;;14.4;;
83687;20/06/2018;0000;;25.2;;0.666667;
83687;20/06/2018;1200;0;;13.7;;
83687;21/06/2018;0000;;25.4;;0.666667;
83687;21/06/2018;1200;0;;11.6;;
83687;22/06/2018;0000;;26.6;;0;
83687;22/06/2018;1200;0;;11.7;;
83687;23/06/2018;0000;;26.6;;0.666667;
83687;23/06/2018;1200;0;;12.6;;
83687;24/06/2018;0000;;26.6;;0.666667;
83687;24/06/2018;1200;0;;15.5;;
83687;25/06/2018;0000;;27;;0.666667;
83687;25/06/2018;1200;0;;12.6;;
83687;26/06/2018;0000;;27.9;;0;
83687;26/06/2018;1200;0;;15.7;;
83687;27/06/2018;0000;;27.6;;0.666667;
83687;27/06/2018;1200;0;;12.2;;
83687;28/06/2018;0000;;25;;2;
83687;28/06/2018;1200;0;;13.5;;
83687;29/06/2018;0000;;24.4;;0.666667;
83687;29/06/2018;1200;0;;11.3;;
83687;30/06/2018;0000;;25.1;;0.333333;
83687;30/06/2018;1200;0;;11.1;;
83687;01/07/2018;0000;;26;;0;
83687;01/07/2018;1200;0;;11.4;;
83687;02/07/2018;0000;;26.6;;1;
83687;02/07/2018;1200;0;;12.7;;
83687;03/07/2018;0000;;27.9;;1.333333;
83687;03/07/2018;1200;0;;12.1;;
83687;04/07/2018;0000;;26.2;;1.333333;
83687;04/07/2018;1200;0;;13.6;;
83687;05/07/2018;0000;;26;;0.666667;
83687;05/07/2018;1200;0;;13.6;;
83687;06/07/2018;0000;;26.3;;2;
83687;06/07/2018;1200;0;;11.7;;
83687;07/07/2018;0000;;26.2;;0.333333;
83687;07/07/2018;1200;0;;10.5;;
83687;08/07/2018;0000;;26.6;;0.666667;
83687;08/07/2018;1200;0;;9.5;;
83687;09/07/2018;0000;;27.6;;1;
83687;09/07/2018;1200;0;;10.7;;
83687;10/07/2018;0000;;24.9;;0.666667;
83687;10/07/2018;1200;0;;10.8;;
83687;11/07/2018;0000;;22.3;;0.333333;
83687;11/07/2018;1200;0.2;;11.9;;
83687;12/07/2018;0000;;23.2;;1.333333;
83687;12/07/2018;1200;0;;8.7;;
83687;13/07/2018;0000;;25;;1.333333;
83687;13/07/2018;1200;0;;10.8;;
83687;14/07/2018;0000;;26.8;;0.333333;
83687;14/07/2018;1200;0;;10.6;;
83687;15/07/2018;0000;;27;;0.666667;
83687;15/07/2018;1200;0;;11.4;;
83687;16/07/2018;0000;;26.6;;1.333333;
83687;16/07/2018;1200;0;;11.1;;
83687;17/07/2018;0000;;26.4;;2;
83687;17/07/2018;1200;0;;10.7;;
83687;18/07/2018;0000;;26.8;;0.666667;
83687;18/07/2018;1200;0;;12.4;;
83687;19/07/2018;0000;;27.6;;0.333333;
83687;19/07/2018;1200;0;;11.2;;
83687;20/07/2018;0000;;27.8;;1.666667;
83687;20/07/2018;1200;0;;12.1;;
83687;21/07/2018;0000;;28;;1.333333;
83687;21/07/2018;1200;0;;12.2;;
83687;22/07/2018;0000;;25.3;;2.333333;
83687;22/07/2018;1200;0;;13.9;;
83687;23/07/2018;0000;;25.1;;2;
83687;23/07/2018;1200;0;;12.5;;
83687;24/07/2018;0000;;25.8;;3;
83687;24/07/2018;1200;0;;12.1;;
83687;25/07/2018;0000;;24.4;;2.666667;
83687;25/07/2018;1200;0;;13.3;;
83687;26/07/2018;0000;;24.4;;1.666667;
83687;26/07/2018;1200;0;;11.5;;
83687;27/07/2018;0000;;26.6;;1;
83687;27/07/2018;1200;0;;12.6;;
83687;28/07/2018;0000;;27.1;;0.666667;
83687;28/07/2018;1200;0;;11.3;;
83687;29/07/2018;0000;;27.4;;1.333333;
83687;29/07/2018;1200;0;;11.4;;
83687;30/07/2018;0000;;28.6;;1;
83687;30/07/2018;1200;0;;11.6;;
83687;31/07/2018;0000;;25;;0.333333;
83687;31/07/2018;1200;0;;13.8;;
83687;01/08/2018;0000;;23;;1.666667;
83687;01/08/2018;1200;0.1;;13.2;;
83687;02/08/2018;0000;;22.2;;1.666667;
83687;02/08/2018;1200;10;;13.5;;
83687;03/08/2018;0000;;21.5;;1;
83687;03/08/2018;1200;0;;14.4;;
83687;04/08/2018;0000;;23.6;;1.333333;
83687;04/08/2018;1200;37.2;;14.6;;
83687;05/08/2018;0000;;25.2;;0.666667;
83687;05/08/2018;1200;0;;13.6;;
83687;06/08/2018;0000;;24.6;;1;
83687;06/08/2018;1200;0;;15.5;;
83687;07/08/2018;0000;;25.3;;1.666667;
83687;07/08/2018;1200;13.8;;14.6;;
83687;08/08/2018;0000;;26.8;;1;
83687;08/08/2018;1200;0;;16.4;;
83687;09/08/2018;0000;;26.7;;1.666667;
83687;09/08/2018;1200;0.2;;15.6;;
83687;10/08/2018;0000;;26.4;;2;
83687;10/08/2018;1200;0;;16.3;;
83687;11/08/2018;0000;;24.6;;0.666667;
83687;11/08/2018;1200;0;;12.2;;
83687;12/08/2018;0000;;26.2;;1.333333;
83687;12/08/2018;1200;0;;6.7;;
83687;13/08/2018;0000;;26;;1.333333;
83687;13/08/2018;1200;0;;10.7;;
83687;14/08/2018;0000;;27.2;;1;
83687;14/08/2018;1200;0;;10.3;;
83687;15/08/2018;0000;;28.8;;2;
83687;15/08/2018;1200;0;;11.5;;
83687;16/08/2018;0000;;22.3;;1.466667;
83687;16/08/2018;1200;0;;15;;
83687;17/08/2018;0000;;19.4;;1.666667;
83687;17/08/2018;1200;0;;14.7;;
83687;18/08/2018;0000;;22;;2.333333;
83687;18/08/2018;1200;4.2;;12.7;;
83687;19/08/2018;0000;;25.4;;1;
83687;19/08/2018;1200;0;;12.5;;
83687;20/08/2018;0000;;26.6;;1.333333;
83687;20/08/2018;1200;0;;12.7;;
83687;21/08/2018;0000;;27;;2.333333;
83687;21/08/2018;1200;0;;11.3;;
83687;22/08/2018;0000;;26.6;;1.666667;
83687;22/08/2018;1200;0;;11.9;;
83687;23/08/2018;0000;;28.8;;1.333333;
83687;23/08/2018;1200;0;;14.9;;
83687;24/08/2018;0000;;29.6;;1.666667;
83687;24/08/2018;1200;0;;14.4;;
83687;25/08/2018;0000;;22.3;;0;
83687;25/08/2018;1200;0;;15.2;;
83687;26/08/2018;0000;;24.9;;1.666667;
83687;26/08/2018;1200;0.6;;14;;
83687;27/08/2018;0000;;23.9;;3.333333;
83687;27/08/2018;1200;0;;13.2;;
83687;28/08/2018;0000;;24.2;;2.666667;
83687;28/08/2018;1200;0;;14.5;;
83687;29/08/2018;0000;;27.2;;2.333333;
83687;29/08/2018;1200;0;;14.3;;
83687;30/08/2018;0000;;26.9;;0.666667;
83687;30/08/2018;1200;0;;12.7;;
83687;31/08/2018;0000;;28.6;;0.333333;
83687;31/08/2018;1200;0;;16.2;;
83687;01/09/2018;0000;;30.2;;1.666667;
83687;01/09/2018;1200;0;;13.5;;
83687;02/09/2018;0000;;31.2;;1.333333;
83687;02/09/2018;1200;0;;15.4;;
83687;03/09/2018;0000;;30;;2;
83687;03/09/2018;1200;0;;15.5;;
83687;04/09/2018;0000;;22;;2;
83687;04/09/2018;1200;5.2;;10.9;;
83687;05/09/2018;0000;;24;;1.666667;
83687;05/09/2018;1200;0;;8.3;;
83687;06/09/2018;0000;;26.4;;3;
83687;06/09/2018;1200;0;;9.4;;
83687;07/09/2018;0000;;27.6;;2.333333;
83687;07/09/2018;1200;0;;11.9;;
83687;08/09/2018;0000;;28.4;;2.666667;
83687;08/09/2018;1200;0;;11.6;;
83687;09/09/2018;0000;;28.8;;2.333333;
83687;09/09/2018;1200;0;;11.2;;
83687;10/09/2018;0000;;28.7;;2.333333;
83687;10/09/2018;1200;0;;13.5;;
83687;11/09/2018;0000;;29.4;;2.333333;
83687;11/09/2018;1200;0;;14.1;;
83687;12/09/2018;0000;;25.4;;3.333333;
83687;12/09/2018;1200;0;;15.1;;
83687;13/09/2018;0000;;27.6;;2.666667;
83687;13/09/2018;1200;0;;15.3;;
83687;14/09/2018;0000;;27.2;;1.333333;
83687;14/09/2018;1200;0;;14.1;;
83687;15/09/2018;0000;;24;;1.333333;
83687;15/09/2018;1200;29.2;;17.3;;
83687;16/09/2018;0000;;29.4;;1.695547;
83687;16/09/2018;1200;0.2;;15.8;;
83687;17/09/2018;0000;;21.8;;1;
83687;17/09/2018;1200;7.3;;16.7;;
83687;18/09/2018;0000;;22.7;;0.666667;
83687;18/09/2018;1200;1.2;;17.4;;
83687;19/09/2018;0000;;27.4;;1;
83687;19/09/2018;1200;6.4;;16.4;;
83687;20/09/2018;0000;;25;;2;
83687;20/09/2018;1200;0;;17.5;;
83687;21/09/2018;0000;;28;;2;
83687;21/09/2018;1200;3.1;;17.3;;
83687;22/09/2018;0000;;30.6;;2;
83687;22/09/2018;1200;0;;17.2;;
83687;23/09/2018;0000;;30.8;;1;
83687;23/09/2018;1200;0;;17;;
83687;24/09/2018;0000;;32.7;;1.333333;
83687;24/09/2018;1200;0;;16.8;;
83687;25/09/2018;0000;;32.4;;1;
83687;25/09/2018;1200;0;;17.6;;
83687;26/09/2018;0000;;31.5;;1;
83687;26/09/2018;1200;0;;17.8;;
83687;27/09/2018;0000;;32.4;;2;
83687;27/09/2018;1200;0;;17.7;;
83687;28/09/2018;0000;;30.2;;2.333333;
83687;28/09/2018;1200;0;;19.5;;
83687;29/09/2018;0000;;28.6;;2.666667;
83687;29/09/2018;1200;0;;19.2;;
83687;30/09/2018;0000;;29;;1.666667;
83687;30/09/2018;1200;0;;19.2;;
83687;01/10/2018;0000;;26.4;;1;
83687;01/10/2018;1200;14.8;;18.3;;
83687;02/10/2018;0000;;32;;1.666667;
83687;02/10/2018;1200;0;;17.5;;
83687;03/10/2018;0000;;32.8;;1.333333;
83687;03/10/2018;1200;0;;18.6;;
83687;04/10/2018;0000;;33.2;;2.333333;
83687;04/10/2018;1200;0;;20.3;;
83687;05/10/2018;0000;;28.8;;3.333333;
83687;05/10/2018;1200;0;;19;;
83687;06/10/2018;0000;;27.3;;2.666667;
83687;06/10/2018;1200;0.2;;15.5;;
83687;07/10/2018;0000;;23.2;;1.333333;
83687;07/10/2018;1200;18.4;;15.7;;
83687;08/10/2018;0000;;28.3;;1.333333;
83687;08/10/2018;1200;0;;18.3;;
83687;09/10/2018;0000;;27;;1;
83687;09/10/2018;1200;0;;18.7;;
83687;10/10/2018;0000;;28.4;;0.666667;
83687;10/10/2018;1200;2.2;;18.8;;
83687;11/10/2018;0000;;29.3;;2;
83687;11/10/2018;1200;9.6;;19.3;;
83687;12/10/2018;0000;;28;;0.666667;
83687;12/10/2018;1200;7.7;;18.8;;
83687;13/10/2018;0000;;31.8;;1.333333;
83687;13/10/2018;1200;0;;18.2;;
83687;14/10/2018;0000;;29.6;;0;
83687;14/10/2018;1200;5.8;;19;;
83687;15/10/2018;0000;;28.6;;0.666667;
83687;15/10/2018;1200;0.2;;19.2;;
83687;16/10/2018;0000;;29.4;;2.333333;
83687;16/10/2018;1200;0;;19.2;;
83687;17/10/2018;0000;;24.2;;1.666667;
83687;17/10/2018;1200;0.2;;19.7;;
83687;18/10/2018;0000;;24.2;;1;
83687;18/10/2018;1200;26;;17.7;;
83687;19/10/2018;0000;;27;;1.666667;
83687;19/10/2018;1200;20.2;;17.6;;
83687;20/10/2018;0000;;24.8;;2.333333;
83687;20/10/2018;1200;22.8;;16.6;;
83687;21/10/2018;0000;;26.4;;2;
83687;21/10/2018;1200;0;;11.8;;
83687;22/10/2018;0000;;28.4;;0.666667;
83687;22/10/2018;1200;0;;13.7;;
83687;23/10/2018;0000;;29.6;;0;
83687;23/10/2018;1200;0;;15.7;;
83687;24/10/2018;0000;;24.6;;0.666667;
83687;24/10/2018;1200;0;;19.2;;
83687;25/10/2018;0000;;23.4;;0.666667;
83687;25/10/2018;1200;18.1;;18;;
83687;26/10/2018;0000;;28.8;;0.666667;
83687;26/10/2018;1200;45;;19.2;;
83687;27/10/2018;0000;;25.4;;2.333333;
83687;27/10/2018;1200;4.1;;19.8;;
83687;28/10/2018;0000;;28.6;;2.333333;
83687;28/10/2018;1200;6;;18.7;;
83687;29/10/2018;0000;;24.8;;2.666667;
83687;29/10/2018;1200;0;;16;;
83687;30/10/2018;0000;;29.6;;2;
83687;30/10/2018;1200;0;;17.5;;
83687;31/10/2018;0000;;29;;1;
83687;31/10/2018;1200;0;;18.1;;
83687;01/11/2018;0000;;30;;1;
83687;01/11/2018;1200;0;;19.7;;
83687;02/11/2018;0000;;30.8;;2;
83687;02/11/2018;1200;0;;19;;
83687;03/11/2018;0000;;29.7;;1.333333;
83687;03/11/2018;1200;0;;19;;
83687;04/11/2018;0000;;28;;2.666667;
83687;04/11/2018;1200;5.9;;18.5;;
83687;05/11/2018;0000;;22.4;;2.333333;
83687;05/11/2018;1200;5.2;;17.4;;
83687;06/11/2018;0000;;23;;1.333333;
83687;06/11/2018;1200;2.5;;17.2;;
83687;07/11/2018;0000;;27;;1.666667;
83687;07/11/2018;1200;0;;18.3;;
83687;08/11/2018;0000;;21.9;;1.333333;
83687;08/11/2018;1200;6.2;;15.8;;
83687;09/11/2018;0000;;19.2;;1.333333;
83687;09/11/2018;1200;18.7;;14.6;;
83687;10/11/2018;0000;;23.8;;1.333333;
83687;10/11/2018;1200;5.8;;16.6;;
83687;11/11/2018;0000;;27.2;;1.333333;
83687;11/11/2018;1200;3.6;;17.7;;
83687;12/11/2018;0000;;29.8;;1.333333;
83687;12/11/2018;1200;0;;18.6;;
83687;13/11/2018;0000;;30.6;;1.333333;
83687;13/11/2018;1200;0.2;;19.4;;
83687;14/11/2018;0000;;31.4;;1.333333;
83687;14/11/2018;1200;0;;19.8;;
83687;15/11/2018;0000;;31;;2.666667;
83687;15/11/2018;1200;0;;20.2;;
83687;16/11/2018;0000;;30.6;;2.666667;
83687;16/11/2018;1200;1;;19.5;;
83687;17/11/2018;0000;;24.6;;1;
83687;17/11/2018;1200;0;;18.2;;
83687;18/11/2018;0000;;29.6;;2.333333;
83687;18/11/2018;1200;0;;17.9;;
83687;19/11/2018;0000;;22.8;;1.666667;
83687;19/11/2018;1200;15.4;;17.5;;
83687;20/11/2018;0000;;18.8;;1.333333;
83687;20/11/2018;1200;90;;15.9;;
83687;21/11/2018;0000;;19.2;;1.333333;
83687;21/11/2018;1200;24.4;;16;;
83687;22/11/2018;0000;;27;;1.666667;
83687;22/11/2018;1200;14;;16.1;;
83687;23/11/2018;0000;;28.2;;1.666667;
83687;23/11/2018;1200;0;;17.6;;
83687;24/11/2018;0000;;20.8;;1.333333;
83687;24/11/2018;1200;5;;17.9;;
83687;25/11/2018;0000;;22.7;;0.666667;
83687;25/11/2018;1200;5;;18.2;;
83687;26/11/2018;0000;;28.6;;2.333333;
83687;26/11/2018;1200;20.4;;17.7;;
83687;27/11/2018;0000;;28.4;;1.666667;
83687;27/11/2018;1200;0.2;;16.9;;
83687;28/11/2018;0000;;28.8;;2.666667;
83687;28/11/2018;1200;0;;16.8;;
83687;29/11/2018;0000;;30;;1;
83687;29/11/2018;1200;0;;16.9;;
83687;30/11/2018;0000;;31.2;;1.333333;
83687;30/11/2018;1200;0;;17.7;;
83687;01/12/2018;0000;;25.3;;0.333333;
83687;01/12/2018;1200;73.8;;18.2;;
83687;02/12/2018;0000;;27;;1.333333;
83687;02/12/2018;1200;25.2;;18.9;;
83687;03/12/2018;0000;;26.4;;1.333333;
83687;03/12/2018;1200;29.9;;18.1;;
83687;04/12/2018;0000;;29.2;;0.666667;
83687;04/12/2018;1200;0;;18.2;;
83687;05/12/2018;0000;;30.6;;0.333333;
83687;05/12/2018;1200;0;;18.1;;
83687;06/12/2018;0000;;32;;1.033333;
83687;06/12/2018;1200;2.3;;18.5;;
83687;07/12/2018;0000;;28.8;;1;
83687;07/12/2018;1200;31.4;;17.6;;
83687;08/12/2018;0000;;25;;3;
83687;08/12/2018;1200;11.8;;16.3;;
83687;09/12/2018;0000;;26.4;;2.666667;
83687;09/12/2018;1200;0;;13.5;;
83687;10/12/2018;0000;;28;;0.666667;
83687;10/12/2018;1200;0;;15.2;;
83687;11/12/2018;0000;;30.6;;1;
83687;11/12/2018;1200;0;;15.9;;
83687;12/12/2018;0000;;32.4;;1;
83687;12/12/2018;1200;0;;18.1;;
83687;13/12/2018;0000;;31.6;;1.333333;
83687;13/12/2018;1200;11;;16.9;;
83687;14/12/2018;0000;;31;;1.333333;
83687;14/12/2018;1200;7.8;;17.4;;
83687;15/12/2018;0000;;33.6;;0.333333;
83687;15/12/2018;1200;0;;19.2;;
83687;16/12/2018;0000;;32.4;;1;
83687;16/12/2018;1200;0;;21.3;;
83687;17/12/2018;0000;;31.6;;1;
83687;17/12/2018;1200;22.8;;18.6;;
83687;18/12/2018;0000;;32.4;;1;
83687;18/12/2018;1200;0;;20.1;;
83687;19/12/2018;0000;;32.6;;1.02888;
83687;19/12/2018;1200;3;;20.6;;
83687;20/12/2018;0000;;33;;1.666667;
83687;20/12/2018;1200;10.6;;19.6;;
83687;21/12/2018;0000;;33;;0.34296;
83687;21/12/2018;1200;0;;19.3;;
83687;22/12/2018;0000;;34.2;;0.333333;
83687;22/12/2018;1200;0;;19;;
83687;23/12/2018;0000;;30.6;;1;
83687;23/12/2018;1200;28.6;;18;;
83687;24/12/2018;0000;;30.8;;1.333333;
83687;24/12/2018;1200;0;;19.6;;
83687;25/12/2018;0000;;29.2;;1.666667;
83687;25/12/2018;1200;17.1;;17.6;;
83687;26/12/2018;0000;;25.2;;1.666667;
83687;26/12/2018;1200;3.2;;18.8;;
83687;27/12/2018;0000;;23.8;;1.333333;
83687;27/12/2018;1200;18.5;;19.4;;
83687;28/12/2018;0000;;28.6;;1.666667;
83687;28/12/2018;1200;21.1;;18.9;;
83687;29/12/2018;0000;;29.8;;1;
83687;29/12/2018;1200;4.1;;18.1;;
83687;30/12/2018;0000;;30.5;;1.666667;
83687;30/12/2018;1200;0;;19.4;;
83687;31/12/2018;0000;;30.6;;1.666667;
83687;31/12/2018;1200;1;;19.7;;
83687;01/01/2019;0000;;28.4;;2.333333;
83687;01/01/2019;1200;2.2;;19.6;;
83687;02/01/2019;0000;;31.6;;0.5;
83687;02/01/2019;1200;1.2;;18.7;;
83687;03/01/2019;0000;;30.7;;0;
83687;03/01/2019;1200;0.4;;20.2;;
83687;04/01/2019;0000;;24;;0;
83687;04/01/2019;1200;64.6;;19.8;;
83687;05/01/2019;0000;;24.6;;0;
83687;05/01/2019;1200;3.1;;19.4;;
83687;07/01/2019;0000;;31.9;;0.5;
83687;07/01/2019;1200;0;;18.4;;
83687;08/01/2019;0000;;33.2;;1.5;
83687;08/01/2019;1200;0;;19.1;;
83687;09/01/2019;0000;;31.4;;1;
83687;09/01/2019;1200;0;;19.4;;
83687;10/01/2019;0000;;31;;0.5;
83687;10/01/2019;1200;0;;17;;
83687;11/01/2019;0000;;31.4;;0.5;
83687;11/01/2019;1200;0;;20;;
83687;12/01/2019;0000;;31.6;;1.5;
83687;12/01/2019;1200;0;;20.8;;
83687;13/01/2019;1200;0.5;;;;
83687;14/01/2019;0000;;31.6;;0;
83687;14/01/2019;1200;0;;19.7;;
83687;15/01/2019;0000;;31.9;;0;
83687;15/01/2019;1200;0;;20.3;;
83687;16/01/2019;0000;;33.4;;1.5;
83687;16/01/2019;1200;0;;20.3;;
83687;17/01/2019;0000;;32.9;;0.5;
83687;17/01/2019;1200;0.2;;18.4;;
83687;18/01/2019;0000;;32.8;;2;
83687;18/01/2019;1200;0;;19.6;;
83687;19/01/2019;0000;;31.2;;1.5;
83687;19/01/2019;1200;20.6;;20;;
83687;21/01/2019;0000;;33;;0.5;
83687;21/01/2019;1200;0.6;;20.1;;
83687;22/01/2019;0000;;33.1;;0;
83687;22/01/2019;1200;1.6;;19.1;;
83687;23/01/2019;0000;;32;;1;
83687;23/01/2019;1200;0.6;;20.8;;
83687;24/01/2019;0000;;32.6;;2;
83687;24/01/2019;1200;0;;18.8;;
83687;25/01/2019;0000;;32.1;;0.5;
83687;25/01/2019;1200;0;;18.4;;
83687;26/01/2019;0000;;20.8;;0.5;
83687;26/01/2019;1200;25.2;;17.4;;
83687;27/01/2019;0000;;29.1;;1.333333;
83687;27/01/2019;1200;13.2;;16.6;;
83687;28/01/2019;0000;;31.6;;2;
83687;28/01/2019;1200;0;;18.8;;
83687;29/01/2019;0000;;33;;1;
83687;29/01/2019;1200;0;;20.2;;
83687;30/01/2019;0000;;32.6;;0.333333;
83687;30/01/2019;1200;9.6;;18.8;;
83687;31/01/2019;0000;;32.6;;0.666667;
83687;31/01/2019;1200;0;;17.9;;
83687;01/02/2019;0000;;33.6;;1;
83687;01/02/2019;1200;0;;19.2;;
83687;02/02/2019;0000;;33.8;;0.666667;
83687;02/02/2019;1200;0;;19.8;;
83687;03/02/2019;0000;;34.8;;1.666667;
83687;03/02/2019;1200;0;;20.9;;
83687;04/02/2019;0000;;27;;0.333333;
83687;04/02/2019;1200;44.4;;18.7;;
83687;05/02/2019;0000;;30.6;;2.333333;
83687;05/02/2019;1200;0;;18.5;;
83687;06/02/2019;0000;;23.6;;0.333333;
83687;06/02/2019;1200;8.1;;19.1;;
83687;07/02/2019;0000;;26.6;;0.333333;
83687;07/02/2019;1200;27.3;;17.1;;
83687;08/02/2019;0000;;30.7;;0.666667;
83687;08/02/2019;1200;0;;19.1;;
83687;09/02/2019;0000;;31.8;;2;
83687;09/02/2019;1200;0;;18.6;;
83687;10/02/2019;0000;;30.2;;0.333333;
83687;10/02/2019;1200;0;;19.7;;
83687;11/02/2019;0000;;29.8;;1.666667;
83687;11/02/2019;1200;7;;19.7;;
83687;12/02/2019;0000;;30.2;;1.666667;
83687;12/02/2019;1200;0.2;;19.7;;
83687;13/02/2019;0000;;26.9;;1.666667;
83687;13/02/2019;1200;0;;19;;
83687;14/02/2019;0000;;25.8;;2.333333;
83687;14/02/2019;1200;10.2;;16.9;;
83687;15/02/2019;0000;;27.2;;2;
83687;15/02/2019;1200;0.2;;18.2;;
83687;16/02/2019;0000;;22.6;;2;
83687;16/02/2019;1200;6;;19.7;;
83687;17/02/2019;0000;;26;;1.666667;
83687;17/02/2019;1200;15;;19.2;;
83687;18/02/2019;0000;;29.2;;0.333333;
83687;18/02/2019;1200;0.5;;19.7;;
83687;19/02/2019;0000;;30.2;;1;
83687;19/02/2019;1200;31.1;;19.7;;
83687;20/02/2019;0000;;31;;0;
83687;20/02/2019;1200;2.6;;17.5;;
83687;21/02/2019;0000;;24;;0.333333;
83687;21/02/2019;1200;32.1;;18.8;;
83687;22/02/2019;0000;;31.6;;0.666667;
83687;22/02/2019;1200;0;;19.2;;
83687;23/02/2019;0000;;32.8;;1;
83687;23/02/2019;1200;0;;19.6;;
83687;24/02/2019;0000;;33.4;;0.666667;
83687;24/02/2019;1200;0;;19.1;;
83687;25/02/2019;0000;;32.8;;1.666667;
83687;25/02/2019;1200;0;;19.9;;
83687;26/02/2019;0000;;32;;2;
83687;26/02/2019;1200;0;;20;;
83687;27/02/2019;0000;;30.8;;1;
83687;27/02/2019;1200;1.4;;19.1;;
83687;28/02/2019;0000;;27.8;;1.333333;
83687;28/02/2019;1200;9.6;;19.6;;
83687;01/03/2019;0000;;28.2;;1;
83687;01/03/2019;1200;2.8;;18.9;;
83687;02/03/2019;0000;;23.4;;0.333333;
83687;02/03/2019;1200;46.5;;18.9;;
83687;03/03/2019;0000;;27;;2;
83687;03/03/2019;1200;3.6;;19.2;;
83687;04/03/2019;0000;;25;;0.666667;
83687;04/03/2019;1200;35.4;;17.9;;
83687;05/03/2019;0000;;30;;0;
83687;05/03/2019;1200;0;;19.1;;
83687;06/03/2019;0000;;29.6;;1.333333;
83687;06/03/2019;1200;0;;19;;
83687;07/03/2019;0000;;31;;0.666667;
83687;07/03/2019;1200;0;;19.2;;
83687;08/03/2019;0000;;31.6;;0;
83687;08/03/2019;1200;8.8;;19.3;;
83687;09/03/2019;0000;;32.9;;0.333333;
83687;09/03/2019;1200;0;;20.4;;
83687;10/03/2019;0000;;32.4;;0.333333;
83687;10/03/2019;1200;0;;20.8;;
83687;11/03/2019;0000;;29.6;;1.666667;
83687;11/03/2019;1200;0.2;;18.7;;
83687;12/03/2019;0000;;29.4;;2;
83687;12/03/2019;1200;4;;19.1;;
83687;13/03/2019;0000;;28.6;;1.333333;
83687;13/03/2019;1200;24.2;;17.8;;
83687;14/03/2019;0000;;29.8;;1.333333;
83687;14/03/2019;1200;17.6;;19.6;;
83687;15/03/2019;0000;;30;;2;
83687;15/03/2019;1200;9.2;;17.9;;
83687;16/03/2019;0000;;29.8;;2.666667;
83687;16/03/2019;1200;0;;19.5;;
83687;17/03/2019;0000;;28;;1.666667;
83687;17/03/2019;1200;2;;19.9;;
83687;18/03/2019;0000;;30.2;;0.333333;
83687;18/03/2019;1200;47.1;;19.7;;
83687;19/03/2019;0000;;30.6;;0;
83687;19/03/2019;1200;0;;19.9;;
83687;20/03/2019;0000;;31;;0.666667;
83687;20/03/2019;1200;0;;20.2;;
83687;21/03/2019;0000;;26.2;;2.666667;
83687;21/03/2019;1200;17;;19.1;;
83687;22/03/2019;0000;;23.4;;2.666667;
83687;22/03/2019;1200;3.2;;17.6;;
83687;23/03/2019;0000;;27;;0.666667;
83687;23/03/2019;1200;0;;16.9;;
83687;24/03/2019;0000;;28.7;;1.333333;
83687;24/03/2019;1200;0;;17.1;;
83687;25/03/2019;0000;;30;;1.333333;
83687;25/03/2019;1200;0;;17.6;;
83687;26/03/2019;0000;;30.2;;2.333333;
83687;26/03/2019;1200;0;;19;;
83687;27/03/2019;0000;;30;;2;
83687;27/03/2019;1200;0;;17.2;;
83687;28/03/2019;0000;;28;;2.333333;
83687;28/03/2019;1200;0;;17.2;;
83687;29/03/2019;0000;;27.7;;3;
83687;29/03/2019;1200;0;;17.5;;
83687;30/03/2019;0000;;27.6;;2.666667;
83687;30/03/2019;1200;0;;16.8;;

		
	
[Fechar] <#>
	
		

