--------------------
BDMEP - INMET
--------------------
Estação           : PATOS DE MINAS - MG (OMM: 83531)
Latitude  (graus) : -18.51
Longitude (graus) : -46.43
Altitude  (metros): 940.28
Estação Operante
Inicio de operação: 23/10/1947
Periodo solicitado dos dados: 01/01/2018 a 30/03/2019
Os dados listados abaixo são os que encontram-se digitados no BDMEP
Hora em UTC
--------------------
Obs.: Os dados aparecem separados por ; (ponto e vírgula) no formato txt.
      Para o formato planilha XLS, siga as instruções <http://www.inmet.gov.br/projetos/rede/pesquisa/instrucao.html>
--------------------
Estacao;Data;Hora;Precipitacao;TempMaxima;TempMinima;Velocidade do Vento Media;
83531;01/01/2018;0000;;29.9;;2.066667;
83531;01/01/2018;1200;0;;19.7;;
83531;02/01/2018;0000;;30.1;;1.9;
83531;02/01/2018;1200;0;;18.7;;
83531;03/01/2018;0000;;29.5;;1.533333;
83531;03/01/2018;1200;0;;19.7;;
83531;04/01/2018;0000;;26.9;;2.066667;
83531;04/01/2018;1200;13.2;;18.9;;
83531;05/01/2018;0000;;25.3;;2.6;
83531;05/01/2018;1200;36.3;;17.7;;
83531;06/01/2018;0000;;27.5;;1.333333;
83531;06/01/2018;1200;45.4;;17.9;;
83531;07/01/2018;1200;7.2;;;;
83531;08/01/2018;0000;;28.7;;2.066667;
83531;08/01/2018;1200;27.5;;18.1;;
83531;09/01/2018;0000;;29.3;;2.066667;
83531;09/01/2018;1200;18.9;;17.5;;
83531;10/01/2018;0000;;29.5;;2.233333;
83531;10/01/2018;1200;0;;18.7;;
83531;11/01/2018;0000;;29.1;;1.9;
83531;11/01/2018;1200;0;;17.3;;
83531;12/01/2018;0000;;29.1;;1.533333;
83531;12/01/2018;1200;0;;16.7;;
83531;13/01/2018;0000;;30.3;;1.166667;
83531;13/01/2018;1200;0;;15.7;;
83531;15/01/2018;0000;;28.1;;1.166667;
83531;15/01/2018;1200;12.3;;17.1;;
83531;16/01/2018;0000;;30.9;;1.166667;
83531;16/01/2018;1200;8.1;;17.7;;
83531;17/01/2018;0000;;31.3;;1.9;
83531;17/01/2018;1200;0;;18.5;;
83531;18/01/2018;0000;;31.3;;1.366667;
83531;18/01/2018;1200;0;;19.1;;
83531;19/01/2018;0000;;32.7;;1.9;
83531;19/01/2018;1200;0;;15.7;;
83531;20/01/2018;0000;;32.1;;1.7;
83531;20/01/2018;1200;0;;18.3;;
83531;22/01/2018;0000;;33.1;;0.833333;
83531;22/01/2018;1200;0;;18.1;;
83531;23/01/2018;0000;;32.3;;1.166667;
83531;23/01/2018;1200;0;;18.5;;
83531;24/01/2018;0000;;29.5;;1.366667;
83531;24/01/2018;1200;0.4;;19.7;;
83531;25/01/2018;0000;;29.1;;1.033333;
83531;25/01/2018;1200;0;;18.1;;
83531;26/01/2018;0000;;29.5;;2.066667;
83531;26/01/2018;1200;8.7;;17.9;;
83531;27/01/2018;0000;;30.5;;1.533333;
83531;27/01/2018;1200;1.1;;19.1;;
83531;29/01/2018;0000;;29.5;;1.533333;
83531;29/01/2018;1200;0;;18.7;;
83531;30/01/2018;0000;;28.5;;1.533333;
83531;30/01/2018;1200;3.8;;19.7;;
83531;31/01/2018;0000;;31.5;;1.881107;
83531;31/01/2018;1200;11.1;;19.7;;
83531;01/02/2018;0000;;28.5;;1.666667;
83531;01/02/2018;1200;7.3;;19.5;;
83531;02/02/2018;0000;;28.1;;1.9;
83531;02/02/2018;1200;1.4;;19.5;;
83531;03/02/2018;0000;;27.5;;1.7;
83531;03/02/2018;1200;12.6;;18.9;;
83531;05/02/2018;0000;;26.3;;2.066667;
83531;05/02/2018;1200;1.2;;17.7;;
83531;06/02/2018;0000;;24.7;;2.066667;
83531;06/02/2018;1200;6.7;;18.3;;
83531;07/02/2018;0000;;28.7;;1.533333;
83531;07/02/2018;1200;2.1;;16.3;;
83531;08/02/2018;0000;;29.3;;1.333333;
83531;08/02/2018;1200;0;;17.9;;
83531;09/02/2018;0000;;30.9;;0.866667;
83531;09/02/2018;1200;1.2;;18.7;;
83531;10/02/2018;0000;;28.9;;1.7;
83531;10/02/2018;1200;29.4;;18.3;;
83531;12/02/2018;0000;;31.5;;1.533333;
83531;12/02/2018;1200;0;;18.3;;
83531;13/02/2018;0000;;31.1;;1.7;
83531;13/02/2018;1200;0;;19.5;;
83531;14/02/2018;0000;;30.7;;1.7;
83531;14/02/2018;1200;0;;17.7;;
83531;15/02/2018;0000;;30.1;;2.233333;
83531;15/02/2018;1200;0;;18.1;;
83531;16/02/2018;0000;;29.7;;1.866667;
83531;16/02/2018;1200;0;;17.7;;
83531;17/02/2018;0000;;30.7;;2.233333;
83531;17/02/2018;1200;0;;17.3;;
83531;18/02/2018;0000;;28.7;;;
83531;19/02/2018;0000;;28.7;;1.533333;
83531;19/02/2018;1200;15.8;;18.1;;
83531;20/02/2018;0000;;29.5;;1.533333;
83531;20/02/2018;1200;4;;18.1;;
83531;21/02/2018;0000;;28.7;;2.233333;
83531;21/02/2018;1200;0;;19.5;;
83531;22/02/2018;0000;;28.1;;1.9;
83531;22/02/2018;1200;8.4;;19.1;;
83531;23/02/2018;0000;;28.1;;1.7;
83531;23/02/2018;1200;0;;18.1;;
83531;24/02/2018;0000;;29.5;;1.533333;
83531;24/02/2018;1200;11.6;;18.1;;
83531;26/02/2018;0000;;25.5;;1.533333;
83531;26/02/2018;1200;0;;18.3;;
83531;27/02/2018;0000;;30.3;;1.9;
83531;27/02/2018;1200;2.8;;16.7;;
83531;28/02/2018;0000;;31.5;;1.533333;
83531;28/02/2018;1200;0;;18.7;;
83531;01/03/2018;0000;;32.1;;1.166667;
83531;01/03/2018;1200;29.8;;18.1;;
83531;02/03/2018;0000;;29.5;;1;
83531;02/03/2018;1200;14.3;;19.7;;
83531;03/03/2018;0000;;31.1;;2.033333;
83531;03/03/2018;1200;0;;19.7;;
83531;05/03/2018;0000;;31.1;;1.533333;
83531;05/03/2018;1200;0;;19.1;;
83531;06/03/2018;0000;;31.9;;1.366667;
83531;06/03/2018;1200;0;;20.5;;
83531;07/03/2018;0000;;30.5;;1.7;
83531;07/03/2018;1200;66.5;;18.5;;
83531;08/03/2018;0000;;29.1;;0.833333;
83531;08/03/2018;1200;15.8;;19.3;;
83531;09/03/2018;0000;;27.3;;1.166667;
83531;09/03/2018;1200;0;;19.1;;
83531;10/03/2018;0000;;28.9;;1;
83531;10/03/2018;1200;0;;19.7;;
83531;11/03/2018;1200;22.8;;;;
83531;12/03/2018;0000;;31.1;;0.666667;
83531;12/03/2018;1200;0;;19.5;;
83531;13/03/2018;0000;;32.1;;0.833333;
83531;13/03/2018;1200;0;;18.9;;
83531;14/03/2018;0000;;31.3;;1.533333;
83531;14/03/2018;1200;0;;20.3;;
83531;15/03/2018;0000;;29.5;;1.166667;
83531;15/03/2018;1200;0;;19.5;;
83531;16/03/2018;0000;;31.7;;1.533333;
83531;16/03/2018;1200;0;;19.5;;
83531;17/03/2018;0000;;30.7;;0.833333;
83531;17/03/2018;1200;25;;18.7;;
83531;18/03/2018;1200;0.5;;;;
83531;19/03/2018;0000;;31.9;;1.366667;
83531;19/03/2018;1200;0;;17.9;;
83531;20/03/2018;0000;;31.5;;1.166667;
83531;20/03/2018;1200;0;;19.5;;
83531;21/03/2018;0000;;31.9;;1;
83531;21/03/2018;1200;0;;19.3;;
83531;22/03/2018;0000;;29.3;;1;
83531;22/03/2018;1200;4.5;;18.9;;
83531;23/03/2018;0000;;29.3;;1.7;
83531;23/03/2018;1200;0;;18.7;;
83531;24/03/2018;0000;;27.5;;2.266667;
83531;24/03/2018;1200;0;;19.3;;
83531;26/03/2018;0000;;28.7;;1.866667;
83531;26/03/2018;1200;0;;17.9;;
83531;27/03/2018;0000;;29.1;;1.7;
83531;27/03/2018;1200;0;;16.7;;
83531;28/03/2018;0000;;28.9;;2.066667;
83531;28/03/2018;1200;0;;15.9;;
83531;29/03/2018;0000;;28.1;;2.066667;
83531;29/03/2018;1200;0;;16.5;;
83531;30/03/2018;0000;;30.1;;1.533333;
83531;30/03/2018;1200;0;;15.7;;
83531;31/03/2018;0000;;28.7;;1.166667;
83531;31/03/2018;1200;0;;17.7;;
83531;02/04/2018;0000;;29.5;;1.733333;
83531;02/04/2018;1200;0;;18.5;;
83531;03/04/2018;0000;;29.7;;1.466667;
83531;03/04/2018;1200;0;;18.1;;
83531;04/04/2018;0000;;28.1;;1.266667;
83531;04/04/2018;1200;0.5;;17.7;;
83531;05/04/2018;0000;;30.3;;1.333333;
83531;05/04/2018;1200;2.7;;17.5;;
83531;06/04/2018;0000;;25.5;;1.333333;
83531;06/04/2018;1200;17.8;;17.7;;
83531;07/04/2018;0000;;27.9;;1.533333;
83531;07/04/2018;1200;2.3;;18.1;;
83531;08/04/2018;1200;1.4;;;;
83531;09/04/2018;0000;;27.3;;2.266667;
83531;09/04/2018;1200;0;;16.7;;
83531;10/04/2018;0000;;27.3;;2.066667;
83531;10/04/2018;1200;0;;16.7;;
83531;11/04/2018;0000;;27.9;;2.266667;
83531;11/04/2018;1200;0;;15.7;;
83531;12/04/2018;0000;;27.7;;2.6;
83531;12/04/2018;1200;0;;15.7;;
83531;13/04/2018;0000;;26.5;;2.066667;
83531;13/04/2018;1200;0.9;;16.1;;
83531;14/04/2018;0000;;27.5;;2.066667;
83531;14/04/2018;1200;0;;17.1;;
83531;16/04/2018;0000;;25.3;;2.933333;
83531;16/04/2018;1200;6.5;;16.7;;
83531;17/04/2018;0000;;22.5;;2.433333;
83531;17/04/2018;1200;0;;17.1;;
83531;18/04/2018;0000;;24.5;;2.9;
83531;18/04/2018;1200;0;;16.7;;
83531;19/04/2018;0000;;26.5;;2.266667;
83531;19/04/2018;1200;0;;15.1;;
83531;20/04/2018;0000;;28.3;;1.7;
83531;20/04/2018;1200;0;;15.7;;
83531;21/04/2018;0000;;28.1;;2.166667;
83531;21/04/2018;1200;0;;15.1;;
83531;23/04/2018;0000;;28.5;;2.066667;
83531;23/04/2018;1200;0;;15.3;;
83531;24/04/2018;0000;;27.3;;1.7;
83531;24/04/2018;1200;11.3;;14.9;;
83531;25/04/2018;0000;;28.3;;1.9;
83531;25/04/2018;1200;0;;15.3;;
83531;26/04/2018;0000;;28.9;;1.333333;
83531;26/04/2018;1200;0;;15.9;;
83531;27/04/2018;0000;;29.1;;0.833333;
83531;27/04/2018;1200;0.2;;15.9;;
83531;28/04/2018;0000;;28.1;;1.533333;
83531;28/04/2018;1200;0;;15.7;;
83531;30/04/2018;0000;;27.7;;0.666667;
83531;30/04/2018;1200;0;;14.7;;
83531;01/05/2018;0000;;27.3;;1.366667;
83531;01/05/2018;1200;0;;14.1;;
83531;02/05/2018;0000;;28.1;;1.166667;
83531;02/05/2018;1200;0;;13.7;;
83531;03/05/2018;0000;;29.5;;1.533333;
83531;03/05/2018;1200;0;;14.3;;
83531;04/05/2018;0000;;29.3;;1.166667;
83531;04/05/2018;1200;0;;15.9;;
83531;05/05/2018;0000;;28.3;;2.266667;
83531;05/05/2018;1200;0;;15.1;;
83531;06/05/2018;0000;;26.3;;;
83531;07/05/2018;0000;;27.1;;1.333333;
83531;07/05/2018;1200;0;;15.1;;
83531;08/05/2018;0000;;26.3;;1.9;
83531;08/05/2018;1200;0;;15.3;;
83531;09/05/2018;0000;;25.3;;3.1;
83531;09/05/2018;1200;0;;15.9;;
83531;10/05/2018;0000;;26.7;;2.766667;
83531;10/05/2018;1200;0;;14.3;;
83531;11/05/2018;0000;;28.3;;1.733333;
83531;11/05/2018;1200;0;;15.1;;
83531;12/05/2018;0000;;28.7;;1.333333;
83531;12/05/2018;1200;0;;15.1;;
83531;14/05/2018;0000;;28.3;;1.9;
83531;14/05/2018;1200;0;;15.7;;
83531;15/05/2018;0000;;28.1;;2.066667;
83531;15/05/2018;1200;0;;15.1;;
83531;16/05/2018;0000;;29.3;;1.7;
83531;16/05/2018;1200;0;;14.7;;
83531;17/05/2018;0000;;28.1;;1.9;
83531;17/05/2018;1200;5;;15.5;;
83531;18/05/2018;0000;;26.9;;1.9;
83531;18/05/2018;1200;0;;16.7;;
83531;19/05/2018;0000;;25.3;;2.266667;
83531;19/05/2018;1200;0;;15.7;;
83531;20/05/2018;1200;15.5;;;;
83531;21/05/2018;0000;;25.7;;1.866667;
83531;21/05/2018;1200;0;;5.7;;
83531;22/05/2018;0000;;28.1;;1.9;
83531;22/05/2018;1200;0;;8.7;;
83531;23/05/2018;0000;;28.5;;1.533333;
83531;23/05/2018;1200;0;;9.9;;
83531;24/05/2018;0000;;26.9;;2.066667;
83531;24/05/2018;1200;0;;11.9;;
83531;25/05/2018;0000;;25.5;;2.066667;
83531;25/05/2018;1200;0;;15.1;;
83531;26/05/2018;0000;;25.1;;2.266667;
83531;26/05/2018;1200;0;;13.1;;
83531;28/05/2018;0000;;24.1;;2.4;
83531;28/05/2018;1200;0;;10.9;;
83531;29/05/2018;0000;;24.1;;2.266667;
83531;29/05/2018;1200;0;;13.5;;
83531;30/05/2018;0000;;22.9;;2.233333;
83531;30/05/2018;1200;0;;12.9;;
83531;31/05/2018;0000;;24.9;;1.333333;
83531;31/05/2018;1200;0;;10.1;;

		
	
[Fechar] <#>
	
		

