--------------------
BDMEP - INMET
--------------------
Estação           : PEDRA AZUL - MG (OMM: 83393)
Latitude  (graus) : -16
Longitude (graus) : -41.28
Altitude  (metros): 648.91
Estação Operante
Inicio de operação: 01/10/1918
Periodo solicitado dos dados: 01/01/2018 a 30/03/2019
Os dados listados abaixo são os que encontram-se digitados no BDMEP
Hora em UTC
--------------------
Obs.: Os dados aparecem separados por ; (ponto e vírgula) no formato txt.
      Para o formato planilha XLS, siga as instruções <http://www.inmet.gov.br/projetos/rede/pesquisa/instrucao.html>
--------------------
Estacao;Data;Hora;Precipitacao;TempMaxima;TempMinima;Velocidade do Vento Media;
83393;01/01/2018;0000;;;;0.5;
83393;01/01/2018;1200;0;;20;;
83393;02/01/2018;0000;;;;0.25;
83393;02/01/2018;1200;0;;22.8;;
83393;03/01/2018;0000;;;;0.95;
83393;03/01/2018;1200;1.7;;21.2;;
83393;04/01/2018;0000;;;;1;
83393;04/01/2018;1200;0;;20.8;;
83393;05/01/2018;0000;;;;0.25;
83393;05/01/2018;1200;11.1;;20.2;;
83393;06/01/2018;0000;;;;0.5;
83393;06/01/2018;1200;0;;19.8;;
83393;07/01/2018;1200;0;;;;
83393;08/01/2018;0000;;;;1.25;
83393;08/01/2018;1200;0;;19.8;;
83393;09/01/2018;0000;;;;1.25;
83393;09/01/2018;1200;0;;19.8;;
83393;10/01/2018;0000;;;;1;
83393;10/01/2018;1200;8.7;;20.4;;
83393;11/01/2018;0000;;;;1.5;
83393;11/01/2018;1200;1.8;;19.2;;
83393;12/01/2018;0000;;;;1.5;
83393;12/01/2018;1200;0;;19;;
83393;13/01/2018;0000;;;;1.25;
83393;13/01/2018;1200;0;;20.4;;
83393;15/01/2018;0000;;;;1;
83393;15/01/2018;1200;0;;20.8;;
83393;16/01/2018;0000;;;;1;
83393;16/01/2018;1200;0;;18.8;;
83393;17/01/2018;0000;;;;1;
83393;17/01/2018;1200;0;;19.6;;
83393;18/01/2018;0000;;;;1.5;
83393;18/01/2018;1200;0;;19;;
83393;19/01/2018;0000;;;;1.25;
83393;19/01/2018;1200;0;;19.8;;
83393;20/01/2018;0000;;;;1.5;
83393;20/01/2018;1200;0;;21.2;;
83393;21/01/2018;0000;;;;1.8;
83393;21/01/2018;1200;0;;19.4;;
83393;22/01/2018;0000;;;;1.8;
83393;22/01/2018;1200;0;;19.4;;
83393;23/01/2018;0000;;;;1.25;
83393;23/01/2018;1200;0;;19.2;;
83393;24/01/2018;0000;;;;1.25;
83393;24/01/2018;1200;0;;19;;
83393;25/01/2018;0000;;;;1.5;
83393;25/01/2018;1200;0;;20.2;;
83393;26/01/2018;0000;;;;1.8;
83393;26/01/2018;1200;0;;19.8;;
83393;27/01/2018;0000;;;;0.5;
83393;27/01/2018;1200;0.6;;21;;
83393;28/01/2018;0000;;;;0.666667;
83393;28/01/2018;1200;0;;21.6;;
83393;29/01/2018;0000;;;;0.833333;
83393;29/01/2018;1200;0;;21.6;;
83393;30/01/2018;0000;;;;0.666667;
83393;30/01/2018;1200;0;;20.4;;
83393;31/01/2018;0000;;;;0.504813;
83393;31/01/2018;1200;0;;23.2;;
83393;01/02/2018;0000;;;;0;
83393;01/02/2018;1200;0.7;;22.2;;
83393;02/02/2018;0000;;;;0.166667;
83393;02/02/2018;1200;0.2;;21.4;;
83393;03/02/2018;0000;;;;0.333333;
83393;03/02/2018;1200;18.1;;20;;
83393;04/02/2018;0000;;;;0;
83393;04/02/2018;1200;35.2;;20.4;;
83393;05/02/2018;0000;;;;0.666667;
83393;05/02/2018;1200;6;;20.4;;
83393;06/02/2018;0000;;;;0.166667;
83393;06/02/2018;1200;16.8;;21.4;;
83393;07/02/2018;0000;;;;0.166667;
83393;07/02/2018;1200;18.2;;21.4;;
83393;08/02/2018;0000;;;;0.666667;
83393;08/02/2018;1200;3.1;;21.2;;
83393;09/02/2018;0000;;;;0.5;
83393;09/02/2018;1200;6.5;;21.4;;
83393;10/02/2018;0000;;;;0.166667;
83393;10/02/2018;1200;0.3;;21.2;;
83393;11/02/2018;0000;;;;1.166667;
83393;11/02/2018;1200;0;;19.4;;
83393;12/02/2018;0000;;;;0.333333;
83393;12/02/2018;1200;0;;18.4;;
83393;13/02/2018;0000;;;;1;
83393;13/02/2018;1200;0;;21;;
83393;14/02/2018;0000;;;;2.333333;
83393;14/02/2018;1200;0;;19.2;;
83393;15/02/2018;0000;;;;1.5;
83393;15/02/2018;1200;0;;19.6;;
83393;16/02/2018;0000;;;;0.666667;
83393;16/02/2018;1200;0;;19.8;;
83393;17/02/2018;0000;;;;1;
83393;17/02/2018;1200;2.8;;19.8;;
83393;18/02/2018;0000;;;;0.666667;
83393;18/02/2018;1200;0.2;;19.2;;
83393;19/02/2018;0000;;;;0.333333;
83393;19/02/2018;1200;0;;20.8;;
83393;20/02/2018;0000;;;;0.5;
83393;20/02/2018;1200;0;;20.6;;
83393;21/02/2018;0000;;;;1.333333;
83393;21/02/2018;1200;0;;21.2;;
83393;22/02/2018;0000;;;;1;
83393;22/02/2018;1200;0;;20.4;;
83393;23/02/2018;0000;;;;0.333333;
83393;23/02/2018;1200;2.5;;21.8;;
83393;24/02/2018;0000;;;;0.5;
83393;24/02/2018;1200;30;;20.4;;
83393;25/02/2018;0000;;;;0.333333;
83393;25/02/2018;1200;0;;21.8;;
83393;26/02/2018;0000;;;;0.166667;
83393;26/02/2018;1200;14.4;;21;;
83393;27/02/2018;0000;;;;0;
83393;27/02/2018;1200;0;;19.8;;
83393;28/02/2018;0000;;;;0.666667;
83393;28/02/2018;1200;0;;20.4;;
83393;01/03/2018;0000;;;;0.333333;
83393;01/03/2018;1200;0;;19.4;;
83393;02/03/2018;0000;;;;0.666667;
83393;02/03/2018;1200;0;;17.6;;
83393;03/03/2018;0000;;;;0.166667;
83393;03/03/2018;1200;0;;17;;
83393;04/03/2018;0000;;;;0.5;
83393;04/03/2018;1200;0;;21;;
83393;05/03/2018;0000;;;;1.2;
83393;05/03/2018;1200;9.2;;21;;
83393;06/03/2018;0000;;;;0.333333;
83393;06/03/2018;1200;1;;21.4;;
83393;07/03/2018;0000;;;;0.5;
83393;07/03/2018;1200;6.4;;22;;
83393;08/03/2018;0000;;;;0.833333;
83393;08/03/2018;1200;0;;21.2;;
83393;09/03/2018;0000;;;;0.666667;
83393;09/03/2018;1200;7.4;;20.4;;
83393;10/03/2018;0000;;;;0.5;
83393;10/03/2018;1200;8.2;;23;;
83393;11/03/2018;0000;;;;0;
83393;11/03/2018;1200;0;;22.4;;
83393;12/03/2018;0000;;;;0.166667;
83393;12/03/2018;1200;11.3;;21.8;;
83393;13/03/2018;0000;;;;0.166667;
83393;13/03/2018;1200;6.8;;22.2;;
83393;14/03/2018;0000;;;;0.666667;
83393;14/03/2018;1200;1.9;;21.2;;
83393;15/03/2018;0000;;;;0.666667;
83393;15/03/2018;1200;0;;21.8;;
83393;16/03/2018;0000;;;;0.333333;
83393;16/03/2018;1200;0;;20.2;;
83393;17/03/2018;0000;;;;0.333333;
83393;17/03/2018;1200;0;;21;;
83393;18/03/2018;0000;;;;0.166667;
83393;18/03/2018;1200;0;;21.4;;
83393;19/03/2018;0000;;;;0.5;
83393;19/03/2018;1200;0;;20.4;;
83393;20/03/2018;0000;;;;0.333333;
83393;20/03/2018;1200;0;;20.8;;
83393;21/03/2018;0000;;;;0.666667;
83393;21/03/2018;1200;0;;21.8;;
83393;22/03/2018;0000;;;;1;
83393;22/03/2018;1200;0;;22;;
83393;23/03/2018;0000;;;;2.2;
83393;23/03/2018;1200;3.4;;20.6;;
83393;24/03/2018;0000;;;;1.166667;
83393;24/03/2018;1200;0.2;;20;;
83393;25/03/2018;0000;;;;0.5;
83393;25/03/2018;1200;0.2;;19.6;;
83393;26/03/2018;0000;;;;1.033333;
83393;26/03/2018;1200;0;;18.8;;
83393;27/03/2018;0000;;;;1;
83393;27/03/2018;1200;0;;18.8;;
83393;28/03/2018;0000;;;;0.666667;
83393;28/03/2018;1200;0;;19.8;;
83393;29/03/2018;0000;;;;1.533333;
83393;29/03/2018;1200;2.7;;19;;
83393;30/03/2018;0000;;;;0.666667;
83393;30/03/2018;1200;4.7;;19.8;;
83393;31/03/2018;0000;;;;0.5;
83393;31/03/2018;1200;1;;19.6;;
83393;01/04/2018;0000;;;;1;
83393;01/04/2018;1200;0;;18.6;;
83393;02/04/2018;0000;;;;0.666667;
83393;02/04/2018;1200;0;;19;;
83393;03/04/2018;0000;;;;0.666667;
83393;03/04/2018;1200;0;;21;;
83393;04/04/2018;0000;;;;1;
83393;04/04/2018;1200;0;;18.6;;
83393;05/04/2018;0000;;;;0.5;
83393;05/04/2018;1200;0;;21.8;;
83393;06/04/2018;0000;;;;0.5;
83393;06/04/2018;1200;0;;21.8;;
83393;07/04/2018;0000;;;;1.166667;
83393;07/04/2018;1200;0;;20;;
83393;08/04/2018;0000;;;;0.666667;
83393;08/04/2018;1200;0;;19.4;;
83393;09/04/2018;0000;;;;1.1;
83393;09/04/2018;1200;0;;19.8;;
83393;10/04/2018;0000;;;;1.866667;
83393;10/04/2018;1200;3.6;;19.8;;
83393;11/04/2018;0000;;;;3.066667;
83393;11/04/2018;1200;0;;18.2;;
83393;12/04/2018;0000;;;;1.7;
83393;12/04/2018;1200;0;;19.8;;
83393;13/04/2018;0000;;;;0.666667;
83393;13/04/2018;1200;3.1;;19.6;;
83393;14/04/2018;0000;;;;1.333333;
83393;14/04/2018;1200;4.1;;20;;
83393;15/04/2018;0000;;;;1.333333;
83393;15/04/2018;1200;0;;19.2;;
83393;16/04/2018;0000;;;;1.533333;
83393;16/04/2018;1200;1.8;;18.6;;
83393;17/04/2018;0000;;;;0.833333;
83393;17/04/2018;1200;2.2;;18.8;;
83393;18/04/2018;0000;;;;1.5;
83393;18/04/2018;1200;1.7;;17;;
83393;19/04/2018;0000;;;;0.666667;
83393;19/04/2018;1200;0;;18.4;;
83393;20/04/2018;0000;;;;0.833333;
83393;20/04/2018;1200;0;;19.6;;
83393;21/04/2018;0000;;;;1.333333;
83393;21/04/2018;1200;0;;18.2;;
83393;22/04/2018;0000;;;;0.666667;
83393;22/04/2018;1200;0;;18;;
83393;23/04/2018;0000;;;;0.833333;
83393;23/04/2018;1200;0.4;;19.2;;
83393;24/04/2018;0000;;;;0.833333;
83393;24/04/2018;1200;0.2;;19.2;;
83393;25/04/2018;0000;;;;1.166667;
83393;25/04/2018;1200;0;;18;;
83393;26/04/2018;0000;;;;0.833333;
83393;26/04/2018;1200;0.1;;18;;
83393;27/04/2018;0000;;;;1.2;
83393;27/04/2018;1200;0;;19.8;;
83393;28/04/2018;0000;;;;1.166667;
83393;28/04/2018;1200;0;;20.2;;
83393;29/04/2018;0000;;;;1.166667;
83393;29/04/2018;1200;0;;18.2;;
83393;30/04/2018;0000;;;;0.666667;
83393;30/04/2018;1200;0;;18.8;;
83393;01/05/2018;0000;;;;0.666667;
83393;01/05/2018;1200;0;;19.6;;
83393;02/05/2018;0000;;;;1.166667;
83393;02/05/2018;1200;0;;19.8;;
83393;03/05/2018;0000;;;;1.166667;
83393;03/05/2018;1200;6.1;;19.4;;
83393;04/05/2018;0000;;;;1.666667;
83393;04/05/2018;1200;0;;18;;
83393;05/05/2018;0000;;;;1.2;
83393;05/05/2018;1200;1.4;;17.6;;
83393;06/05/2018;0000;;;;0.5;
83393;06/05/2018;1200;0;;17.8;;
83393;07/05/2018;0000;;;;1.333333;
83393;07/05/2018;1200;0;;15.4;;
83393;08/05/2018;0000;;;;1.166667;
83393;08/05/2018;1200;0;;15.2;;
83393;09/05/2018;0000;;;;1;
83393;09/05/2018;1200;0;;14.4;;
83393;10/05/2018;0000;;;;1;
83393;10/05/2018;1200;0;;17.6;;
83393;11/05/2018;0000;;;;0.666667;
83393;11/05/2018;1200;0.2;;15;;
83393;12/05/2018;0000;;;;0.5;
83393;12/05/2018;1200;0;;16.6;;
83393;13/05/2018;0000;;;;1;
83393;13/05/2018;1200;0;;19.2;;
83393;14/05/2018;0000;;;;2.066667;
83393;14/05/2018;1200;0;;19.8;;
83393;15/05/2018;0000;;;;1.7;
83393;15/05/2018;1200;0;;19.4;;
83393;16/05/2018;0000;;;;1.333333;
83393;16/05/2018;1200;1;;17;;
83393;17/05/2018;0000;;;;1;
83393;17/05/2018;1200;0.1;;18;;
83393;18/05/2018;0000;;;;1.166667;
83393;18/05/2018;1200;0;;19.4;;
83393;19/05/2018;0000;;;;0.333333;
83393;19/05/2018;1200;0;;20.4;;
83393;20/05/2018;0000;;;;1.166667;
83393;20/05/2018;1200;0;;17.4;;
83393;21/05/2018;0000;;;;1.333333;
83393;21/05/2018;1200;0;;21.8;;
83393;22/05/2018;0000;;;;0.833333;
83393;22/05/2018;1200;0.2;;20.2;;
83393;23/05/2018;0000;;;;0.833333;
83393;23/05/2018;1200;0.8;;20.2;;
83393;24/05/2018;0000;;;;0.5;
83393;24/05/2018;1200;9.6;;18.6;;
83393;25/05/2018;0000;;;;1;
83393;25/05/2018;1200;2.2;;14.8;;
83393;26/05/2018;0000;;;;1;
83393;26/05/2018;1200;0;;13.8;;
83393;27/05/2018;0000;;;;1.333333;
83393;27/05/2018;1200;2.5;;17;;
83393;28/05/2018;0000;;;;0.666667;
83393;28/05/2018;1200;0.2;;17.8;;
83393;29/05/2018;0000;;;;1.533333;
83393;29/05/2018;1200;0.8;;16;;
83393;30/05/2018;0000;;;;1.333333;
83393;30/05/2018;1200;0;;12.2;;
83393;31/05/2018;0000;;;;1;
83393;31/05/2018;1200;0;;14.4;;
83393;01/06/2018;0000;;;;1.333333;
83393;01/06/2018;1200;0;;17.8;;
83393;02/06/2018;0000;;;;0.5;
83393;02/06/2018;1200;0;;19.2;;
83393;03/06/2018;0000;;;;0.5;
83393;03/06/2018;1200;1.2;;20;;
83393;04/06/2018;0000;;;;1.7;
83393;04/06/2018;1200;13.2;;19.4;;
83393;05/06/2018;0000;;;;0.5;
83393;05/06/2018;1200;0;;18;;
83393;06/06/2018;0000;;;;0.833333;
83393;06/06/2018;1200;0.5;;17;;
83393;07/06/2018;0000;;;;0.666667;
83393;07/06/2018;1200;0;;16.2;;
83393;08/06/2018;0000;;;;0.166667;
83393;08/06/2018;1200;0;;16;;
83393;09/06/2018;0000;;;;0.666667;
83393;09/06/2018;1200;0;;18.2;;
83393;10/06/2018;0000;;;;0.833333;
83393;10/06/2018;1200;1.7;;19.4;;
83393;11/06/2018;0000;;;;0;
83393;11/06/2018;1200;2.3;;18;;
83393;12/06/2018;0000;;;;0.833333;
83393;12/06/2018;1200;7.6;;18.8;;
83393;13/06/2018;0000;;;;0.333333;
83393;13/06/2018;1200;0;;15.8;;
83393;14/06/2018;0000;;;;1.333333;
83393;14/06/2018;1200;0;;16.8;;
83393;15/06/2018;0000;;;;1;
83393;15/06/2018;1200;0;;14.8;;
83393;16/06/2018;0000;;;;1;
83393;16/06/2018;1200;0;;11;;
83393;17/06/2018;0000;;;;0.833333;
83393;17/06/2018;1200;0;;16.2;;
83393;18/06/2018;0000;;;;1.566667;
83393;18/06/2018;1200;0;;15.4;;
83393;19/06/2018;0000;;;;1.166667;
83393;19/06/2018;1200;0;;13.6;;
83393;20/06/2018;0000;;;;1.033333;
83393;20/06/2018;1200;0.6;;17.2;;
83393;21/06/2018;0000;;;;0.5;
83393;21/06/2018;1200;0;;17;;
83393;22/06/2018;0000;;;;1.533333;
83393;22/06/2018;1200;0;;13.8;;
83393;23/06/2018;0000;;;;1;
83393;23/06/2018;1200;0;;16;;
83393;24/06/2018;0000;;;;1.333333;
83393;24/06/2018;1200;0;;17.2;;
83393;25/06/2018;0000;;;;0.666667;
83393;25/06/2018;1200;3.7;;17.8;;
83393;26/06/2018;0000;;;;0.333333;
83393;26/06/2018;1200;0;;15.4;;
83393;27/06/2018;0000;;;;0.833333;
83393;27/06/2018;1200;1.3;;17.2;;
83393;28/06/2018;0000;;;;1.333333;
83393;28/06/2018;1200;0;;16.4;;
83393;29/06/2018;0000;;;;1.333333;
83393;29/06/2018;1200;0;;15;;
83393;30/06/2018;0000;;;;1;
83393;30/06/2018;1200;3.2;;17.4;;
83393;01/07/2018;0000;;;;0.833333;
83393;01/07/2018;1200;0;;18.4;;
83393;02/07/2018;0000;;;;0.666667;
83393;02/07/2018;1200;0;;18.4;;
83393;03/07/2018;0000;;;;0.7;
83393;03/07/2018;1200;0;;18.2;;
83393;04/07/2018;0000;;;;0.5;
83393;04/07/2018;1200;0;;13.6;;
83393;05/07/2018;0000;;;;0.666667;
83393;05/07/2018;1200;0;;12.4;;
83393;06/07/2018;0000;;;;0.833333;
83393;06/07/2018;1200;0;;13.8;;
83393;07/07/2018;0000;;;;0.5;
83393;07/07/2018;1200;0;;15;;
83393;08/07/2018;0000;;;;0.166667;
83393;08/07/2018;1200;0;;12;;
83393;09/07/2018;0000;;;;0.666667;
83393;09/07/2018;1200;0;;18;;
83393;10/07/2018;0000;;;;0.666667;
83393;10/07/2018;1200;0;;13.2;;
83393;11/07/2018;0000;;;;0.333333;
83393;11/07/2018;1200;0;;10.2;;
83393;12/07/2018;0000;;;;1;
83393;12/07/2018;1200;0;;17;;
83393;13/07/2018;0000;;;;0.833333;
83393;13/07/2018;1200;0;;17.8;;
83393;14/07/2018;0000;;;;0.5;
83393;14/07/2018;1200;0;;17.4;;
83393;15/07/2018;0000;;;;1.166667;
83393;15/07/2018;1200;0;;17.8;;
83393;16/07/2018;0000;;;;0.833333;
83393;16/07/2018;1200;0;;17;;
83393;17/07/2018;0000;;;;1.7;
83393;17/07/2018;1200;0;;18;;
83393;18/07/2018;0000;;;;1.2;
83393;18/07/2018;1200;1.5;;13.8;;
83393;19/07/2018;0000;;;;1.333333;
83393;19/07/2018;1200;0.5;;16.6;;
83393;20/07/2018;0000;;;;0.833333;
83393;20/07/2018;1200;0.5;;17.4;;
83393;21/07/2018;0000;;;;1;
83393;21/07/2018;1200;3.3;;12;;
83393;22/07/2018;0000;;;;1.5;
83393;22/07/2018;1200;0;;15;;
83393;23/07/2018;0000;;;;1.366667;
83393;23/07/2018;1200;0;;16.2;;
83393;24/07/2018;0000;;;;1.866667;
83393;24/07/2018;1200;0;;16;;
83393;25/07/2018;0000;;;;1;
83393;25/07/2018;1200;0;;15.2;;
83393;26/07/2018;0000;;;;1;
83393;26/07/2018;1200;0;;15;;
83393;27/07/2018;0000;;;;1;
83393;27/07/2018;1200;0;;15.2;;
83393;28/07/2018;0000;;;;0.833333;
83393;28/07/2018;1200;0;;16;;
83393;29/07/2018;0000;;;;0.666667;
83393;29/07/2018;1200;0;;15.2;;
83393;30/07/2018;0000;;;;0.833333;
83393;30/07/2018;1200;0;;17.4;;
83393;31/07/2018;0000;;;;0.333333;
83393;31/07/2018;1200;0;;15;;
83393;01/08/2018;0000;;;;1.2;
83393;01/08/2018;1200;0;;17.4;;
83393;02/08/2018;0000;;;;1.166667;
83393;02/08/2018;1200;0;;19.6;;
83393;03/08/2018;0000;;;;1.166667;
83393;03/08/2018;1200;0;;16.6;;
83393;04/08/2018;0000;;;;0.166667;
83393;04/08/2018;1200;0;;16.8;;
83393;05/08/2018;0000;;;;0.75;
83393;05/08/2018;1200;0;;16;;
83393;06/08/2018;0000;;;;1.166667;
83393;06/08/2018;1200;0;;20;;
83393;07/08/2018;0000;;;;1.366667;
83393;07/08/2018;1200;0;;18.6;;
83393;08/08/2018;0000;;;;1.166667;
83393;08/08/2018;1200;0;;18.2;;
83393;09/08/2018;0000;;;;1;
83393;09/08/2018;1200;0;;18;;
83393;10/08/2018;0000;;;;0.5;
83393;10/08/2018;1200;0;;16.2;;
83393;11/08/2018;0000;;;;0.5;
83393;11/08/2018;1200;0;;18;;
83393;12/08/2018;0000;;;;0.333333;
83393;12/08/2018;1200;0;;18;;
83393;13/08/2018;0000;;;;1.5;
83393;13/08/2018;1200;0;;20.2;;
83393;14/08/2018;0000;;;;0.666667;
83393;14/08/2018;1200;0;;19.2;;
83393;15/08/2018;0000;;;;0.666667;
83393;15/08/2018;1200;0;;19;;
83393;16/08/2018;0000;;;;1.533333;
83393;16/08/2018;1200;0;;20;;
83393;17/08/2018;0000;;;;1.366667;
83393;17/08/2018;1200;0;;19;;
83393;18/08/2018;0000;;;;0.866667;
83393;18/08/2018;1200;7.9;;17.6;;
83393;19/08/2018;0000;;;;1;
83393;19/08/2018;1200;0;;17.4;;
83393;20/08/2018;0000;;;;1.5;
83393;20/08/2018;1200;0;;13.2;;
83393;21/08/2018;0000;;;;1.533333;
83393;21/08/2018;1200;0;;17.6;;
83393;22/08/2018;0000;;;;1.366667;
83393;22/08/2018;1200;0;;18.8;;
83393;23/08/2018;0000;;;;1.333333;
83393;23/08/2018;1200;0;;18;;
83393;24/08/2018;0000;;;;1.166667;
83393;24/08/2018;1200;0;;18.2;;
83393;25/08/2018;0000;;;;0.833333;
83393;25/08/2018;1200;0;;19;;
83393;26/08/2018;0000;;;;0.333333;
83393;26/08/2018;1200;0;;18;;
83393;27/08/2018;0000;;;;1.9;
83393;27/08/2018;1200;0;;16.4;;
83393;28/08/2018;0000;;;;2.4;
83393;28/08/2018;1200;0;;17.8;;
83393;29/08/2018;0000;;;;2.9;
83393;29/08/2018;1200;0.4;;17;;
83393;30/08/2018;0000;;;;1.7;
83393;30/08/2018;1200;0.8;;16.8;;
83393;31/08/2018;0000;;;;0.333333;
83393;31/08/2018;1200;0;;17;;
83393;01/09/2018;0000;;;;0.666667;
83393;01/09/2018;1200;0;;16.2;;
83393;02/09/2018;0000;;;;1;
83393;02/09/2018;1200;0;;17.8;;
83393;03/09/2018;0000;;;;0.666667;
83393;03/09/2018;1200;0;;14.2;;
83393;04/09/2018;0000;;;;1;
83393;04/09/2018;1200;0;;17.8;;
83393;05/09/2018;0000;;;;1.166667;
83393;05/09/2018;1200;0;;18.8;;
83393;06/09/2018;0000;;;;1.533333;
83393;06/09/2018;1200;0;;18.8;;
83393;07/09/2018;0000;;;;1.7;
83393;07/09/2018;1200;0;;18;;
83393;08/09/2018;0000;;;;1.166667;
83393;08/09/2018;1200;0;;15;;
83393;09/09/2018;0000;;;;1;
83393;09/09/2018;1200;0;;15.8;;
83393;10/09/2018;0000;;;;1.533333;
83393;10/09/2018;1200;0;;15.2;;
83393;11/09/2018;0000;;;;1.333333;
83393;11/09/2018;1200;0;;16.6;;
83393;12/09/2018;0000;;;;2.566667;
83393;12/09/2018;1200;0;;19.4;;
83393;13/09/2018;0000;;;;2.066667;
83393;13/09/2018;1200;0;;18.6;;
83393;14/09/2018;0000;;;;1.166667;
83393;14/09/2018;1200;0;;17.2;;
83393;15/09/2018;0000;;;;1;
83393;15/09/2018;1200;0;;18;;
83393;16/09/2018;0000;;;;0.333333;
83393;16/09/2018;1200;0;;19.6;;
83393;17/09/2018;0000;;;;1;
83393;17/09/2018;1200;0;;22;;
83393;18/09/2018;0000;;;;1.333333;
83393;18/09/2018;1200;0;;21.4;;
83393;19/09/2018;0000;;;;0.333333;
83393;19/09/2018;1200;0;;20.8;;
83393;20/09/2018;0000;;;;1.166667;
83393;20/09/2018;1200;0;;19.4;;
83393;21/09/2018;0000;;;;0.666667;
83393;21/09/2018;1200;0;;17.8;;
83393;22/09/2018;0000;;;;0.333333;
83393;22/09/2018;1200;0;;20.2;;
83393;23/09/2018;0000;;;;0.833333;
83393;23/09/2018;1200;0;;20.4;;
83393;24/09/2018;0000;;;;1.866667;
83393;24/09/2018;1200;0;;20.6;;
83393;25/09/2018;0000;;;;1.5;
83393;25/09/2018;1200;0;;20;;
83393;26/09/2018;0000;;;;1.333333;
83393;26/09/2018;1200;0;;18.6;;
83393;27/09/2018;0000;;;;1.5;
83393;27/09/2018;1200;0;;20;;
83393;28/09/2018;0000;;;;0.833333;
83393;28/09/2018;1200;0;;18.2;;
83393;29/09/2018;0000;;;;0.666667;
83393;29/09/2018;1200;0;;20.2;;
83393;30/09/2018;0000;;;;0.5;
83393;30/09/2018;1200;0;;20;;
83393;01/10/2018;0000;;;;1.333333;
83393;01/10/2018;1200;0;;19.4;;
83393;02/10/2018;0000;;;;2.033333;
83393;02/10/2018;1200;0;;19.8;;
83393;03/10/2018;0000;;;;0.833333;
83393;03/10/2018;1200;0;;20;;
83393;04/10/2018;0000;;;;0.666667;
83393;04/10/2018;1200;0;;20.6;;
83393;05/10/2018;0000;;;;1.333333;
83393;05/10/2018;1200;0;;20.8;;
83393;06/10/2018;0000;;;;1.9;
83393;06/10/2018;1200;0;;20;;
83393;07/10/2018;0000;;;;1;
83393;07/10/2018;1200;0;;19.6;;
83393;08/10/2018;0000;;;;2.066667;
83393;08/10/2018;1200;0;;19;;
83393;09/10/2018;0000;;;;1.866667;
83393;09/10/2018;1200;0;;21;;
83393;10/10/2018;0000;;;;1.866667;
83393;10/10/2018;1200;0;;19;;
83393;11/10/2018;0000;;;;1.166667;
83393;11/10/2018;1200;0;;18;;
83393;12/10/2018;0000;;;;1.533333;
83393;12/10/2018;1200;0;;18.6;;
83393;13/10/2018;0000;;;;0.333333;
83393;13/10/2018;1200;0;;19;;
83393;14/10/2018;0000;;;;0.5;
83393;14/10/2018;1200;0;;19.2;;
83393;15/10/2018;0000;;;;0.833333;
83393;15/10/2018;1200;0;;19.2;;
83393;16/10/2018;0000;;;;0.333333;
83393;16/10/2018;1200;13;;20.2;;
83393;17/10/2018;0000;;;;0.866667;
83393;17/10/2018;1200;0.2;;21.2;;
83393;18/10/2018;0000;;;;1.366667;
83393;18/10/2018;1200;0;;19.8;;
83393;19/10/2018;0000;;;;0.666667;
83393;19/10/2018;1200;0;;20.8;;
83393;20/10/2018;0000;;;;1.366667;
83393;20/10/2018;1200;5.1;;19.8;;
83393;21/10/2018;0000;;;;1.033333;
83393;21/10/2018;1200;4.1;;17;;
83393;22/10/2018;0000;;;;1.166667;
83393;22/10/2018;1200;15.2;;16.6;;
83393;23/10/2018;0000;;;;0.333333;
83393;23/10/2018;1200;0.3;;17.2;;
83393;24/10/2018;0000;;;;1.366667;
83393;24/10/2018;1200;0;;18.4;;
83393;25/10/2018;0000;;;;0.5;
83393;25/10/2018;1200;0;;21.4;;
83393;26/10/2018;0000;;;;0.333333;
83393;26/10/2018;1200;0.3;;21.2;;
83393;27/10/2018;0000;;;;0.833333;
83393;27/10/2018;1200;0;;22.8;;
83393;28/10/2018;0000;;;;1;
83393;28/10/2018;1200;6.4;;21.4;;
83393;29/10/2018;0000;;;;2.233333;
83393;29/10/2018;1200;8;;19.4;;
83393;30/10/2018;0000;;;;0.833333;
83393;30/10/2018;1200;2.4;;19.2;;
83393;31/10/2018;0000;;;;0.833333;
83393;31/10/2018;1200;5.9;;20;;
83393;01/11/2018;0000;;;;0.833333;
83393;01/11/2018;1200;0;;20.6;;
83393;02/11/2018;0000;;;;1;
83393;02/11/2018;1200;0.1;;20.8;;
83393;03/11/2018;0000;;;;0.833333;
83393;03/11/2018;1200;0;;19.8;;
83393;04/11/2018;0000;;;;0.333333;
83393;04/11/2018;1200;0;;21;;
83393;05/11/2018;0000;;;;0.866667;
83393;05/11/2018;1200;48.4;;20.4;;
83393;06/11/2018;0000;;;;1.366667;
83393;06/11/2018;1200;78;;17.2;;
83393;07/11/2018;0000;;;;2.6;
83393;07/11/2018;1200;0;;19.6;;
83393;08/11/2018;0000;;;;1.7;
83393;08/11/2018;1200;0;;19.6;;
83393;09/11/2018;0000;;;;1.166667;
83393;09/11/2018;1200;9.3;;16.8;;
83393;10/11/2018;0000;;;;0.666667;
83393;10/11/2018;1200;2.2;;18.8;;
83393;11/11/2018;0000;;;;1.166667;
83393;11/11/2018;1200;35.4;;18.8;;
83393;12/11/2018;0000;;;;0.5;
83393;12/11/2018;1200;24.2;;19.8;;
83393;13/11/2018;0000;;;;0.866667;
83393;13/11/2018;1200;0;;20.6;;
83393;14/11/2018;0000;;;;1.333333;
83393;14/11/2018;1200;0;;20.4;;
83393;15/11/2018;0000;;;;1.333333;
83393;15/11/2018;1200;0;;19.8;;
83393;16/11/2018;0000;;;;1.733333;
83393;16/11/2018;1200;0;;20.8;;
83393;17/11/2018;0000;;;;1.333333;
83393;17/11/2018;1200;0;;20.4;;
83393;18/11/2018;0000;;;;1;
83393;18/11/2018;1200;0;;19.4;;
83393;19/11/2018;0000;;;;1;
83393;19/11/2018;1200;0;;19.6;;
83393;20/11/2018;0000;;;;2.4;
83393;20/11/2018;1200;0;;19.4;;
83393;21/11/2018;0000;;;;1.866667;
83393;21/11/2018;1200;0;;20.6;;
83393;22/11/2018;0000;;;;2.066667;
83393;22/11/2018;1200;0;;20.6;;
83393;23/11/2018;0000;;;;1.166667;
83393;23/11/2018;1200;0;;19.2;;
83393;24/11/2018;0000;;;;0.833333;
83393;24/11/2018;1200;0;;18.4;;
83393;25/11/2018;0000;;;;1;
83393;25/11/2018;1200;0;;20.2;;
83393;26/11/2018;0000;;;;1.333333;
83393;26/11/2018;1200;1.1;;19.2;;
83393;27/11/2018;0000;;;;1;
83393;27/11/2018;1200;3.8;;17.4;;
83393;28/11/2018;0000;;;;0.833333;
83393;28/11/2018;1200;5.4;;18.2;;
83393;29/11/2018;0000;;;;1.333333;
83393;29/11/2018;1200;1.8;;18;;
83393;30/11/2018;0000;;;;0.5;
83393;30/11/2018;1200;0.3;;19.1;;
83393;01/12/2018;0000;;;;0.833333;
83393;01/12/2018;1200;0;;20.8;;
83393;02/12/2018;0000;;;;0.333333;
83393;02/12/2018;1200;24.3;;20.8;;
83393;03/12/2018;0000;;;;0;
83393;03/12/2018;1200;9.2;;21;;
83393;04/12/2018;0000;;;;0.17148;
83393;04/12/2018;1200;91.2;;20.2;;
83393;05/12/2018;0000;;;;0.5;
83393;05/12/2018;1200;8.8;;20;;
83393;06/12/2018;0000;;;;0.166667;
83393;06/12/2018;1200;1;;21.8;;
83393;07/12/2018;0000;;;;1;
83393;07/12/2018;1200;22;;20.2;;
83393;08/12/2018;0000;;;;1.166667;
83393;08/12/2018;1200;9;;19.2;;
83393;09/12/2018;0000;;;;1;
83393;09/12/2018;1200;22.3;;17.4;;
83393;10/12/2018;0000;;;;0.166667;
83393;10/12/2018;1200;4.4;;17.4;;
83393;11/12/2018;0000;;;;1.166667;
83393;11/12/2018;1200;1;;18.8;;
83393;12/12/2018;0000;;;;1;
83393;12/12/2018;1200;0.2;;20;;
83393;13/12/2018;0000;;;;1.333333;
83393;13/12/2018;1200;0;;22;;
83393;14/12/2018;0000;;;;1;
83393;14/12/2018;1200;0;;17.6;;
83393;15/12/2018;0000;;;;1;
83393;15/12/2018;1200;0;;20.8;;
83393;16/12/2018;0000;;;;1.7;
83393;16/12/2018;1200;0;;19.6;;
83393;17/12/2018;0000;;;;0.5;
83393;17/12/2018;1200;0;;19.4;;
83393;18/12/2018;0000;;;;0.333333;
83393;18/12/2018;1200;0;;19.6;;
83393;19/12/2018;0000;;;;0.333333;
83393;19/12/2018;1200;0;;19.2;;
83393;20/12/2018;0000;;;;0.5;
83393;20/12/2018;1200;0;;19.4;;
83393;21/12/2018;0000;;;;1;
83393;21/12/2018;1200;0;;18.8;;
83393;22/12/2018;0000;;;;1;
83393;22/12/2018;1200;0;;20.2;;
83393;24/12/2018;0000;;;;0.75;
83393;24/12/2018;1200;0;;18;;
83393;26/12/2018;0000;;;;1;
83393;26/12/2018;1200;0;;20;;
83393;27/12/2018;0000;;;;1.25;
83393;27/12/2018;1200;19;;20;;
83393;28/12/2018;0000;;;;0.75;
83393;28/12/2018;1200;32.6;;20.2;;
83393;29/12/2018;0000;;;;0.5;
83393;29/12/2018;1200;0.5;;20.6;;
83393;30/12/2018;0000;;;;0.25;
83393;30/12/2018;1200;12.2;;20.6;;
83393;31/12/2018;0000;;;;0.5;
83393;31/12/2018;1200;3.2;;20.4;;
83393;01/01/2019;0000;;;;1.25;
83393;01/01/2019;1200;0;;20.2;;
83393;02/01/2019;0000;;;;0.5;
83393;02/01/2019;1200;0;;20.2;;
83393;03/01/2019;0000;;;;1;
83393;03/01/2019;1200;0;;19.6;;
83393;04/01/2019;0000;;;;1;
83393;04/01/2019;1200;0;;18.2;;
83393;05/01/2019;0000;;;;0.5;
83393;05/01/2019;1200;0;;17.8;;
83393;07/01/2019;0000;;;;1;
83393;07/01/2019;1200;0;;19;;
83393;08/01/2019;0000;;;;0.75;
83393;08/01/2019;1200;0;;20.6;;
83393;09/01/2019;0000;;;;1;
83393;09/01/2019;1200;0;;18.2;;
83393;10/01/2019;0000;;;;1;
83393;10/01/2019;1200;0;;20.4;;
83393;11/01/2019;0000;;;;1;
83393;11/01/2019;1200;0;;20.6;;
83393;12/01/2019;0000;;;;0.5;
83393;12/01/2019;1200;0;;20;;
83393;13/01/2019;1200;0;;;;
83393;14/01/2019;0000;;;;1;
83393;14/01/2019;1200;0;;19.2;;
83393;15/01/2019;0000;;;;0.666667;
83393;15/01/2019;1200;0;;21.8;;
83393;16/01/2019;0000;;;;0.833333;
83393;16/01/2019;1200;0;;22.2;;
83393;17/01/2019;0000;;;;1.333333;
83393;17/01/2019;1200;0;;20.2;;
83393;18/01/2019;0000;;;;1.366667;
83393;18/01/2019;1200;0;;19.8;;
83393;19/01/2019;0000;;;;0.5;
83393;19/01/2019;1200;0;;20;;
83393;20/01/2019;0000;;;;0;
83393;20/01/2019;1200;0;;19;;
83393;21/01/2019;0000;;;;0.833333;
83393;21/01/2019;1200;0;;20.4;;
83393;22/01/2019;0000;;;;1;
83393;22/01/2019;1200;0;;20.4;;
83393;23/01/2019;0000;;;;1.166667;
83393;23/01/2019;1200;0;;19;;
83393;24/01/2019;0000;;;;0.833333;
83393;24/01/2019;1200;0;;20;;
83393;25/01/2019;0000;;;;0.833333;
83393;25/01/2019;1200;0;;20.8;;
83393;26/01/2019;0000;;;;1.166667;
83393;26/01/2019;1200;0;;22;;
83393;27/01/2019;0000;;;;1.733333;
83393;27/01/2019;1200;0;;19.8;;
83393;28/01/2019;0000;;;;2.4;
83393;28/01/2019;1200;0.3;;21.6;;
83393;29/01/2019;0000;;;;2.066667;
83393;29/01/2019;1200;0;;20;;
83393;30/01/2019;0000;;;;1.333333;
83393;30/01/2019;1200;0;;20;;
83393;31/01/2019;0000;;;;0.7;
83393;31/01/2019;1200;0;;20.2;;
83393;01/02/2019;0000;;;;1.2;
83393;01/02/2019;1200;0;;20.4;;
83393;02/02/2019;0000;;;;0.333333;
83393;02/02/2019;1200;0;;19.8;;
83393;03/02/2019;0000;;;;0.333333;
83393;03/02/2019;1200;0;;22;;
83393;04/02/2019;0000;;;;0.666667;
83393;04/02/2019;1200;0;;23.4;;
83393;05/02/2019;0000;;;;1.166667;
83393;05/02/2019;1200;0;;23.2;;
83393;06/02/2019;0000;;;;0.333333;
83393;06/02/2019;1200;0;;21.4;;
83393;07/02/2019;0000;;;;1;
83393;07/02/2019;1200;0;;22.4;;
83393;08/02/2019;0000;;;;0.5;
83393;08/02/2019;1200;2.1;;21.2;;
83393;09/02/2019;0000;;;;0.5;
83393;09/02/2019;1200;0;;20.8;;
83393;10/02/2019;0000;;;;1;
83393;10/02/2019;1200;0;;22;;
83393;11/02/2019;0000;;;;1.866667;
83393;11/02/2019;1200;0;;21;;
83393;12/02/2019;0000;;;;0.333333;
83393;12/02/2019;1200;0;;21.4;;
83393;13/02/2019;0000;;;;0.833333;
83393;13/02/2019;1200;0;;20;;
83393;14/02/2019;0000;;;;2.033333;
83393;14/02/2019;1200;0;;23;;
83393;15/02/2019;0000;;;;1.166667;
83393;15/02/2019;1200;0;;22.2;;
83393;16/02/2019;0000;;;;0.666667;
83393;16/02/2019;1200;29.5;;22.4;;
83393;17/02/2019;0000;;;;0.833333;
83393;17/02/2019;1200;60.8;;21;;
83393;18/02/2019;0000;;;;1;
83393;18/02/2019;1200;17.1;;21;;
83393;19/02/2019;0000;;;;0.666667;
83393;19/02/2019;1200;0;;22;;
83393;20/02/2019;0000;;;;0.333333;
83393;20/02/2019;1200;0;;23;;
83393;21/02/2019;0000;;;;0.333333;
83393;21/02/2019;1200;0;;20.4;;
83393;22/02/2019;0000;;;;1.333333;
83393;22/02/2019;1200;0;;21.2;;
83393;23/02/2019;0000;;;;0.166667;
83393;23/02/2019;1200;0;;22;;
83393;24/02/2019;0000;;;;1;
83393;24/02/2019;1200;0;;22.6;;
83393;25/02/2019;0000;;;;1.166667;
83393;25/02/2019;1200;0;;21.6;;
83393;26/02/2019;0000;;;;0.666667;
83393;26/02/2019;1200;0;;21.4;;
83393;27/02/2019;0000;;;;0.333333;
83393;27/02/2019;1200;0;;22.8;;
83393;28/02/2019;0000;;;;1.533333;
83393;28/02/2019;1200;0;;21.2;;
83393;01/03/2019;0000;;;;0.666667;
83393;01/03/2019;1200;0;;21.8;;
83393;02/03/2019;0000;;;;0.833333;
83393;02/03/2019;1200;0;;21.2;;
83393;03/03/2019;0000;;;;1.033333;
83393;03/03/2019;1200;0;;21;;
83393;04/03/2019;0000;;;;0.333333;
83393;04/03/2019;1200;0;;20.2;;
83393;05/03/2019;0000;;;;0.833333;
83393;05/03/2019;1200;0;;21.8;;
83393;06/03/2019;0000;;;;0.5;
83393;06/03/2019;1200;0;;21;;
83393;07/03/2019;0000;;;;1.2;
83393;07/03/2019;1200;0;;21.4;;
83393;08/03/2019;0000;;;;1.7;
83393;08/03/2019;1200;0;;21;;
83393;09/03/2019;0000;;;;0.833333;
83393;09/03/2019;1200;0;;22;;
83393;10/03/2019;0000;;;;0.666667;
83393;10/03/2019;1200;0;;22.6;;
83393;11/03/2019;0000;;;;1.366667;
83393;11/03/2019;1200;0;;20.2;;
83393;12/03/2019;0000;;;;1;
83393;12/03/2019;1200;0;;21.5;;
83393;13/03/2019;0000;;;;1.5;
83393;13/03/2019;1200;0;;20.2;;
83393;14/03/2019;0000;;;;1;
83393;14/03/2019;1200;0;;21.4;;
83393;15/03/2019;0000;;;;1;
83393;15/03/2019;1200;0;;21.8;;
83393;16/03/2019;0000;;;;0.833333;
83393;16/03/2019;1200;0;;22.4;;
83393;17/03/2019;0000;;;;0.5;
83393;17/03/2019;1200;0;;19.4;;
83393;18/03/2019;0000;;;;0.833333;
83393;18/03/2019;1200;0;;21.6;;
83393;19/03/2019;0000;;;;0.833333;
83393;19/03/2019;1200;0;;23.2;;
83393;20/03/2019;0000;;;;0.5;
83393;20/03/2019;1200;4;;22.2;;
83393;21/03/2019;0000;;;;1.166667;
83393;21/03/2019;1200;2;;21.8;;
83393;22/03/2019;0000;;;;1.2;
83393;22/03/2019;1200;12.8;;21.8;;
83393;23/03/2019;0000;;;;0.833333;
83393;23/03/2019;1200;0;;20.8;;
83393;24/03/2019;0000;;;;0.166667;
83393;24/03/2019;1200;0;;21.2;;
83393;25/03/2019;0000;;;;1.166667;
83393;25/03/2019;1200;0;;19.4;;
83393;26/03/2019;0000;;;;1.4;
83393;26/03/2019;1200;0;;21.8;;
83393;27/03/2019;0000;;;;1;
83393;27/03/2019;1200;35.8;;20.8;;
83393;28/03/2019;0000;;;;1;
83393;28/03/2019;1200;1.8;;20;;
83393;29/03/2019;0000;;;;0.833333;
83393;29/03/2019;1200;0;;20.6;;
83393;30/03/2019;0000;;;;0.333333;
83393;30/03/2019;1200;22.9;;19;;

		
	
[Fechar] <#>
	
		

