--------------------
BDMEP - INMET
--------------------
Estação           : PIRAPORA - MG (OMM: 83483)
Latitude  (graus) : -17.35
Longitude (graus) : -44.91
Altitude  (metros): 505.24
Estação Operante
Inicio de operação: 23/12/1912
Periodo solicitado dos dados: 01/01/2018 a 30/03/2019
Os dados listados abaixo são os que encontram-se digitados no BDMEP
Hora em UTC
--------------------
Obs.: Os dados aparecem separados por ; (ponto e vírgula) no formato txt.
      Para o formato planilha XLS, siga as instruções <http://www.inmet.gov.br/projetos/rede/pesquisa/instrucao.html>
--------------------
Estacao;Data;Hora;Precipitacao;TempMaxima;TempMinima;Velocidade do Vento Media;
83483;02/01/2018;1200;0;;22.5;;
83483;03/01/2018;1200;0;;23.1;;
83483;04/01/2018;1200;53;;21.7;;
83483;05/01/2018;1200;5;;21.8;;
83483;31/01/2018;1200;0.2;;23.3;;
83483;01/02/2018;1200;11.3;;21.6;;
83483;02/02/2018;1200;3.9;;21.9;;
83483;03/02/2018;0000;;;;0;
83483;03/02/2018;1200;10.6;;20.3;;
83483;04/02/2018;1200;60.3;;20.7;;
83483;05/02/2018;1200;54.1;;20.7;;
83483;06/02/2018;1200;2.4;;21.3;;
83483;07/02/2018;1200;26.4;;20.2;;
83483;08/02/2018;1200;0;;21.1;;
83483;09/02/2018;1200;0;;22.9;;
83483;10/02/2018;1200;0;;22.5;;
83483;06/06/2018;1200;;;21.6;;
83483;07/06/2018;1200;0;;16.7;;
83483;08/06/2018;0000;;;;0;
83483;08/06/2018;1200;0;;17.5;;
83483;09/06/2018;1200;0;;17.9;;
83483;10/06/2018;1200;0;;19.9;;
83483;11/06/2018;1200;0;;16.7;;
83483;12/06/2018;1200;0;;16.3;;
83483;13/06/2018;1200;0;;16.9;;
83483;14/06/2018;1200;0;;16;;
83483;15/06/2018;1200;0;;15.2;;
83483;16/06/2018;0000;;;;0;
83483;16/06/2018;1200;0;;13;;
83483;17/06/2018;1200;0;;13.5;;
83483;18/06/2018;1200;0;;13.7;;
83483;19/06/2018;1200;0;;13.1;;
83483;20/06/2018;1200;0;;17.5;;
83483;21/06/2018;1200;0;;15.1;;
83483;22/06/2018;1200;0;;14.7;;
83483;23/06/2018;1200;0;;18.1;;
83483;24/06/2018;1200;0;;16.8;;
83483;25/06/2018;1200;0;;18.5;;
83483;26/06/2018;1200;0;;20.4;;
83483;27/06/2018;1200;0;;15.1;;
83483;28/06/2018;1200;0;;13.5;;
83483;29/06/2018;1200;0;;12.9;;
83483;30/06/2018;1200;0;;13.2;;
83483;01/07/2018;1200;0;;15.9;;
83483;02/07/2018;0000;;;;0;
83483;02/07/2018;1200;0;;12.9;;
83483;03/07/2018;1200;0;;13.5;;
83483;04/07/2018;1200;0;;13.7;;
83483;05/07/2018;1200;0;;14;;
83483;06/07/2018;1200;0;;11.4;;
83483;07/07/2018;1200;0;;12.2;;
83483;08/07/2018;1200;;;12.3;;
83483;09/07/2018;1200;0;;13.7;;
83483;10/07/2018;1200;0;;15.7;;
83483;11/07/2018;1200;0;;16.3;;
83483;12/07/2018;1200;0;;15.5;;
83483;13/07/2018;1200;0;;15.5;;
83483;14/07/2018;1200;0;;14.5;;
83483;15/07/2018;1200;0;;14.8;;
83483;16/07/2018;1200;0;;13.2;;
83483;17/07/2018;1200;0;;14.4;;
83483;18/07/2018;1200;0;;20.2;;
83483;19/07/2018;1200;0;;13.5;;
83483;20/07/2018;1200;0;;13.7;;
83483;21/07/2018;1200;0;;15;;
83483;22/07/2018;1200;0;;14;;
83483;23/07/2018;1200;0;;14.1;;
83483;24/07/2018;1200;0;;14.1;;
83483;25/07/2018;1200;0;;12.9;;
83483;26/07/2018;1200;0;;12.8;;
83483;27/07/2018;1200;0;;12.3;;
83483;28/07/2018;1200;0;;13.6;;
83483;29/07/2018;1200;0;;13.1;;
83483;30/07/2018;1200;0;;13.3;;
83483;31/07/2018;1200;0;;13.5;;
83483;01/08/2018;1200;0;;15.1;;
83483;02/08/2018;1200;0;;16.7;;
83483;03/08/2018;1200;0;;18.9;;
83483;04/08/2018;1200;0;;17.9;;
83483;05/08/2018;1200;0;;16.1;;
83483;06/08/2018;1200;0;;18.7;;
83483;07/08/2018;1200;0;;20.2;;
83483;08/08/2018;1200;0;;19;;
83483;09/08/2018;1200;2.3;;19.7;;
83483;10/08/2018;1200;0;;18.1;;
83483;11/08/2018;1200;0;;17.3;;
83483;12/08/2018;1200;;;13;;
83483;13/08/2018;1200;0;;10.7;;
83483;14/08/2018;1200;0;;13.1;;
83483;15/08/2018;1200;0;;14;;
83483;16/08/2018;1200;0;;17.5;;
83483;17/08/2018;1200;5.9;;18.5;;
83483;18/08/2018;1200;1;;16.9;;
83483;19/08/2018;1200;0;;15.1;;
83483;20/08/2018;1200;0;;15.7;;
83483;21/08/2018;1200;0;;14.5;;
83483;22/08/2018;1200;0;;16.5;;
83483;23/08/2018;1200;0;;15.9;;
83483;24/08/2018;1200;0;;16.9;;
83483;25/08/2018;1200;0;;17.6;;
83483;26/08/2018;1200;;;18.5;;
83483;27/08/2018;1200;0;;20.3;;
83483;28/08/2018;1200;0;;19.3;;
83483;29/08/2018;1200;0;;17.4;;
83483;30/08/2018;1200;0;;16.9;;
83483;31/08/2018;1200;0;;16.7;;
83483;01/09/2018;1200;0;;15.8;;
83483;02/09/2018;1200;0;;17;;
83483;03/09/2018;1200;0;;17.7;;
83483;04/09/2018;1200;0;;21.5;;
83483;05/09/2018;1200;0;;15.2;;
83483;06/09/2018;1200;0;;15.9;;
83483;07/09/2018;1200;;;20;;
83483;10/09/2018;1200;0;;13.9;;
83483;11/09/2018;1200;0;;16.5;;
83483;12/09/2018;1200;0;;20;;
83483;13/09/2018;1200;0;;20.7;;
83483;14/09/2018;1200;0;;20;;
83483;15/09/2018;1200;0;;21.5;;
83483;16/09/2018;1200;0;;20.2;;
83483;17/09/2018;1200;0;;22.5;;
83483;18/09/2018;1200;0.6;;20.3;;
83483;19/09/2018;1200;1;;22.6;;
83483;20/09/2018;1200;0;;21.2;;
83483;21/09/2018;1200;0.8;;21.1;;
83483;22/09/2018;1200;0;;19.1;;
83483;23/09/2018;1200;;;15.9;;
83483;24/09/2018;1200;0;;21;;
83483;25/09/2018;1200;0;;21.3;;
83483;26/09/2018;1200;0;;23.3;;
83483;27/09/2018;1200;0;;22.9;;
83483;28/09/2018;1200;0;;20.9;;
83483;29/09/2018;1200;0;;20.7;;
83483;30/09/2018;1200;;;24.3;;
83483;01/10/2018;1200;1.9;;22.7;;
83483;02/10/2018;1200;0;;24.1;;
83483;03/10/2018;1200;0;;22.9;;
83483;04/10/2018;1200;0;;24.1;;
83483;05/10/2018;1200;0;;24.7;;
83483;06/10/2018;1200;1;;24.5;;
83483;07/10/2018;1200;0;;21.9;;
83483;08/10/2018;1200;0;;23.9;;
83483;09/10/2018;1200;0;;23.5;;
83483;10/10/2018;1200;0;;25.3;;
83483;11/10/2018;1200;0;;25.4;;
83483;12/10/2018;1200;;;26.9;;
83483;13/10/2018;1200;0;;24.7;;
83483;14/10/2018;1200;0;;26;;
83483;15/10/2018;1200;4.4;;24.5;;
83483;16/10/2018;1200;28.1;;22.1;;
83483;17/10/2018;1200;4.8;;22.1;;
83483;18/10/2018;1200;0;;25.7;;
83483;19/10/2018;1200;0;;24.3;;
83483;20/10/2018;1200;0;;25.6;;
83483;21/10/2018;1200;0;;21.2;;
83483;22/10/2018;1200;0;;19.4;;
83483;23/10/2018;1200;0;;21.6;;
83483;24/10/2018;1200;0;;23.1;;
83483;25/10/2018;1200;32.4;;20.3;;
83483;26/10/2018;1200;0;;22;;
83483;27/10/2018;1200;0;;22.6;;
83483;28/10/2018;1200;9.4;;22.5;;
83483;29/10/2018;1200;0;;22.7;;
83483;30/10/2018;1200;18.9;;21.7;;
83483;31/10/2018;1200;0;;22.9;;
83483;01/11/2018;1200;0;;22.9;;
83483;02/11/2018;1200;30.4;;20.9;;
83483;03/11/2018;1200;0.4;;22.5;;
83483;04/11/2018;1200;14;;21.3;;
83483;05/11/2018;1200;14;;21.3;;
83483;06/11/2018;1200;0.1;;22.5;;
83483;07/11/2018;1200;0.5;;22.7;;
83483;08/11/2018;1200;1.8;;21.7;;
83483;09/11/2018;1200;33.2;;19.2;;
83483;10/11/2018;1200;30.4;;19.7;;
83483;11/11/2018;1200;10;;19.6;;
83483;12/11/2018;1200;85;;21.1;;
83483;13/11/2018;1200;0;;22.3;;
83483;14/11/2018;1200;0;;22.7;;
83483;15/11/2018;1200;0;;23.4;;
83483;16/11/2018;1200;4.4;;23.3;;
83483;17/11/2018;1200;9.8;;21.8;;
83483;18/11/2018;1200;0;;23.7;;
83483;19/11/2018;1200;0;;23.3;;
83483;20/11/2018;1200;0.7;;22.9;;
83483;21/11/2018;1200;0.4;;21.5;;
83483;22/11/2018;1200;0;;22.1;;
83483;23/11/2018;1200;0;;22.6;;
83483;24/11/2018;1200;0.1;;23.1;;
83483;25/11/2018;1200;46.6;;20.3;;
83483;26/11/2018;1200;8.3;;19.7;;
83483;27/11/2018;1200;0;;19.3;;
83483;28/11/2018;1200;0;;19.6;;
83483;29/11/2018;1200;0;;18.9;;
83483;30/11/2018;1200;0;;20.7;;
83483;01/12/2018;1200;0.6;;22.9;;
83483;02/12/2018;1200;61.4;;21.8;;
83483;03/12/2018;1200;28.4;;20.9;;
83483;04/12/2018;1200;78.2;;21.1;;
83483;05/12/2018;1200;0;;21.5;;
83483;06/12/2018;1200;0;;21.5;;
83483;07/12/2018;1200;0;;23.2;;
83483;08/12/2018;1200;11.2;;21.7;;
83483;09/12/2018;1200;7;;19.3;;
83483;10/12/2018;1200;0;;18.5;;
83483;11/12/2018;1200;0;;19;;
83483;12/12/2018;1200;0;;21.1;;
83483;13/12/2018;1200;0;;18.9;;
83483;14/12/2018;1200;0;;19.5;;
83483;15/12/2018;1200;0;;19.9;;
83483;16/12/2018;1200;;;21.4;;
83483;17/12/2018;1200;0;;21.1;;
83483;18/12/2018;1200;0;;22.3;;
83483;19/12/2018;1200;0;;20.8;;
83483;20/12/2018;1200;0.5;;22.3;;
83483;21/12/2018;1200;0;;21.1;;
83483;22/12/2018;1200;0;;24.1;;
83483;23/12/2018;1200;0;;21.7;;
83483;24/12/2018;1200;0;;23.1;;
83483;25/12/2018;1200;0;;22.1;;
83483;26/12/2018;1200;1.8;;22.2;;
83483;27/12/2018;1200;51.5;;21.1;;
83483;28/12/2018;1200;58.5;;20.9;;
83483;29/12/2018;1200;38;;20.3;;
83483;30/12/2018;1200;0;;20.5;;
83483;08/02/2019;1200;31;;20.1;;
83483;09/02/2019;1200;2.8;;22.7;;
83483;11/02/2019;1200;8.8;;21.9;;
83483;12/02/2019;1200;0;;20.7;;
83483;13/02/2019;1200;0;;21.1;;
83483;14/02/2019;1200;0;;20.7;;
83483;15/02/2019;1200;0;;23.9;;
83483;16/02/2019;1200;2;;22.3;;
83483;17/02/2019;1200;28.4;;21.7;;
83483;18/02/2019;1200;34;;21.3;;
83483;19/02/2019;1200;16.2;;21.1;;
83483;20/02/2019;1200;0.7;;23.5;;
83483;21/02/2019;1200;0.2;;23.3;;
83483;22/02/2019;1200;0;;22.3;;
83483;23/02/2019;1200;0;;22.5;;
83483;25/02/2019;1200;0;;22.9;;
83483;26/02/2019;1200;0;;23.1;;
83483;27/02/2019;1200;0;;20.9;;
83483;28/02/2019;1200;1.3;;22.7;;
83483;01/03/2019;1200;3.4;;21.9;;
83483;02/03/2019;1200;36.1;;20.7;;
83483;03/03/2019;1200;0;;;;
83483;04/03/2019;1200;;;21.5;;
83483;06/03/2019;1200;0;;21.1;;
83483;07/03/2019;1200;2.3;;20.5;;
83483;08/03/2019;1200;0;;21.3;;
83483;09/03/2019;1200;2;;22.9;;
83483;10/03/2019;1200;0;;22.5;;
83483;11/03/2019;1200;22;;21.2;;
83483;12/03/2019;1200;0.4;;21.5;;
83483;13/03/2019;1200;0.1;;22.5;;
83483;14/03/2019;1200;0;;22.9;;
83483;15/03/2019;1200;0;;22.3;;
83483;16/03/2019;1200;0;;23.2;;
83483;17/03/2019;1200;1.4;;23.1;;
83483;18/03/2019;1200;0;;23.3;;
83483;19/03/2019;1200;0;;23.1;;
83483;20/03/2019;1200;0;;23.1;;
83483;21/03/2019;1200;5.7;;22.3;;
83483;22/03/2019;1200;2.2;;22.9;;
83483;23/03/2019;1200;4.5;;21.8;;
83483;24/03/2019;1200;0;;22.3;;
83483;25/03/2019;1200;0.6;;22.2;;
83483;26/03/2019;1200;0;;24.1;;
83483;27/03/2019;1200;23.8;;20.7;;
83483;28/03/2019;1200;1.3;;22.6;;
83483;29/03/2019;1200;0;;21.7;;
83483;30/03/2019;1200;0;;19.5;;

		
	
[Fechar] <#>
	
		

