--------------------
BDMEP - INMET
--------------------
Estação           : SAO MATEUS - ES (OMM: 83550)
Latitude  (graus) : -18.7
Longitude (graus) : -39.85
Altitude  (metros): 25.04
Estação Operante
Inicio de operação: 26/06/1969
Periodo solicitado dos dados: 01/01/2018 a 30/03/2019
Os dados listados abaixo são os que encontram-se digitados no BDMEP
Hora em UTC
--------------------
Obs.: Os dados aparecem separados por ; (ponto e vírgula) no formato txt.
      Para o formato planilha XLS, siga as instruções <http://www.inmet.gov.br/projetos/rede/pesquisa/instrucao.html>
--------------------
Estacao;Data;Hora;Precipitacao;TempMaxima;TempMinima;Velocidade do Vento Media;
83550;01/01/2018;0000;;33;;;
83550;01/01/2018;1200;0;;24;;
83550;02/01/2018;0000;;33.8;;;
83550;02/01/2018;1200;1.7;;23.2;;
83550;03/01/2018;0000;;33.3;;;
83550;03/01/2018;1200;0;;22.8;;
83550;04/01/2018;0000;;35.8;;;
83550;04/01/2018;1200;1.6;;23.3;;
83550;05/01/2018;0000;;33.9;;;
83550;05/01/2018;1200;0;;24.2;;
83550;06/01/2018;0000;;34.9;;;
83550;06/01/2018;1200;3.9;;23.7;;
83550;07/01/2018;0000;;32.6;;;
83550;07/01/2018;1200;9.8;;22.8;;
83550;08/01/2018;0000;;32.6;;;
83550;08/01/2018;1200;0;;22.2;;
83550;09/01/2018;0000;;32.8;;;
83550;09/01/2018;1200;0.2;;23.9;;
83550;10/01/2018;0000;;32.5;;;
83550;10/01/2018;1200;3.9;;24.2;;
83550;11/01/2018;0000;;31.9;;;
83550;11/01/2018;1200;5;;22.3;;
83550;12/01/2018;0000;;32.4;;;
83550;12/01/2018;1200;6;;21.9;;
83550;13/01/2018;0000;;32;;;
83550;13/01/2018;1200;2;;22.4;;
83550;14/01/2018;0000;;30.8;;;
83550;14/01/2018;1200;1.6;;23.3;;
83550;15/01/2018;0000;;32.7;;;
83550;15/01/2018;1200;0;;22.8;;
83550;16/01/2018;0000;;32.4;;;
83550;16/01/2018;1200;0;;22.6;;
83550;17/01/2018;0000;;33.5;;;
83550;17/01/2018;1200;0.5;;22.7;;
83550;18/01/2018;0000;;33.5;;;
83550;18/01/2018;1200;0;;22.4;;
83550;19/01/2018;0000;;34;;;
83550;19/01/2018;1200;0;;21.9;;
83550;20/01/2018;0000;;33.7;;;
83550;20/01/2018;1200;0.1;;21.3;;
83550;21/01/2018;0000;;33.7;;;
83550;21/01/2018;1200;0;;21.2;;
83550;22/01/2018;0000;;34;;;
83550;22/01/2018;1200;0;;22.4;;
83550;23/01/2018;0000;;33.7;;;
83550;23/01/2018;1200;0.3;;22.8;;
83550;24/01/2018;0000;;32.8;;;
83550;24/01/2018;1200;0.8;;22.1;;
83550;25/01/2018;0000;;32;;;
83550;25/01/2018;1200;0.6;;22;;
83550;26/01/2018;0000;;33;;;
83550;26/01/2018;1200;0;;22.4;;
83550;27/01/2018;0000;;33.7;;;
83550;27/01/2018;1200;0;;22.3;;
83550;28/01/2018;0000;;34.6;;;
83550;28/01/2018;1200;0;;23.4;;
83550;29/01/2018;0000;;33.1;;;
83550;29/01/2018;1200;0;;23.2;;
83550;30/01/2018;0000;;34.1;;;
83550;30/01/2018;1200;0;;22.8;;
83550;31/01/2018;0000;;33;;;
83550;31/01/2018;1200;7.1;;23.4;;
83550;01/02/2018;0000;;29.5;;;
83550;01/02/2018;1200;13.8;;22.4;;
83550;02/02/2018;0000;;29.5;;;
83550;02/02/2018;1200;27;;22;;
83550;03/02/2018;0000;;31;;;
83550;03/02/2018;1200;42.4;;21.9;;
83550;04/02/2018;0000;;28.8;;;
83550;04/02/2018;1200;34.7;;21.8;;
83550;05/02/2018;0000;;27.8;;;
83550;05/02/2018;1200;8.8;;22.5;;
83550;06/02/2018;0000;;29.8;;;
83550;06/02/2018;1200;1.7;;23.2;;
83550;07/02/2018;0000;;30.7;;;
83550;07/02/2018;1200;3.2;;23;;
83550;08/02/2018;0000;;31.8;;;
83550;08/02/2018;1200;47.7;;21.4;;
83550;09/02/2018;0000;;31;;;
83550;09/02/2018;1200;0.9;;24.5;;
83550;10/02/2018;0000;;30.1;;;
83550;10/02/2018;1200;1;;24.2;;
83550;11/02/2018;0000;;31.1;;;
83550;11/02/2018;1200;0.8;;22.2;;
83550;12/02/2018;0000;;32.2;;;
83550;12/02/2018;1200;0;;22.8;;
83550;13/02/2018;0000;;32.2;;;
83550;13/02/2018;1200;0;;23.7;;
83550;14/02/2018;0000;;32.7;;;
83550;14/02/2018;1200;0;;23.3;;
83550;15/02/2018;0000;;31.1;;;
83550;15/02/2018;1200;4.7;;22.4;;
83550;16/02/2018;0000;;31.2;;;
83550;16/02/2018;1200;0;;21.9;;
83550;17/02/2018;0000;;31.6;;;
83550;17/02/2018;1200;0.4;;23;;
83550;18/02/2018;0000;;31.8;;;
83550;18/02/2018;1200;0.2;;22.8;;
83550;19/02/2018;0000;;32;;;
83550;19/02/2018;1200;0;;22.3;;
83550;20/02/2018;0000;;32;;;
83550;20/02/2018;1200;0;;23.3;;
83550;21/02/2018;0000;;33.5;;;
83550;21/02/2018;1200;0;;22.9;;
83550;22/02/2018;0000;;33;;;
83550;22/02/2018;1200;0;;23.1;;
83550;23/02/2018;0000;;32.7;;;
83550;23/02/2018;1200;0;;24;;
83550;24/02/2018;0000;;34.5;;;
83550;24/02/2018;1200;4;;23.7;;
83550;25/02/2018;0000;;30.7;;;
83550;25/02/2018;1200;0;;23.6;;
83550;26/02/2018;0000;;28.6;;;
83550;26/02/2018;1200;13.9;;22.6;;
83550;27/02/2018;0000;;31.6;;;
83550;27/02/2018;1200;0;;22.2;;
83550;28/02/2018;0000;;32.4;;;
83550;28/02/2018;1200;0;;21.3;;
83550;01/03/2018;0000;;33.5;;;
83550;01/03/2018;1200;0;;22.9;;
83550;02/03/2018;0000;;33.1;;;
83550;02/03/2018;1200;0;;23.2;;
83550;03/03/2018;0000;;33.6;;;
83550;03/03/2018;1200;0;;22.9;;
83550;04/03/2018;0000;;32.8;;;
83550;04/03/2018;1200;0;;23.2;;
83550;05/03/2018;0000;;33.5;;;
83550;05/03/2018;1200;0;;23.9;;
83550;06/03/2018;0000;;35.5;;;
83550;06/03/2018;1200;0;;23.8;;
83550;07/03/2018;0000;;34.5;;;
83550;07/03/2018;1200;0;;24.9;;
83550;08/03/2018;0000;;33.7;;;
83550;08/03/2018;1200;0;;22.9;;
83550;09/03/2018;0000;;32.7;;;
83550;09/03/2018;1200;0;;23.3;;
83550;10/03/2018;0000;;32.1;;;
83550;10/03/2018;1200;19.6;;23.2;;
83550;11/03/2018;0000;;32.8;;;
83550;11/03/2018;1200;10;;23.4;;
83550;12/03/2018;0000;;32.8;;;
83550;12/03/2018;1200;29.3;;23.1;;
83550;13/03/2018;0000;;34.9;;;
83550;13/03/2018;1200;0;;22.9;;
83550;14/03/2018;0000;;34;;;
83550;14/03/2018;1200;0;;24.3;;
83550;15/03/2018;0000;;33.5;;;
83550;15/03/2018;1200;0;;24.9;;
83550;16/03/2018;0000;;33.8;;;
83550;16/03/2018;1200;0;;23.4;;
83550;17/03/2018;0000;;33.5;;;
83550;17/03/2018;1200;0;;22.9;;
83550;18/03/2018;0000;;31.8;;;
83550;18/03/2018;1200;4.3;;22.9;;
83550;19/03/2018;0000;;33;;;
83550;19/03/2018;1200;0;;23.1;;
83550;20/03/2018;0000;;33;;;
83550;20/03/2018;1200;0;;22.9;;
83550;21/03/2018;0000;;32.6;;;
83550;21/03/2018;1200;0;;23.2;;
83550;22/03/2018;0000;;30.9;;;
83550;22/03/2018;1200;0;;24.3;;
83550;23/03/2018;0000;;31.1;;;
83550;23/03/2018;1200;8.4;;23.3;;
83550;24/03/2018;0000;;31.1;;;
83550;24/03/2018;1200;2;;21.9;;
83550;25/03/2018;0000;;31.7;;;
83550;25/03/2018;1200;0.7;;22.2;;
83550;26/03/2018;0000;;32;;;
83550;26/03/2018;1200;0;;22.7;;
83550;27/03/2018;0000;;31.6;;;
83550;27/03/2018;1200;0.1;;22.5;;
83550;28/03/2018;0000;;30.9;;;
83550;28/03/2018;1200;11.6;;22.2;;
83550;29/03/2018;0000;;30.6;;;
83550;29/03/2018;1200;1.8;;22.4;;
83550;30/03/2018;0000;;30.6;;;
83550;30/03/2018;1200;2.4;;22.3;;
83550;31/03/2018;0000;;31.8;;;
83550;31/03/2018;1200;0;;22;;
83550;01/04/2018;0000;;32.3;;;
83550;01/04/2018;1200;1;;21.9;;
83550;02/04/2018;0000;;33.1;;;
83550;02/04/2018;1200;0;;22.2;;
83550;03/04/2018;0000;;33.2;;;
83550;03/04/2018;1200;0;;22.1;;
83550;04/04/2018;0000;;34;;;
83550;04/04/2018;1200;0;;21.9;;
83550;05/04/2018;0000;;33.7;;;
83550;05/04/2018;1200;0;;23.6;;
83550;06/04/2018;0000;;33.5;;;
83550;06/04/2018;1200;0;;24.1;;
83550;07/04/2018;0000;;31.7;;;
83550;07/04/2018;1200;0;;22.9;;
83550;08/04/2018;0000;;32;;;
83550;08/04/2018;1200;6.7;;22.8;;
83550;09/04/2018;0000;;30;;;
83550;09/04/2018;1200;65.2;;22;;
83550;10/04/2018;0000;;29.4;;;
83550;10/04/2018;1200;9.8;;21;;
83550;11/04/2018;0000;;29.6;;;
83550;11/04/2018;1200;15.6;;21.3;;
83550;12/04/2018;0000;;28.5;;;
83550;12/04/2018;1200;7;;21.8;;
83550;13/04/2018;0000;;29.8;;;
83550;13/04/2018;1200;14.8;;22.1;;
83550;14/04/2018;0000;;31.8;;;
83550;14/04/2018;1200;0.2;;22.8;;
83550;15/04/2018;0000;;30.4;;;
83550;15/04/2018;1200;6.3;;22.3;;
83550;16/04/2018;0000;;30.4;;;
83550;16/04/2018;1200;1.8;;21.4;;
83550;17/04/2018;0000;;28.7;;;
83550;17/04/2018;1200;27.3;;21.5;;
83550;18/04/2018;0000;;28;;;
83550;18/04/2018;1200;0.7;;20;;
83550;19/04/2018;0000;;28.7;;;
83550;19/04/2018;1200;2.4;;20.1;;
83550;20/04/2018;0000;;29.5;;;
83550;20/04/2018;1200;0;;19.3;;
83550;21/04/2018;0000;;30.1;;;
83550;21/04/2018;1200;0;;18.3;;
83550;22/04/2018;0000;;29.9;;;
83550;22/04/2018;1200;0;;19.1;;
83550;23/04/2018;0000;;30.9;;;
83550;23/04/2018;1200;0;;21.4;;
83550;24/04/2018;0000;;29.7;;;
83550;24/04/2018;1200;0.8;;22;;
83550;25/04/2018;0000;;29;;;
83550;25/04/2018;1200;7.9;;21.9;;
83550;26/04/2018;0000;;30.8;;;
83550;26/04/2018;1200;6.3;;21.3;;
83550;27/04/2018;0000;;28.5;;;
83550;27/04/2018;1200;3.4;;21.9;;
83550;28/04/2018;0000;;28.6;;;
83550;28/04/2018;1200;0;;20.7;;
83550;29/04/2018;0000;;29.3;;;
83550;29/04/2018;1200;4;;20.2;;
83550;30/04/2018;0000;;30.1;;;
83550;30/04/2018;1200;0;;19.4;;
83550;01/05/2018;0000;;31.5;;;
83550;01/05/2018;1200;0;;20.2;;
83550;02/05/2018;0000;;31.6;;;
83550;02/05/2018;1200;0;;20.7;;
83550;03/05/2018;0000;;31.2;;;
83550;03/05/2018;1200;0;;19.7;;
83550;04/05/2018;0000;;31.1;;;
83550;04/05/2018;1200;0.1;;18.9;;
83550;05/05/2018;0000;;31;;;
83550;05/05/2018;1200;0;;22.6;;
83550;06/05/2018;0000;;30.9;;;
83550;06/05/2018;1200;0;;21.5;;
83550;07/05/2018;0000;;30.6;;;
83550;07/05/2018;1200;0;;19.9;;
83550;08/05/2018;0000;;28.6;;;
83550;08/05/2018;1200;0;;20;;
83550;09/05/2018;0000;;28;;;
83550;09/05/2018;1200;10.5;;20.7;;
83550;10/05/2018;0000;;27.9;;;
83550;10/05/2018;1200;22.4;;19;;
83550;11/05/2018;0000;;29.6;;;
83550;11/05/2018;1200;0;;18.5;;
83550;12/05/2018;0000;;30;;;
83550;12/05/2018;1200;0;;19.4;;
83550;13/05/2018;0000;;30.7;;;
83550;13/05/2018;1200;0;;21.8;;
83550;14/05/2018;0000;;29.5;;;
83550;14/05/2018;1200;8.1;;21.4;;
83550;15/05/2018;0000;;28.7;;;
83550;15/05/2018;1200;36.3;;21.1;;
83550;16/05/2018;0000;;30.1;;;
83550;16/05/2018;1200;13.8;;21.4;;
83550;17/05/2018;0000;;30.7;;;
83550;17/05/2018;1200;0;;20.5;;
83550;18/05/2018;0000;;30;;;
83550;18/05/2018;1200;16.2;;21.5;;
83550;19/05/2018;0000;;30;;;
83550;19/05/2018;1200;1.4;;20.9;;
83550;20/05/2018;0000;;32.4;;;
83550;20/05/2018;1200;0;;20.9;;
83550;21/05/2018;0000;;30.9;;;
83550;21/05/2018;1200;0;;19.9;;
83550;22/05/2018;0000;;30.2;;;
83550;22/05/2018;1200;0;;19.9;;
83550;23/05/2018;0000;;29.8;;;
83550;23/05/2018;1200;0;;19.3;;
83550;24/05/2018;0000;;27.6;;;
83550;24/05/2018;1200;0;;19.6;;
83550;25/05/2018;0000;;26;;;
83550;25/05/2018;1200;0;;20.2;;
83550;26/05/2018;0000;;24.7;;;
83550;26/05/2018;1200;55.4;;18.9;;
83550;27/05/2018;0000;;27;;;
83550;27/05/2018;1200;16.3;;18.7;;
83550;28/05/2018;0000;;27.6;;;
83550;28/05/2018;1200;0;;19.2;;
83550;29/05/2018;0000;;27.5;;;
83550;29/05/2018;1200;8.9;;19;;
83550;30/05/2018;0000;;27.7;;;
83550;30/05/2018;1200;0;;17.8;;
83550;31/05/2018;0000;;26.9;;;
83550;31/05/2018;1200;0;;18;;
83550;01/06/2018;0000;;29;;;
83550;01/06/2018;1200;2;;19.8;;
83550;02/06/2018;0000;;29.8;;;
83550;02/06/2018;1200;1.4;;20.3;;
83550;03/06/2018;0000;;30.5;;;
83550;03/06/2018;1200;0;;20.8;;
83550;04/06/2018;0000;;30.2;;;
83550;04/06/2018;1200;0;;20.4;;
83550;05/06/2018;0000;;28.9;;;
83550;05/06/2018;1200;0;;18.4;;
83550;06/06/2018;0000;;28.5;;;
83550;06/06/2018;1200;0;;19.4;;
83550;07/06/2018;0000;;30.1;;;
83550;07/06/2018;1200;0;;19;;
83550;08/06/2018;0000;;32;;;
83550;08/06/2018;1200;0;;20.1;;
83550;09/06/2018;0000;;30;;;
83550;09/06/2018;1200;0;;21.7;;
83550;10/06/2018;0000;;27.8;;;
83550;10/06/2018;1200;4.7;;20.5;;
83550;11/06/2018;0000;;27.9;;;
83550;11/06/2018;1200;0;;19.4;;
83550;12/06/2018;0000;;30.1;;;
83550;12/06/2018;1200;0;;21.4;;
83550;13/06/2018;0000;;30.6;;;
83550;13/06/2018;1200;0;;20.3;;
83550;14/06/2018;0000;;30.8;;;
83550;14/06/2018;1200;0.2;;18.8;;
83550;15/06/2018;0000;;29.4;;;
83550;15/06/2018;1200;0.8;;20.2;;
83550;16/06/2018;0000;;29.5;;;
83550;16/06/2018;1200;0;;20.7;;
83550;17/06/2018;0000;;29.4;;;
83550;17/06/2018;1200;0;;19.2;;
83550;18/06/2018;0000;;28.8;;;
83550;18/06/2018;1200;0;;19;;
83550;19/06/2018;0000;;27.7;;;
83550;19/06/2018;1200;24.7;;19.4;;
83550;20/06/2018;0000;;26.5;;;
83550;20/06/2018;1200;0;;19;;
83550;21/06/2018;0000;;28;;;
83550;21/06/2018;1200;0;;19.3;;
83550;22/06/2018;0000;;29.5;;;
83550;22/06/2018;1200;0;;18.2;;
83550;23/06/2018;0000;;29.6;;;
83550;23/06/2018;1200;0.1;;19.3;;
83550;24/06/2018;0000;;29.1;;;
83550;24/06/2018;1200;0;;19.9;;
83550;25/06/2018;0000;;30;;;
83550;25/06/2018;1200;1.1;;20.3;;
83550;26/06/2018;0000;;29.5;;;
83550;26/06/2018;1200;0.2;;18.9;;
83550;27/06/2018;0000;;29.4;;;
83550;27/06/2018;1200;0.1;;18.2;;
83550;28/06/2018;0000;;29;;;
83550;28/06/2018;1200;0;;18.1;;
83550;29/06/2018;0000;;24.8;;;
83550;29/06/2018;1200;9.2;;19.3;;
83550;30/06/2018;0000;;27.6;;;
83550;30/06/2018;1200;3.8;;19.4;;
83550;01/07/2018;1200;0.2;;20;;
83550;01/08/2018;0000;;24.2;;;
83550;01/08/2018;1200;0;;18.8;;
83550;02/08/2018;0000;;27.6;;;
83550;02/08/2018;1200;3.6;;20.1;;
83550;03/08/2018;0000;;27.7;;;
83550;03/08/2018;1200;13.9;;19.9;;
83550;04/08/2018;0000;;27.8;;;
83550;04/08/2018;1200;0;;19;;
83550;05/08/2018;0000;;30.6;;;
83550;05/08/2018;1200;0;;18.5;;
83550;06/08/2018;0000;;29.7;;;
83550;06/08/2018;1200;0;;22.3;;
83550;07/08/2018;0000;;29.2;;;
83550;07/08/2018;1200;0.8;;21.8;;
83550;08/08/2018;0000;;29.1;;;
83550;08/08/2018;1200;12.3;;20.3;;
83550;09/08/2018;0000;;29.4;;;
83550;09/08/2018;1200;21.9;;20.7;;
83550;10/08/2018;0000;;30.5;;;
83550;10/08/2018;1200;0;;20;;
83550;11/08/2018;0000;;30.6;;;
83550;11/08/2018;1200;0;;20.9;;
83550;12/08/2018;0000;;30;;;
83550;12/08/2018;1200;0;;20.6;;
83550;13/08/2018;0000;;29.7;;;
83550;13/08/2018;1200;0;;18.9;;
83550;14/08/2018;0000;;28.6;;;
83550;14/08/2018;1200;0;;18.3;;
83550;15/08/2018;0000;;28.9;;;
83550;15/08/2018;1200;0;;18;;
83550;16/08/2018;0000;;28.9;;;
83550;16/08/2018;1200;0;;19.3;;
83550;17/08/2018;0000;;27.6;;;
83550;17/08/2018;1200;0.1;;20.2;;
83550;18/08/2018;0000;;26.8;;;
83550;18/08/2018;1200;0;;18.4;;
83550;19/08/2018;0000;;27.8;;;
83550;19/08/2018;1200;0;;17.1;;
83550;20/08/2018;0000;;28.7;;;
83550;20/08/2018;1200;0;;17.9;;
83550;21/08/2018;0000;;29.5;;;
83550;21/08/2018;1200;0;;18.3;;
83550;22/08/2018;0000;;28.7;;;
83550;22/08/2018;1200;1;;20;;
83550;23/08/2018;0000;;29.7;;;
83550;23/08/2018;1200;0;;19.4;;
83550;24/08/2018;0000;;29.7;;;
83550;24/08/2018;1200;8.5;;20;;
83550;25/08/2018;0000;;30.9;;;
83550;25/08/2018;1200;2.4;;20.3;;
83550;26/08/2018;0000;;30.6;;;
83550;26/08/2018;1200;0;;19.3;;
83550;27/08/2018;0000;;28.9;;;
83550;27/08/2018;1200;4;;19;;
83550;28/08/2018;0000;;28.7;;;
83550;28/08/2018;1200;4.8;;19;;
83550;29/08/2018;0000;;27.6;;;
83550;29/08/2018;1200;31.1;;18.9;;
83550;30/08/2018;0000;;28.5;;;
83550;30/08/2018;1200;11.4;;19.5;;
83550;31/08/2018;0000;;29.5;;;
83550;31/08/2018;1200;0;;18;;
83550;01/09/2018;0000;;29.5;;;
83550;01/09/2018;1200;0;;17.9;;
83550;02/09/2018;0000;;29.6;;;
83550;02/09/2018;1200;0;;20.3;;
83550;03/09/2018;0000;;30.5;;;
83550;03/09/2018;1200;0;;18.3;;
83550;04/09/2018;0000;;30.5;;;
83550;04/09/2018;1200;0;;20;;
83550;05/09/2018;0000;;30;;;
83550;05/09/2018;1200;1.1;;19.8;;
83550;06/09/2018;0000;;29.9;;;
83550;06/09/2018;1200;0;;19.8;;
83550;07/09/2018;0000;;29;;;
83550;07/09/2018;1200;0;;17.7;;
83550;08/09/2018;0000;;27.8;;;
83550;08/09/2018;1200;0.7;;17;;
83550;09/09/2018;0000;;26.9;;;
83550;09/09/2018;1200;4.2;;17.3;;
83550;10/09/2018;0000;;28.8;;;
83550;10/09/2018;1200;3.7;;16.8;;
83550;11/09/2018;0000;;28.7;;;
83550;11/09/2018;1200;0;;18.1;;
83550;12/09/2018;0000;;26.8;;;
83550;12/09/2018;1200;0;;19.8;;
83550;13/09/2018;0000;;25.5;;;
83550;13/09/2018;1200;7.6;;18.7;;
83550;14/09/2018;0000;;26.8;;;
83550;14/09/2018;1200;0;;19;;
83550;15/09/2018;0000;;28;;;
83550;15/09/2018;1200;0;;18;;
83550;16/09/2018;0000;;31.9;;;
83550;16/09/2018;1200;0.1;;19.9;;
83550;17/09/2018;0000;;30.1;;;
83550;17/09/2018;1200;5;;20.6;;
83550;18/09/2018;0000;;29.7;;;
83550;18/09/2018;1200;0.7;;21.8;;
83550;19/09/2018;0000;;29.6;;;
83550;19/09/2018;1200;0.4;;22.2;;
83550;20/09/2018;0000;;31.5;;;
83550;20/09/2018;1200;0;;21.8;;
83550;21/09/2018;0000;;30;;;
83550;21/09/2018;1200;0;;22;;
83550;22/09/2018;0000;;30.8;;;
83550;22/09/2018;1200;0.4;;21;;
83550;23/09/2018;0000;;30.3;;;
83550;23/09/2018;1200;0;;22.4;;
83550;24/09/2018;0000;;32;;;
83550;24/09/2018;1200;0;;20.3;;
83550;25/09/2018;0000;;31.6;;;
83550;25/09/2018;1200;0;;22;;
83550;26/09/2018;0000;;31;;;
83550;26/09/2018;1200;4.2;;20.5;;
83550;27/09/2018;0000;;31.2;;;
83550;27/09/2018;1200;2.1;;20.5;;
83550;28/09/2018;0000;;32;;;
83550;28/09/2018;1200;0;;21.6;;
83550;29/09/2018;0000;;31.6;;;
83550;29/09/2018;1200;0;;23.3;;
83550;30/09/2018;0000;;32.8;;;
83550;30/09/2018;1200;0;;21;;
83550;01/10/2018;0000;;32.1;;;
83550;01/10/2018;1200;0;;21.8;;
83550;02/10/2018;0000;;31.2;;;
83550;02/10/2018;1200;0;;21.9;;
83550;03/10/2018;0000;;31.7;;;
83550;03/10/2018;1200;0;;21.5;;
83550;04/10/2018;0000;;32.5;;;
83550;04/10/2018;1200;0;;21.5;;
83550;05/10/2018;0000;;30.6;;;
83550;05/10/2018;1200;2.4;;22.1;;
83550;06/10/2018;0000;;28.9;;;
83550;06/10/2018;1200;15.9;;19.8;;
83550;07/10/2018;0000;;27.6;;;
83550;07/10/2018;1200;8;;19.9;;
83550;08/10/2018;0000;;30.1;;;
83550;08/10/2018;1200;0.5;;20.9;;
83550;09/10/2018;0000;;31.9;;;
83550;09/10/2018;1200;0;;21.4;;
83550;10/10/2018;0000;;32.5;;;
83550;10/10/2018;1200;0;;21;;
83550;11/10/2018;0000;;31.9;;;
83550;11/10/2018;1200;0;;21.3;;
83550;12/10/2018;0000;;31;;;
83550;12/10/2018;1200;0;;21.6;;
83550;13/10/2018;0000;;32;;;
83550;13/10/2018;1200;0;;21.3;;
83550;14/10/2018;0000;;33.7;;;
83550;14/10/2018;1200;0;;21.2;;
83550;15/10/2018;0000;;29.7;;;
83550;15/10/2018;1200;0;;22.8;;
83550;16/10/2018;0000;;28.6;;;
83550;16/10/2018;1200;4.8;;22.1;;
83550;17/10/2018;0000;;27.8;;;
83550;17/10/2018;1200;1.9;;22.8;;
83550;18/10/2018;0000;;30.8;;;
83550;18/10/2018;1200;6.1;;22.2;;
83550;19/10/2018;0000;;32.7;;;
83550;19/10/2018;1200;0;;22;;
83550;20/10/2018;0000;;27.8;;;
83550;20/10/2018;1200;17.2;;21.8;;
83550;21/10/2018;0000;;27;;;
83550;21/10/2018;1200;0;;20.3;;
83550;22/10/2018;0000;;26.4;;;
83550;22/10/2018;1200;0;;19.9;;
83550;23/10/2018;0000;;29.7;;;
83550;23/10/2018;1200;0;;19.8;;
83550;24/10/2018;0000;;31;;;
83550;24/10/2018;1200;0;;19;;
83550;25/10/2018;0000;;30;;;
83550;25/10/2018;1200;14.5;;21.9;;
83550;26/10/2018;0000;;32;;;
83550;26/10/2018;1200;36.7;;22.6;;
83550;27/10/2018;0000;;31.7;;;
83550;27/10/2018;1200;28.1;;23.6;;
83550;28/10/2018;0000;;30.1;;;
83550;28/10/2018;1200;8.9;;22.6;;
83550;29/10/2018;0000;;28.3;;;
83550;29/10/2018;1200;2;;20.5;;
83550;30/10/2018;0000;;26.9;;;
83550;30/10/2018;1200;2.5;;20.2;;
83550;31/10/2018;0000;;30.2;;;
83550;31/10/2018;1200;1.6;;22.1;;
83550;01/11/2018;0000;;32.7;;;
83550;01/11/2018;1200;1.6;;22.3;;
83550;02/11/2018;0000;;31.5;;;
83550;02/11/2018;1200;0;;22.1;;
83550;03/11/2018;0000;;31.8;;;
83550;03/11/2018;1200;10;;22.7;;
83550;04/11/2018;0000;;31.7;;;
83550;04/11/2018;1200;0;;21.7;;
83550;05/11/2018;0000;;31;;;
83550;05/11/2018;1200;0.2;;24;;
83550;06/11/2018;0000;;30.7;;;
83550;06/11/2018;1200;45.2;;19.9;;
83550;07/11/2018;0000;;30;;;
83550;07/11/2018;1200;3.7;;21.8;;
83550;08/11/2018;0000;;30.1;;;
83550;08/11/2018;1200;1.9;;22.8;;
83550;09/11/2018;0000;;29.4;;;
83550;09/11/2018;1200;44.2;;20.8;;
83550;10/11/2018;0000;;29;;;
83550;10/11/2018;1200;36.8;;19.4;;
83550;11/11/2018;0000;;28;;;
83550;11/11/2018;1200;17.3;;19.5;;
83550;12/11/2018;0000;;29.6;;;
83550;12/11/2018;1200;8;;22;;
83550;13/11/2018;0000;;30.2;;;
83550;13/11/2018;1200;3.8;;22.2;;
83550;14/11/2018;0000;;31.1;;;
83550;14/11/2018;1200;0.7;;22.8;;
83550;15/11/2018;0000;;32.7;;;
83550;15/11/2018;1200;0;;22.1;;
83550;16/11/2018;0000;;32;;;
83550;16/11/2018;1200;0;;22.8;;
83550;17/11/2018;0000;;30.5;;;
83550;17/11/2018;1200;0;;23;;
83550;18/11/2018;0000;;29.6;;;
83550;18/11/2018;1200;5;;23.3;;
83550;19/11/2018;0000;;31.6;;;
83550;19/11/2018;1200;8;;22;;
83550;20/11/2018;0000;;31;;;
83550;20/11/2018;1200;0;;22.8;;
83550;21/11/2018;0000;;29;;;
83550;21/11/2018;1200;2.7;;21.9;;
83550;22/11/2018;0000;;28.6;;;
83550;22/11/2018;1200;1.2;;22.7;;
83550;23/11/2018;0000;;30.4;;;
83550;23/11/2018;1200;0.4;;22.5;;
83550;24/11/2018;0000;;30.1;;;
83550;24/11/2018;1200;0;;22.3;;
83550;25/11/2018;0000;;29.4;;;
83550;25/11/2018;1200;2.2;;23.1;;
83550;26/11/2018;0000;;29.3;;;
83550;26/11/2018;1200;13;;21.8;;
83550;27/11/2018;0000;;30.4;;;
83550;27/11/2018;1200;0.4;;21.8;;
83550;28/11/2018;0000;;30.4;;;
83550;28/11/2018;1200;0;;20.4;;
83550;29/11/2018;0000;;30.5;;;
83550;29/11/2018;1200;14.5;;21.6;;
83550;30/11/2018;0000;;31.6;;;
83550;30/11/2018;1200;18.1;;21.8;;
83550;01/12/2018;0000;;33.6;;;
83550;01/12/2018;1200;0;;22.1;;
83550;02/12/2018;0000;;32.6;;;
83550;02/12/2018;1200;7.9;;22.9;;
83550;03/12/2018;0000;;32.3;;;
83550;03/12/2018;1200;30.2;;22.2;;
83550;04/12/2018;0000;;31;;;
83550;04/12/2018;1200;14;;20.3;;
83550;05/12/2018;0000;;31.6;;;
83550;05/12/2018;1200;0.5;;22.1;;
83550;06/12/2018;0000;;32.3;;;
83550;06/12/2018;1200;0;;22.9;;
83550;07/12/2018;0000;;31.6;;;
83550;07/12/2018;1200;12.4;;23.8;;
83550;08/12/2018;0000;;28.7;;;
83550;08/12/2018;1200;29.3;;21.8;;
83550;09/12/2018;0000;;27.6;;;
83550;09/12/2018;1200;27.9;;19.8;;
83550;10/12/2018;0000;;26.8;;;
83550;10/12/2018;1200;2.3;;19.9;;
83550;11/12/2018;0000;;29.6;;;
83550;11/12/2018;1200;29.6;;20.8;;
83550;12/12/2018;0000;;31.7;;;
83550;12/12/2018;1200;6.4;;23;;
83550;13/12/2018;0000;;30.4;;;
83550;13/12/2018;1200;0.3;;22.2;;
83550;14/12/2018;0000;;32.1;;;
83550;14/12/2018;1200;0;;22.4;;
83550;15/12/2018;0000;;31.8;;;
83550;15/12/2018;1200;0;;22.9;;
83550;16/12/2018;0000;;31.5;;;
83550;16/12/2018;1200;0;;21.8;;
83550;17/12/2018;0000;;31;;;
83550;17/12/2018;1200;6;;22.4;;
83550;18/12/2018;0000;;32.6;;;
83550;18/12/2018;1200;0;;22.2;;
83550;19/12/2018;0000;;32.6;;;
83550;19/12/2018;1200;0;;22.4;;
83550;20/12/2018;0000;;32.4;;;
83550;20/12/2018;1200;0;;22.2;;
83550;21/12/2018;0000;;32.5;;;
83550;21/12/2018;1200;0;;22.5;;
83550;22/12/2018;0000;;32.7;;;
83550;22/12/2018;1200;0;;22.9;;
83550;23/12/2018;0000;;32.5;;;
83550;23/12/2018;1200;0;;23.1;;
83550;24/12/2018;0000;;32.7;;;
83550;24/12/2018;1200;0;;24.1;;
83550;25/12/2018;0000;;32.7;;;
83550;25/12/2018;1200;0;;24.3;;
83550;26/12/2018;0000;;31.9;;;
83550;26/12/2018;1200;0;;23.1;;
83550;27/12/2018;0000;;29.5;;;
83550;27/12/2018;1200;7.6;;22.9;;
83550;28/12/2018;0000;;29.4;;;
83550;28/12/2018;1200;8.4;;22.4;;
83550;29/12/2018;0000;;28.7;;;
83550;29/12/2018;1200;0.4;;22.4;;
83550;30/12/2018;0000;;26.6;;;
83550;30/12/2018;1200;46.4;;21.3;;
83550;31/12/2018;0000;;31.9;;;
83550;31/12/2018;1200;0.7;;22.2;;
83550;01/01/2019;0000;;32;;;
83550;01/01/2019;1200;0;;23.3;;
83550;02/01/2019;0000;;31.8;;;
83550;02/01/2019;1200;0;;23.2;;
83550;03/01/2019;0000;;32.2;;;
83550;03/01/2019;1200;0;;22.8;;
83550;04/01/2019;0000;;32.9;;;
83550;04/01/2019;1200;0;;22.4;;
83550;05/01/2019;0000;;31.8;;;
83550;05/01/2019;1200;0;;21.4;;
83550;06/01/2019;0000;;32.1;;;
83550;06/01/2019;1200;0;;22.7;;
83550;07/01/2019;0000;;31.8;;;
83550;07/01/2019;1200;0;;23;;
83550;08/01/2019;0000;;32;;;
83550;08/01/2019;1200;0;;22.2;;
83550;09/01/2019;0000;;31;;;
83550;09/01/2019;1200;0;;21.2;;
83550;10/01/2019;0000;;32;;;
83550;10/01/2019;1200;0;;22.5;;
83550;11/01/2019;0000;;31.9;;;
83550;11/01/2019;1200;0.8;;22.7;;
83550;12/01/2019;0000;;31.8;;;
83550;12/01/2019;1200;6.9;;22.8;;
83550;13/01/2019;0000;;32;;;
83550;13/01/2019;1200;0;;22.2;;
83550;14/01/2019;0000;;32;;;
83550;14/01/2019;1200;3.4;;23.3;;
83550;15/01/2019;0000;;33.1;;;
83550;15/01/2019;1200;0;;22.2;;
83550;16/01/2019;0000;;34;;;
83550;16/01/2019;1200;0;;24;;
83550;17/01/2019;0000;;33.7;;;
83550;17/01/2019;1200;0;;23.4;;
83550;18/01/2019;0000;;33.1;;;
83550;18/01/2019;1200;0;;22.3;;
83550;19/01/2019;0000;;33.7;;;
83550;19/01/2019;1200;0;;23.4;;
83550;20/01/2019;0000;;33.6;;;
83550;20/01/2019;1200;0;;22.3;;
83550;21/01/2019;0000;;33.6;;;
83550;21/01/2019;1200;0;;22.8;;
83550;22/01/2019;0000;;34.2;;;
83550;22/01/2019;1200;0;;22.4;;
83550;23/01/2019;0000;;33.8;;;
83550;23/01/2019;1200;0;;22.8;;
83550;24/01/2019;0000;;33.5;;;
83550;24/01/2019;1200;0;;22.9;;
83550;25/01/2019;0000;;34.3;;;
83550;25/01/2019;1200;0;;22.3;;
83550;26/01/2019;0000;;33.7;;;
83550;26/01/2019;1200;0;;23.4;;
83550;27/01/2019;0000;;32.3;;;
83550;27/01/2019;1200;1.1;;23.3;;
83550;28/01/2019;0000;;33.8;;;
83550;28/01/2019;1200;2;;23.9;;
83550;29/01/2019;0000;;34.7;;;
83550;29/01/2019;1200;0;;23.8;;
83550;30/01/2019;0000;;33.9;;;
83550;30/01/2019;1200;0;;22.5;;
83550;31/01/2019;0000;;34.7;;;
83550;31/01/2019;1200;0;;22.3;;
83550;01/02/2019;0000;;34.6;;;
83550;01/02/2019;1200;0;;22.8;;
83550;02/02/2019;0000;;34.2;;;
83550;02/02/2019;1200;0;;22.2;;
83550;03/02/2019;0000;;35;;;
83550;03/02/2019;1200;0;;22.7;;
83550;04/02/2019;0000;;35.8;;;
83550;04/02/2019;1200;0;;23.8;;
83550;05/02/2019;0000;;34.1;;;
83550;05/02/2019;1200;0;;24.9;;
83550;06/02/2019;0000;;34.3;;;
83550;06/02/2019;1200;0;;22.9;;
83550;07/02/2019;0000;;34.4;;;
83550;07/02/2019;1200;0;;22.3;;
83550;08/02/2019;0000;;33.8;;;
83550;08/02/2019;1200;22;;20.5;;
83550;09/02/2019;0000;;33.9;;;
83550;09/02/2019;1200;0;;24.4;;
83550;10/02/2019;0000;;32.7;;;
83550;10/02/2019;1200;4.3;;24;;
83550;11/02/2019;0000;;33.7;;;
83550;11/02/2019;1200;0;;23.1;;
83550;12/02/2019;0000;;34.6;;;
83550;12/02/2019;1200;0;;22.8;;
83550;13/02/2019;0000;;35.5;;;
83550;13/02/2019;1200;0;;22.7;;
83550;14/02/2019;0000;;33.7;;;
83550;14/02/2019;1200;0.3;;24;;
83550;15/02/2019;0000;;33.6;;;
83550;15/02/2019;1200;0;;23.1;;
83550;16/02/2019;0000;;34.8;;;
83550;16/02/2019;1200;0.4;;24.6;;
83550;17/02/2019;0000;;32.5;;;
83550;17/02/2019;1200;9.8;;24.3;;
83550;18/02/2019;0000;;32.6;;;
83550;18/02/2019;1200;0;;25.2;;
83550;19/02/2019;0000;;35;;;
83550;19/02/2019;1200;0;;25.3;;
83550;20/02/2019;0000;;35.8;;;
83550;20/02/2019;1200;0;;25;;
83550;21/02/2019;0000;;35.6;;;
83550;21/02/2019;1200;0;;25.1;;
83550;22/02/2019;0000;;34.8;;;
83550;22/02/2019;1200;0;;25.2;;
83550;23/02/2019;0000;;34.9;;;
83550;23/02/2019;1200;0;;25.1;;
83550;24/02/2019;0000;;35.1;;;
83550;24/02/2019;1200;0;;25.3;;
83550;25/02/2019;0000;;37;;;
83550;25/02/2019;1200;0;;24.9;;
83550;26/02/2019;0000;;36.1;;;
83550;26/02/2019;1200;0;;25;;
83550;27/02/2019;0000;;35.2;;;
83550;27/02/2019;1200;0;;25.1;;
83550;28/02/2019;0000;;36.4;;;
83550;28/02/2019;1200;0;;24.9;;
83550;01/03/2019;0000;;35.5;;;
83550;01/03/2019;1200;0;;24.3;;
83550;02/03/2019;0000;;35.4;;;
83550;02/03/2019;1200;0;;23.8;;
83550;03/03/2019;0000;;35.4;;;
83550;03/03/2019;1200;0;;24.2;;
83550;04/03/2019;0000;;33.6;;;
83550;04/03/2019;1200;2.2;;23.8;;
83550;05/03/2019;0000;;33.6;;;
83550;05/03/2019;1200;6.2;;23.5;;
83550;06/03/2019;0000;;33.6;;;
83550;06/03/2019;1200;6.4;;24.3;;
83550;07/03/2019;0000;;34.6;;;
83550;07/03/2019;1200;0;;24;;
83550;08/03/2019;0000;;32;;;
83550;08/03/2019;1200;2;;24.3;;
83550;09/03/2019;0000;;34.8;;;
83550;09/03/2019;1200;0;;24;;
83550;10/03/2019;0000;;35;;;
83550;10/03/2019;1200;0;;23.5;;
83550;11/03/2019;0000;;34.9;;;
83550;11/03/2019;1200;0;;24.2;;
83550;12/03/2019;0000;;33.9;;;
83550;12/03/2019;1200;0.1;;23.8;;
83550;13/03/2019;0000;;34.6;;;
83550;13/03/2019;1200;0;;23.2;;
83550;14/03/2019;0000;;35.9;;;
83550;14/03/2019;1200;0;;24.2;;
83550;15/03/2019;0000;;35.6;;;
83550;15/03/2019;1200;0;;24.8;;
83550;16/03/2019;0000;;34.5;;;
83550;16/03/2019;1200;0;;24.8;;
83550;17/03/2019;0000;;35.5;;;
83550;17/03/2019;1200;0;;23.4;;
83550;18/03/2019;0000;;34.8;;;
83550;18/03/2019;1200;0;;24.8;;
83550;19/03/2019;0000;;35.5;;;
83550;19/03/2019;1200;0;;24.6;;
83550;20/03/2019;0000;;36;;;
83550;20/03/2019;1200;0;;25.4;;
83550;21/03/2019;0000;;33.5;;;
83550;21/03/2019;1200;0.3;;24.9;;
83550;22/03/2019;0000;;31.4;;;
83550;22/03/2019;1200;61.7;;23.5;;
83550;23/03/2019;0000;;29;;;
83550;23/03/2019;1200;3.8;;21.2;;
83550;24/03/2019;0000;;31;;;
83550;24/03/2019;1200;2.2;;22.7;;
83550;25/03/2019;0000;;33.9;;;
83550;25/03/2019;1200;0;;24;;
83550;26/03/2019;0000;;34.1;;;
83550;26/03/2019;1200;0;;22.2;;
83550;27/03/2019;0000;;33;;;
83550;27/03/2019;1200;0;;22.5;;
83550;28/03/2019;0000;;30.8;;;
83550;28/03/2019;1200;0;;23.7;;
83550;29/03/2019;0000;;28.4;;;
83550;29/03/2019;1200;44.5;;22.7;;
83550;30/03/2019;0000;;29.6;;;
83550;30/03/2019;1200;5.8;;21.7;;

		
	
[Fechar] <#>
	
		

