--------------------
BDMEP - INMET
--------------------
Estação           : SAO CARLOS - SP (OMM: 83726)
Latitude  (graus) : -21.96
Longitude (graus) : -47.86
Altitude  (metros): 856.00
Estação Operante
Inicio de operação: 24/09/1939
Periodo solicitado dos dados: 01/01/2018 a 30/03/2019
Os dados listados abaixo são os que encontram-se digitados no BDMEP
Hora em UTC
--------------------
Obs.: Os dados aparecem separados por ; (ponto e vírgula) no formato txt.
      Para o formato planilha XLS, siga as instruções <http://www.inmet.gov.br/projetos/rede/pesquisa/instrucao.html>
--------------------
Estacao;Data;Hora;Precipitacao;TempMaxima;TempMinima;Velocidade do Vento Media;
83726;01/01/2018;1200;0;;;;
83726;02/01/2018;0000;;25.9;;2;
83726;02/01/2018;1200;;;19.7;;
83726;03/01/2018;0000;;25.7;;1.5;
83726;03/01/2018;1200;27.2;;19.9;;
83726;04/01/2018;0000;;29.3;;0.5;
83726;04/01/2018;1200;15.1;;18.8;;
83726;05/01/2018;0000;;30.5;;1;
83726;05/01/2018;1200;0;;19.2;;
83726;06/01/2018;0000;;26.9;;1;
83726;06/01/2018;1200;0;;19.3;;
83726;08/01/2018;0000;;22.8;;1;
83726;08/01/2018;1200;;;18.9;;
83726;09/01/2018;0000;;26.1;;2;
83726;09/01/2018;1200;2.6;;18.5;;
83726;10/01/2018;0000;;30.4;;3;
83726;10/01/2018;1200;0;;19;;
83726;11/01/2018;0000;;29.4;;2;
83726;11/01/2018;1200;0.4;;18.1;;
83726;12/01/2018;0000;;26.7;;1;
83726;12/01/2018;1200;32;;17.4;;
83726;13/01/2018;0000;;28.3;;1;
83726;13/01/2018;1200;18.1;;17.2;;
83726;14/01/2018;1200;34.4;;;;
83726;15/01/2018;0000;;29.2;;2;
83726;15/01/2018;1200;;;20.6;;
83726;16/01/2018;0000;;28.7;;0.5;
83726;16/01/2018;1200;1.5;;19.3;;
83726;17/01/2018;0000;;30.5;;1;
83726;17/01/2018;1200;0;;19.6;;
83726;18/01/2018;0000;;31.2;;1;
83726;18/01/2018;1200;4.1;;20;;
83726;19/01/2018;0000;;30.7;;1;
83726;19/01/2018;1200;1.1;;19.4;;
83726;20/01/2018;0000;;31;;0.5;
83726;20/01/2018;1200;0.7;;20;;
83726;21/01/2018;1200;1.5;;;;
83726;22/01/2018;0000;;31.6;;2;
83726;22/01/2018;1200;0;;;;
83726;23/01/2018;0000;;32.9;;3;
83726;23/01/2018;1200;0;;21.5;;
83726;24/01/2018;0000;;31.2;;1;
83726;24/01/2018;1200;1.3;;20;;
83726;25/01/2018;0000;;31.1;;2;
83726;25/01/2018;1200;1.5;;20.5;;
83726;26/01/2018;0000;;29.7;;1;
83726;26/01/2018;1200;0;;20.1;;
83726;27/01/2018;0000;;29.8;;1;
83726;27/01/2018;1200;2.8;;19.2;;
83726;29/01/2018;0000;;29.1;;1;
83726;29/01/2018;1200;0;;20.6;;
83726;30/01/2018;0000;;24.8;;1;
83726;30/01/2018;1200;22.8;;20.6;;
83726;31/01/2018;0000;;27.7;;3;
83726;31/01/2018;1200;5.2;;17.1;;
83726;01/02/2018;0000;;29;;1;
83726;01/02/2018;1200;0;;17.1;;
83726;02/02/2018;0000;;28.3;;2;
83726;02/02/2018;1200;0;;18.1;;
83726;03/02/2018;0000;;;;3;
83726;03/02/2018;1200;0;;18;;
83726;05/02/2018;0000;;27.4;;2;
83726;05/02/2018;1200;0;;21.1;;
83726;06/02/2018;0000;;27;;0.5;
83726;06/02/2018;1200;1.9;;17.3;;
83726;07/02/2018;0000;;29.7;;0.5;
83726;07/02/2018;1200;0;;16.5;;
83726;08/02/2018;0000;;32.1;;1;
83726;08/02/2018;1200;0;;15.7;;
83726;09/02/2018;0000;;33.2;;1.5;
83726;09/02/2018;1200;0;;19;;
83726;10/02/2018;0000;;28.9;;2;
83726;10/02/2018;1200;0;;21;;
83726;12/02/2018;0000;;29.8;;2;
83726;12/02/2018;1200;0;;21.9;;
83726;13/02/2018;0000;;28.8;;3.5;
83726;13/02/2018;1200;0;;20;;
83726;14/02/2018;0000;;21.6;;3;
83726;14/02/2018;1200;0.8;;18.2;;
83726;15/02/2018;0000;;25.3;;2;
83726;15/02/2018;1200;21.8;;18.2;;
83726;16/02/2018;0000;;29.2;;2;
83726;16/02/2018;1200;0;;17.8;;
83726;17/02/2018;0000;;30.1;;1.5;
83726;17/02/2018;1200;4;;17.5;;
83726;19/02/2018;0000;;26.2;;1.5;
83726;19/02/2018;1200;0;;21.7;;
83726;20/02/2018;0000;;26;;0.5;
83726;20/02/2018;1200;6;;19.5;;
83726;21/02/2018;0000;;28.7;;0.5;
83726;21/02/2018;1200;13;;19.4;;
83726;22/02/2018;0000;;30.1;;0.5;
83726;22/02/2018;1200;0;;18.3;;
83726;23/02/2018;0000;;29.7;;4.5;
83726;23/02/2018;1200;6;;19.6;;
83726;24/02/2018;0000;;29.2;;3;
83726;24/02/2018;1200;0;;18;;
83726;26/02/2018;0000;;24.2;;1;
83726;26/02/2018;1200;0;;19.3;;
83726;27/02/2018;0000;;24.5;;1;
83726;27/02/2018;1200;56.6;;19.2;;
83726;28/02/2018;0000;;31.5;;0.5;
83726;28/02/2018;1200;17.8;;17.4;;
83726;16/03/2018;0000;;29.5;;2;
83726;16/03/2018;1200;0;;21;;
83726;17/03/2018;0000;;29.6;;1;
83726;17/03/2018;1200;11.6;;18.7;;
83726;19/03/2018;0000;;31.9;;1;
83726;19/03/2018;1200;0;;;;
83726;20/03/2018;0000;;30.2;;1;
83726;20/03/2018;1200;0;;21.1;;
83726;21/03/2018;0000;;29.9;;1;
83726;21/03/2018;1200;35;;18.9;;
83726;22/03/2018;0000;;30.2;;2;
83726;22/03/2018;1200;63.4;;17.5;;
83726;23/03/2018;0000;;31.4;;1;
83726;23/03/2018;1200;0;;20.2;;
83726;24/03/2018;0000;;28.9;;2;
83726;24/03/2018;1200;1.7;;20.4;;
83726;26/03/2018;0000;;29;;2;
83726;26/03/2018;1200;0;;19;;
83726;27/03/2018;0000;;28.9;;3;
83726;27/03/2018;1200;15.4;;18.6;;
83726;28/03/2018;0000;;29.9;;1;
83726;28/03/2018;1200;0;;18.2;;
83726;29/03/2018;0000;;30.3;;1;
83726;29/03/2018;1200;0;;18.7;;
83726;30/03/2018;0000;;30.2;;1.5;
83726;30/03/2018;1200;0.2;;20.2;;
83726;31/03/2018;0000;;28;;2;
83726;31/03/2018;1200;0;;19.2;;
83726;01/04/2018;0000;;21.4;;1;
83726;01/04/2018;1200;0;;20.3;;
83726;02/04/2018;0000;;25.2;;1;
83726;02/04/2018;1200;0;;21.2;;
83726;03/04/2018;0000;;26;;1;
83726;03/04/2018;1200;1.7;;18.7;;
83726;04/04/2018;0000;;27.7;;1;
83726;04/04/2018;1200;1.9;;12;;
83726;05/04/2018;0000;;29.6;;0.5;
83726;05/04/2018;1200;0;;15.7;;
83726;06/04/2018;0000;;28.5;;0.5;
83726;06/04/2018;1200;0;;16.5;;
83726;07/04/2018;0000;;30.3;;1;
83726;07/04/2018;1200;0;;16.6;;
83726;09/04/2018;0000;;29.6;;2;
83726;09/04/2018;1200;0;;21.8;;
83726;10/04/2018;0000;;29.5;;1.5;
83726;10/04/2018;1200;0;;18.4;;
83726;11/04/2018;0000;;29.1;;2;
83726;11/04/2018;1200;0;;17.9;;
83726;12/04/2018;0000;;27.9;;1;
83726;12/04/2018;1200;0;;16.7;;
83726;13/04/2018;0000;;29.6;;0.5;
83726;13/04/2018;1200;0;;16.9;;
83726;14/04/2018;0000;;27.3;;2;
83726;14/04/2018;1200;0;;18.6;;
83726;16/04/2018;0000;;25.2;;3;
83726;16/04/2018;1200;0;;18.3;;
83726;17/04/2018;0000;;25.8;;2;
83726;17/04/2018;1200;0;;15.2;;
83726;18/04/2018;0000;;26.8;;2;
83726;18/04/2018;1200;0;;14.2;;
83726;19/04/2018;0000;;28.3;;2;
83726;19/04/2018;1200;0;;13.4;;
83726;20/04/2018;0000;;26.3;;0.5;
83726;20/04/2018;1200;0;;15;;
83726;21/04/2018;0000;;24.9;;1;
83726;21/04/2018;1200;0;;13.3;;
83726;22/04/2018;0000;;28.3;;;
83726;23/04/2018;0000;;28.3;;1;
83726;23/04/2018;1200;0;;19;;
83726;24/04/2018;0000;;28.4;;1.5;
83726;24/04/2018;1200;0;;15.2;;
83726;25/04/2018;0000;;28.8;;1.5;
83726;25/04/2018;1200;0;;15.7;;
83726;26/04/2018;0000;;29.4;;0.5;
83726;26/04/2018;1200;0;;17.1;;
83726;27/04/2018;0000;;29.3;;1.5;
83726;27/04/2018;1200;0;;17.7;;
83726;28/04/2018;0000;;29.4;;0.5;
83726;28/04/2018;1200;0;;17.3;;
83726;30/04/2018;0000;;29.3;;0.5;
83726;30/04/2018;1200;0;;19;;
83726;01/05/2018;0000;;30.1;;0.5;
83726;01/05/2018;1200;0;;15.4;;
83726;02/05/2018;0000;;29.3;;1.5;
83726;02/05/2018;1200;0;;17.8;;
83726;03/05/2018;0000;;29;;2;
83726;03/05/2018;1200;0;;16.2;;
83726;04/05/2018;0000;;30.5;;1.5;
83726;04/05/2018;1200;0;;15.4;;
83726;05/05/2018;0000;;30.9;;1.5;
83726;05/05/2018;1200;0;;17.2;;
83726;07/05/2018;0000;;26.7;;2;
83726;07/05/2018;1200;0;;;;
83726;08/05/2018;0000;;26.6;;1;
83726;08/05/2018;1200;0;;16;;
83726;09/05/2018;0000;;26.4;;0.5;
83726;09/05/2018;1200;0;;15.3;;
83726;10/05/2018;0000;;27.5;;2;
83726;10/05/2018;1200;0;;15.3;;
83726;11/05/2018;0000;;27.5;;1;
83726;11/05/2018;1200;0;;16.5;;
83726;12/05/2018;0000;;27.5;;0;
83726;12/05/2018;1200;0;;17.3;;
83726;14/05/2018;0000;;28.2;;2;
83726;14/05/2018;1200;0;;;;
83726;15/05/2018;0000;;25.7;;2;
83726;15/05/2018;1200;0.1;;17.9;;
83726;16/05/2018;0000;;22.3;;0;
83726;16/05/2018;1200;4.5;;16.2;;
83726;17/05/2018;0000;;26.6;;1;
83726;17/05/2018;1200;0;;17.3;;
83726;18/05/2018;0000;;27.9;;1;
83726;18/05/2018;1200;0;;18;;
83726;19/05/2018;0000;;21;;3;
83726;19/05/2018;1200;3.6;;15.4;;
83726;21/05/2018;0000;;22.4;;0.5;
83726;21/05/2018;1200;0;;11;;
83726;22/05/2018;0000;;24.5;;0.5;
83726;22/05/2018;1200;0;;7.2;;
83726;23/05/2018;0000;;26.5;;2;
83726;23/05/2018;1200;0;;8.1;;
83726;24/05/2018;0000;;27.5;;1;
83726;24/05/2018;1200;0;;12.2;;
83726;25/05/2018;0000;;25.2;;1;
83726;25/05/2018;1200;0;;13.5;;
83726;26/05/2018;0000;;25.1;;2;
83726;26/05/2018;1200;0;;13.3;;
83726;28/05/2018;0000;;23.9;;1.5;
83726;28/05/2018;1200;0;;14.6;;
83726;29/05/2018;0000;;24.3;;2;
83726;29/05/2018;1200;0;;12.8;;
83726;01/06/2018;0000;;26;;2;
83726;01/06/2018;1200;0;;16;;
83726;02/06/2018;0000;;27;;0.5;
83726;02/06/2018;1200;0;;13.4;;
83726;04/06/2018;0000;;22.2;;1;
83726;04/06/2018;1200;0;;15.4;;
83726;05/06/2018;0000;;24.9;;1;
83726;05/06/2018;1200;0;;15;;
83726;06/06/2018;0000;;23.9;;0;
83726;06/06/2018;1200;0.1;;15.7;;
83726;07/06/2018;0000;;24.7;;3;
83726;07/06/2018;1200;0;;15.5;;
83726;08/06/2018;0000;;19.6;;0.5;
83726;08/06/2018;1200;0;;13;;
83726;09/06/2018;0000;;25.9;;2;
83726;09/06/2018;1200;0;;12.3;;
83726;11/06/2018;0000;;28.1;;0.5;
83726;11/06/2018;1200;0;;19.9;;
83726;12/06/2018;0000;;27.3;;1.5;
83726;12/06/2018;1200;0;;17.8;;
83726;13/06/2018;0000;;26.9;;0.5;
83726;13/06/2018;1200;0;;18.3;;
83726;14/06/2018;0000;;24.9;;1;
83726;14/06/2018;1200;0;;16.7;;
83726;15/06/2018;0000;;24.2;;2;
83726;15/06/2018;1200;0;;13.1;;
83726;16/06/2018;0000;;21.3;;1;
83726;16/06/2018;1200;0;;13.1;;
83726;18/06/2018;0000;;24.6;;0.5;
83726;18/06/2018;1200;0;;16.3;;
83726;19/06/2018;0000;;24.8;;1.5;
83726;19/06/2018;1200;0;;14.2;;
83726;20/06/2018;0000;;25.9;;2;
83726;20/06/2018;1200;0;;13.9;;
83726;21/06/2018;0000;;26.1;;0.5;
83726;21/06/2018;1200;0;;13.4;;
83726;22/06/2018;0000;;26.5;;0.5;
83726;22/06/2018;1200;0;;11.9;;
83726;23/06/2018;0000;;27.7;;1.5;
83726;23/06/2018;1200;0;;17.7;;
83726;25/06/2018;0000;;27.2;;2;
83726;25/06/2018;1200;0;;17.4;;
83726;26/06/2018;0000;;28.7;;0.5;
83726;26/06/2018;1200;0;;12.6;;
83726;27/06/2018;0000;;29.1;;2;
83726;27/06/2018;1200;0;;14;;
83726;28/06/2018;0000;;26.9;;1;
83726;28/06/2018;1200;0;;14.7;;
83726;29/06/2018;0000;;26.5;;2;
83726;29/06/2018;1200;0;;15.3;;
83726;30/06/2018;0000;;27.2;;1.5;
83726;30/06/2018;1200;0;;12.3;;
83726;02/07/2018;0000;;28.7;;0.5;
83726;02/07/2018;1200;0;;17.4;;
83726;03/07/2018;0000;;28.9;;0.5;
83726;03/07/2018;1200;0;;12.4;;
83726;04/07/2018;0000;;28;;0.5;
83726;04/07/2018;1200;0;;13.6;;
83726;05/07/2018;0000;;28.2;;2;
83726;05/07/2018;1200;0;;14.7;;
83726;06/07/2018;0000;;27.7;;0.5;
83726;06/07/2018;1200;0;;13.3;;
83726;07/07/2018;0000;;26.5;;1.5;
83726;07/07/2018;1200;0;;13.9;;
83726;09/07/2018;0000;;27.3;;1.5;
83726;09/07/2018;1200;0;;;;
83726;10/07/2018;0000;;19.8;;2;
83726;10/07/2018;1200;0;;11.8;;
83726;11/07/2018;0000;;19.1;;4;
83726;11/07/2018;1200;0;;7.6;;
83726;12/07/2018;0000;;23.4;;1;
83726;12/07/2018;1200;0;;6.1;;
83726;13/07/2018;0000;;25.8;;0.5;
83726;13/07/2018;1200;0;;7.8;;
83726;14/07/2018;0000;;28.7;;0;
83726;14/07/2018;1200;0;;11.5;;
83726;16/07/2018;0000;;28.7;;1;
83726;16/07/2018;1200;0;;17.3;;
83726;17/07/2018;0000;;26.9;;0.5;
83726;17/07/2018;1200;0;;13.3;;
83726;18/07/2018;0000;;28.4;;1.5;
83726;18/07/2018;1200;0;;13.4;;
83726;19/07/2018;0000;;28.6;;2;
83726;19/07/2018;1200;0;;14.2;;
83726;20/07/2018;0000;;28.7;;2;
83726;20/07/2018;1200;0;;12.7;;
83726;21/07/2018;0000;;28.7;;0.5;
83726;21/07/2018;1200;0;;12.5;;
83726;23/07/2018;0000;;27.2;;1.5;
83726;23/07/2018;1200;0;;18;;
83726;24/07/2018;0000;;25.7;;2;
83726;24/07/2018;1200;0;;13.2;;
83726;25/07/2018;0000;;26.4;;1.5;
83726;25/07/2018;1200;0;;13.6;;
83726;26/07/2018;0000;;27;;2;
83726;26/07/2018;1200;0;;13.5;;
83726;27/07/2018;0000;;27.9;;1;
83726;27/07/2018;1200;0;;13.9;;
83726;28/07/2018;0000;;28.9;;1.5;
83726;28/07/2018;1200;0;;13;;
83726;30/07/2018;0000;;29.5;;0.5;
83726;30/07/2018;1200;0;;;;
83726;31/07/2018;0000;;24.4;;3;
83726;31/07/2018;1200;3.4;;15.3;;
83726;01/08/2018;0000;;19.6;;2;
83726;01/08/2018;1200;0;;13.4;;
83726;02/08/2018;0000;;24.9;;1;
83726;02/08/2018;1200;0.1;;12.9;;
83726;03/08/2018;0000;;17.8;;1;
83726;03/08/2018;1200;6.4;;13.9;;
83726;04/08/2018;0000;;23.1;;1;
83726;04/08/2018;1200;40.6;;13.8;;
83726;06/08/2018;0000;;15.1;;1;
83726;06/08/2018;1200;0;;13.6;;
83726;07/08/2018;0000;;23.6;;0.5;
83726;07/08/2018;1200;16.7;;12.5;;
83726;08/08/2018;0000;;29;;2;
83726;08/08/2018;1200;0;;13.8;;
83726;09/08/2018;0000;;25.7;;2;
83726;09/08/2018;1200;9;;14.9;;
83726;10/08/2018;0000;;20.9;;1;
83726;10/08/2018;1200;0;;6.8;;
83726;11/08/2018;0000;;22.4;;0.5;
83726;11/08/2018;1200;0;;6.3;;
83726;13/08/2018;0000;;26.9;;1;
83726;13/08/2018;1200;;;16.1;;
83726;14/08/2018;0000;;29.8;;0.5;
83726;14/08/2018;1200;0;;11.9;;
83726;15/08/2018;0000;;29.2;;3;
83726;15/08/2018;1200;0;;14;;
83726;16/08/2018;0000;;21.7;;4;
83726;16/08/2018;1200;0;;13.5;;
83726;17/08/2018;0000;;24.3;;2;
83726;17/08/2018;1200;0;;13.7;;
83726;18/08/2018;0000;;25.9;;1.5;
83726;18/08/2018;1200;0;;12.9;;
83726;20/08/2018;0000;;29.3;;1.5;
83726;20/08/2018;1200;0;;20;;
83726;21/08/2018;0000;;29.7;;1.5;
83726;21/08/2018;1200;0;;15.9;;
83726;22/08/2018;0000;;28.8;;1.5;
83726;22/08/2018;1200;0;;14.6;;
83726;23/08/2018;0000;;30;;2;
83726;23/08/2018;1200;0;;15.3;;
83726;24/08/2018;0000;;30.2;;2;
83726;24/08/2018;1200;0;;18.1;;
83726;25/08/2018;0000;;21.5;;1.5;
83726;25/08/2018;1200;7.6;;16.1;;
83726;27/08/2018;0000;;25.9;;3;
83726;27/08/2018;1200;0;;14.9;;
83726;28/08/2018;0000;;27.5;;1.5;
83726;28/08/2018;1200;0;;14.4;;
83726;29/08/2018;0000;;28.3;;1;
83726;29/08/2018;1200;0;;15.5;;
83726;30/08/2018;0000;;28.3;;2;
83726;30/08/2018;1200;0;;16.2;;
83726;31/08/2018;0000;;30.7;;1;
83726;31/08/2018;1200;0;;15.3;;
83726;01/09/2018;0000;;32.2;;1.5;
83726;01/09/2018;1200;0;;16.3;;
83726;03/09/2018;0000;;19.6;;0.5;
83726;03/09/2018;1200;0;;11.7;;
83726;04/09/2018;0000;;19.3;;2;
83726;04/09/2018;1200;0.3;;10.1;;
83726;05/09/2018;0000;;20.6;;1.7;
83726;05/09/2018;1200;0;;10.4;;
83726;06/09/2018;0000;;26.5;;3;
83726;06/09/2018;1200;0;;9.6;;
83726;07/09/2018;0000;;31.6;;2;
83726;07/09/2018;1200;0;;13.7;;
83726;08/09/2018;0000;;31.6;;2;
83726;08/09/2018;1200;0;;14.7;;
83726;10/09/2018;0000;;30.7;;2;
83726;10/09/2018;1200;0;;21.2;;
83726;11/09/2018;0000;;28.3;;1;
83726;11/09/2018;1200;0;;14.3;;
83726;12/09/2018;0000;;29.6;;3.5;
83726;12/09/2018;1200;0;;14.3;;
83726;13/09/2018;0000;;31.3;;3.5;
83726;13/09/2018;1200;0;;16.6;;
83726;14/09/2018;0000;;24.6;;2;
83726;14/09/2018;1200;0.6;;16.7;;
83726;15/09/2018;0000;;22.8;;0;
83726;15/09/2018;1200;15.3;;16.8;;
83726;17/09/2018;0000;;18.6;;2;
83726;17/09/2018;1200;0;;14.6;;
83726;18/09/2018;0000;;21.6;;1;
83726;18/09/2018;1200;3.4;;14.7;;
83726;19/09/2018;0000;;30.1;;1;
83726;19/09/2018;1200;1.6;;16.5;;
83726;20/09/2018;0000;;22.4;;3;
83726;20/09/2018;1200;6;;16.3;;
83726;21/09/2018;0000;;28.5;;1.5;
83726;21/09/2018;1200;10.1;;16;;
83726;22/09/2018;0000;;30.7;;1;
83726;22/09/2018;1200;0;;17.3;;
83726;24/09/2018;0000;;35;;2;
83726;24/09/2018;1200;0;;;;
83726;25/09/2018;0000;;33.4;;3;
83726;25/09/2018;1200;0;;16.9;;
83726;26/09/2018;0000;;32.3;;1.5;
83726;26/09/2018;1200;1.4;;16.8;;
83726;27/09/2018;0000;;28.9;;1;
83726;27/09/2018;1200;1.2;;20.6;;
83726;28/09/2018;0000;;27.8;;1.5;
83726;28/09/2018;1200;0;;18.9;;
83726;29/09/2018;0000;;31.7;;1.5;
83726;29/09/2018;1200;1.4;;18.1;;
83726;01/10/2018;0000;;29.6;;0.95;
83726;01/10/2018;1200;0;;21.4;;
83726;02/10/2018;0000;;32.4;;1;
83726;02/10/2018;1200;0;;19.1;;
83726;03/10/2018;0000;;32.7;;2;
83726;03/10/2018;1200;0;;19.3;;
83726;04/10/2018;0000;;30.3;;3;
83726;04/10/2018;1200;2.8;;18.9;;
83726;05/10/2018;0000;;29.2;;3;
83726;05/10/2018;1200;0;;16.9;;
83726;06/10/2018;0000;;27.9;;2;
83726;06/10/2018;1200;0;;14.5;;
83726;08/10/2018;0000;;23.8;;1;
83726;08/10/2018;1200;0;;19.4;;
83726;09/10/2018;0000;;29.9;;0.5;
83726;09/10/2018;1200;22.5;;18.3;;
83726;10/10/2018;0000;;30.3;;0.5;
83726;10/10/2018;1200;38.6;;18.9;;
83726;11/10/2018;0000;;24.9;;5;
83726;11/10/2018;1200;20.6;;19.2;;
83726;12/10/2018;0000;;31.3;;2;
83726;12/10/2018;1200;0;;17.7;;
83726;13/10/2018;0000;;30.3;;0.5;
83726;13/10/2018;1200;0.7;;20.2;;
83726;15/10/2018;0000;;28.5;;1;
83726;15/10/2018;1200;0;;19.7;;
83726;16/10/2018;0000;;30.7;;1;
83726;16/10/2018;1200;7.6;;19.7;;
83726;17/10/2018;0000;;28;;1;
83726;17/10/2018;1200;45.7;;18.9;;
83726;18/10/2018;0000;;31.6;;2;
83726;18/10/2018;1200;19.4;;18.4;;
83726;19/10/2018;0000;;26.8;;4;
83726;19/10/2018;1200;49;;18.9;;
83726;20/10/2018;0000;;25.1;;4;
83726;20/10/2018;1200;0;;15.6;;
83726;22/10/2018;0000;;30.2;;1.5;
83726;22/10/2018;1200;0;;21.7;;
83726;23/10/2018;0000;;31.6;;1;
83726;23/10/2018;1200;0;;19.4;;
83726;24/10/2018;0000;;24.4;;0.5;
83726;24/10/2018;1200;2.2;;18.7;;
83726;25/10/2018;0000;;22.1;;0.5;
83726;25/10/2018;1200;8.3;;18.7;;
83726;26/10/2018;0000;;25.9;;0.5;
83726;26/10/2018;1200;19.2;;18.8;;
83726;27/10/2018;0000;;24.9;;3;
83726;27/10/2018;1200;2.1;;19.9;;
83726;29/10/2018;0000;;28.5;;2;
83726;29/10/2018;1200;0;;19.5;;
83726;30/10/2018;0000;;31.4;;2;
83726;30/10/2018;1200;0;;16.5;;
83726;31/10/2018;0000;;32.4;;2.5;
83726;31/10/2018;1200;0;;20.6;;
83726;01/11/2018;0000;;30;;4.5;
83726;01/11/2018;1200;0;;19.3;;
83726;02/11/2018;0000;;31.4;;2;
83726;02/11/2018;1200;0;;21;;
83726;03/11/2018;0000;;31.4;;4;
83726;03/11/2018;1200;0;;19.9;;
83726;05/11/2018;0000;;25.2;;1;
83726;05/11/2018;1200;0;;20.7;;
83726;06/11/2018;0000;;28.5;;4;
83726;06/11/2018;1200;0;;16.6;;
83726;07/11/2018;0000;;23.7;;3;
83726;07/11/2018;1200;0;;18.5;;
83726;08/11/2018;0000;;19.8;;2;
83726;08/11/2018;1200;4.5;;16.2;;
83726;09/11/2018;0000;;20.8;;2;
83726;09/11/2018;1200;7.3;;15.2;;
83726;10/11/2018;0000;;25.7;;1;
83726;10/11/2018;1200;5;;17;;
83726;12/11/2018;0000;;31.6;;2;
83726;12/11/2018;1200;0;;22.1;;
83726;13/11/2018;0000;;31.1;;1.5;
83726;13/11/2018;1200;2.5;;20.3;;
83726;14/11/2018;0000;;30.9;;1;
83726;14/11/2018;1200;0;;21.1;;
83726;15/11/2018;0000;;32.3;;1;
83726;15/11/2018;1200;4.7;;20.2;;
83726;16/11/2018;0000;;31.3;;3;
83726;16/11/2018;1200;0.1;;20.3;;
83726;17/11/2018;0000;;27.9;;3;
83726;17/11/2018;1200;0;;19;;
83726;19/11/2018;0000;;21.3;;2;
83726;19/11/2018;1200;0;;16.7;;
83726;20/11/2018;0000;;24.3;;2;
83726;20/11/2018;1200;10.4;;15.5;;
83726;21/11/2018;0000;;23.8;;1;
83726;21/11/2018;1200;0;;16.1;;
83726;22/11/2018;0000;;25.7;;2;
83726;22/11/2018;1200;6.4;;17.3;;
83726;23/11/2018;0000;;26.8;;2;
83726;23/11/2018;1200;0;;19.1;;
83726;24/11/2018;0000;;23.1;;3;
83726;24/11/2018;1200;40.1;;17.9;;
83726;26/11/2018;0000;;26.9;;1;
83726;26/11/2018;1200;0;;19.5;;
83726;27/11/2018;0000;;29.1;;1;
83726;27/11/2018;1200;0;;15.6;;
83726;28/11/2018;0000;;29.5;;2;
83726;28/11/2018;1200;3.8;;18.7;;
83726;29/11/2018;0000;;31.2;;1;
83726;29/11/2018;1200;0;;18.3;;
83726;30/11/2018;0000;;31.6;;1;
83726;30/11/2018;1200;0;;18.4;;
83726;01/12/2018;0000;;24.9;;1;
83726;01/12/2018;1200;5.5;;20.2;;
83726;03/12/2018;0000;;27.5;;2;
83726;03/12/2018;1200;0;;21.2;;
83726;04/12/2018;0000;;30.7;;0.5;
83726;04/12/2018;1200;0;;17.2;;
83726;05/12/2018;0000;;32.1;;1;
83726;05/12/2018;1200;0;;18.5;;
83726;06/12/2018;0000;;32.6;;1;
83726;06/12/2018;1200;0;;19.2;;
83726;07/12/2018;0000;;31.1;;3;
83726;07/12/2018;1200;0;;18.9;;
83726;08/12/2018;0000;;23.6;;3;
83726;08/12/2018;1200;0;;16.1;;
83726;10/12/2018;0000;;31.3;;2;
83726;10/12/2018;1200;0;;20.1;;
83726;11/12/2018;0000;;31.4;;1;
83726;11/12/2018;1200;0;;18.2;;
83726;12/12/2018;0000;;33.8;;1;
83726;12/12/2018;1200;0;;19.3;;
83726;13/12/2018;0000;;32.9;;1.5;
83726;13/12/2018;1200;0;;19.7;;
83726;14/12/2018;0000;;32.8;;0.5;
83726;14/12/2018;1200;0;;19.2;;
83726;15/12/2018;0000;;32.8;;1;
83726;15/12/2018;1200;18.8;;19.7;;
83726;31/12/2018;0000;;32.5;;1;
83726;31/12/2018;1200;0;;;;
83726;01/01/2019;0000;;30.7;;3;
83726;01/01/2019;1200;0;;20.2;;
83726;02/01/2019;0000;;30.5;;1;
83726;02/01/2019;1200;32.2;;20.3;;
83726;03/01/2019;0000;;30;;1;
83726;03/01/2019;1200;0;;21.6;;
83726;04/01/2019;0000;;27.6;;0.5;
83726;04/01/2019;1200;14.9;;20.3;;
83726;05/01/2019;0000;;22.8;;1;
83726;05/01/2019;1200;26.2;;19.3;;
83726;07/01/2019;0000;;31.2;;1;
83726;07/01/2019;1200;0;;;;
83726;08/01/2019;0000;;31.3;;2;
83726;08/01/2019;1200;0;;20.2;;
83726;09/01/2019;0000;;31.7;;3;
83726;09/01/2019;1200;0;;20.7;;
83726;10/01/2019;0000;;31.8;;0.5;
83726;10/01/2019;1200;0;;21.6;;
83726;11/01/2019;0000;;31.6;;0.5;
83726;11/01/2019;1200;0;;21.1;;
83726;12/01/2019;0000;;31.1;;1;
83726;12/01/2019;1200;0;;19.9;;
83726;13/01/2019;1200;14.8;;;;
83726;14/01/2019;0000;;32.4;;1;
83726;14/01/2019;1200;0;;;;
83726;15/01/2019;0000;;31.3;;0.5;
83726;15/01/2019;1200;15.6;;18.9;;
83726;16/01/2019;0000;;32.8;;1;
83726;16/01/2019;1200;0;;20.7;;
83726;17/01/2019;0000;;30.4;;1;
83726;17/01/2019;1200;2;;19.4;;
83726;18/01/2019;0000;;31.2;;0.5;
83726;18/01/2019;1200;0;;20.7;;
83726;19/01/2019;0000;;31.9;;2;
83726;19/01/2019;1200;9;;19.5;;
83726;21/01/2019;0000;;32;;0.5;
83726;21/01/2019;1200;0;;;;
83726;22/01/2019;0000;;34.8;;2;
83726;22/01/2019;1200;1.7;;21;;
83726;23/01/2019;0000;;31.5;;3.5;
83726;23/01/2019;1200;0;;21.2;;
83726;24/01/2019;0000;;30.5;;2;
83726;24/01/2019;1200;0;;20.2;;
83726;25/01/2019;0000;;31.1;;2;
83726;25/01/2019;1200;0;;18.4;;
83726;26/01/2019;0000;;29.3;;1;
83726;26/01/2019;1200;9.2;;17.5;;
83726;28/01/2019;0000;;32.4;;2;
83726;28/01/2019;1200;0;;;;
83726;29/01/2019;0000;;33.6;;1;
83726;29/01/2019;1200;0;;20.4;;
83726;30/01/2019;0000;;34.2;;0.5;
83726;30/01/2019;1200;0;;20.7;;
83726;31/01/2019;0000;;33.5;;0;
83726;31/01/2019;1200;0;;20.5;;
83726;01/02/2019;0000;;34.8;;0.5;
83726;01/02/2019;1200;0;;20.8;;
83726;02/02/2019;0000;;34.8;;1;
83726;02/02/2019;1200;0;;20.9;;
83726;04/02/2019;0000;;26.8;;4;
83726;04/02/2019;1200;0;;20.7;;
83726;05/02/2019;0000;;27.2;;4;
83726;05/02/2019;1200;0;;16.7;;
83726;06/02/2019;0000;;27.4;;2;
83726;06/02/2019;1200;0;;18.3;;
83726;07/02/2019;0000;;29.3;;0.5;
83726;07/02/2019;1200;3.1;;16.4;;
83726;08/02/2019;0000;;32;;0.5;
83726;08/02/2019;1200;0;;17.5;;
83726;09/02/2019;0000;;32.8;;2;
83726;09/02/2019;1200;0;;19.8;;
83726;11/02/2019;0000;;32;;1.5;
83726;11/02/2019;1200;0;;;;
83726;12/02/2019;0000;;27.9;;0.5;
83726;12/02/2019;1200;5.1;;20;;
83726;13/02/2019;0000;;23.9;;2.5;
83726;13/02/2019;1200;38.5;;19.9;;
83726;14/02/2019;0000;;27.5;;2;
83726;14/02/2019;1200;0;;17.2;;
83726;15/02/2019;0000;;25.3;;3;
83726;15/02/2019;1200;0;;20.2;;
83726;16/02/2019;0000;;22.2;;1;
83726;16/02/2019;1200;21.3;;19.5;;
83726;18/02/2019;0000;;28.1;;0.5;
83726;18/02/2019;1200;0;;21.8;;
83726;19/02/2019;0000;;29.2;;1.5;
83726;19/02/2019;1200;0;;19.8;;
83726;20/02/2019;0000;;27.3;;1;
83726;20/02/2019;1200;1.6;;18.9;;
83726;21/02/2019;0000;;27.6;;2;
83726;21/02/2019;1200;1.2;;19.5;;
83726;22/02/2019;0000;;29.3;;2;
83726;22/02/2019;1200;4.6;;18.9;;
83726;23/02/2019;0000;;31.7;;1;
83726;23/02/2019;1200;2.4;;19.2;;
83726;25/02/2019;0000;;31.4;;1;
83726;25/02/2019;1200;0;;22.1;;
83726;26/02/2019;0000;;27.5;;1;
83726;26/02/2019;1200;3.7;;19.8;;
83726;27/02/2019;0000;;26.3;;0.5;
83726;27/02/2019;1200;16.3;;18.4;;
83726;28/02/2019;0000;;23.6;;1.5;
83726;28/02/2019;1200;44;;19.6;;
83726;01/03/2019;0000;;24.9;;1;
83726;01/03/2019;1200;56;;19.6;;
83726;02/03/2019;0000;;25.2;;1;
83726;02/03/2019;1200;18.3;;19.6;;
83726;04/03/2019;0000;;26.4;;2;
83726;04/03/2019;1200;0;;21.9;;
83726;05/03/2019;0000;;28.7;;1;
83726;05/03/2019;1200;0;;19.7;;
83726;06/03/2019;0000;;31.3;;0.5;
83726;06/03/2019;1200;5.6;;19.4;;
83726;07/03/2019;0000;;28.9;;1;
83726;07/03/2019;1200;0;;20.4;;
83726;08/03/2019;0000;;31.9;;0.5;
83726;08/03/2019;1200;1.3;;19.8;;
83726;09/03/2019;0000;;31;;1;
83726;09/03/2019;1200;0;;20.6;;
83726;11/03/2019;0000;;27.4;;3;
83726;11/03/2019;1200;0;;21.2;;
83726;12/03/2019;0000;;30.4;;2;
83726;12/03/2019;1200;0;;18.4;;
83726;13/03/2019;0000;;29.3;;2;
83726;13/03/2019;1200;5.7;;19.7;;
83726;14/03/2019;0000;;29;;0.5;
83726;14/03/2019;1200;16.6;;19.4;;
83726;15/03/2019;0000;;29.6;;1;
83726;15/03/2019;1200;2.7;;19.5;;

		
	
[Fechar] <#>
	
		

