--------------------
BDMEP - INMET
--------------------
Estação           : SAO LOURENCO - MG (OMM: 83736)
Latitude  (graus) : -22.1
Longitude (graus) : -45.01
Altitude  (metros): 953.20
Estação Operante
Inicio de operação: 04/02/1922
Periodo solicitado dos dados: 01/01/2018 a 30/03/2019
Os dados listados abaixo são os que encontram-se digitados no BDMEP
Hora em UTC
--------------------
Obs.: Os dados aparecem separados por ; (ponto e vírgula) no formato txt.
      Para o formato planilha XLS, siga as instruções <http://www.inmet.gov.br/projetos/rede/pesquisa/instrucao.html>
--------------------
Estacao;Data;Hora;Precipitacao;TempMaxima;TempMinima;Velocidade do Vento Media;
83736;01/01/2018;0000;;28.8;;0.833333;
83736;01/01/2018;1200;0.5;;19.2;;
83736;02/01/2018;0000;;28.8;;0.833333;
83736;02/01/2018;1200;3.6;;19;;
83736;03/01/2018;0000;;27.8;;1.533333;
83736;03/01/2018;1200;10.6;;19.6;;
83736;04/01/2018;0000;;22.6;;2.233333;
83736;04/01/2018;1200;5.4;;17.4;;
83736;05/01/2018;0000;;24;;0.666667;
83736;05/01/2018;1200;3.8;;17.4;;
83736;06/01/2018;0000;;25.2;;0.333333;
83736;06/01/2018;1200;47.2;;17.8;;
83736;07/01/2018;0000;;24.8;;0.666667;
83736;07/01/2018;1200;35.5;;18;;
83736;08/01/2018;0000;;22.2;;0.5;
83736;08/01/2018;1200;51.2;;17.2;;
83736;09/01/2018;0000;;29.2;;0.666667;
83736;09/01/2018;1200;17.2;;16.6;;
83736;10/01/2018;0000;;29.8;;0.666667;
83736;10/01/2018;1200;0;;15.2;;
83736;11/01/2018;0000;;30;;1.2;
83736;11/01/2018;1200;0;;17;;
83736;12/01/2018;0000;;25.4;;0.5;
83736;12/01/2018;1200;10.5;;17.6;;
83736;13/01/2018;0000;;28.6;;0.833333;
83736;13/01/2018;1200;2;;14.8;;
83736;14/01/2018;0000;;29.2;;0.833333;
83736;14/01/2018;1200;0;;16.8;;
83736;15/01/2018;0000;;29.2;;0.5;
83736;15/01/2018;1200;22.9;;17.4;;
83736;16/01/2018;0000;;29.4;;0.166667;
83736;16/01/2018;1200;17.4;;16.6;;
83736;17/01/2018;0000;;32.6;;0.833333;
83736;17/01/2018;1200;0;;17;;
83736;18/01/2018;0000;;31.2;;0.7;
83736;18/01/2018;1200;0;;17;;
83736;19/01/2018;0000;;31.4;;0.666667;
83736;19/01/2018;1200;0;;16.6;;
83736;20/01/2018;0000;;31.6;;0.333333;
83736;20/01/2018;1200;0;;18.8;;
83736;21/01/2018;0000;;29.8;;0.5;
83736;21/01/2018;1200;1.3;;18.2;;
83736;22/01/2018;0000;;30.8;;0.5;
83736;22/01/2018;1200;0;;18;;
83736;23/01/2018;0000;;31;;0.5;
83736;23/01/2018;1200;41;;17.8;;
83736;24/01/2018;0000;;31.6;;1.7;
83736;24/01/2018;1200;0;;17.4;;
83736;25/01/2018;0000;;30.4;;1.366667;
83736;25/01/2018;1200;0;;16.8;;
83736;26/01/2018;0000;;29.4;;1.533333;
83736;26/01/2018;1200;5.8;;18.6;;
83736;27/01/2018;0000;;27.6;;0.5;
83736;27/01/2018;1200;2;;18.6;;
83736;28/01/2018;0000;;29.6;;0.666667;
83736;28/01/2018;1200;0.2;;18.8;;
83736;29/01/2018;0000;;27;;0.666667;
83736;29/01/2018;1200;1.6;;19.2;;
83736;30/01/2018;0000;;26.8;;0.666667;
83736;30/01/2018;1200;25.1;;18.2;;
83736;31/01/2018;0000;;29.6;;1.54296;
83736;31/01/2018;1200;10.4;;17;;
83736;01/02/2018;0000;;30.2;;1.333333;
83736;01/02/2018;1200;0;;13.4;;
83736;02/02/2018;0000;;29.6;;0.833333;
83736;02/02/2018;1200;0;;15.6;;
83736;03/02/2018;0000;;30.6;;1.366667;
83736;03/02/2018;1200;0;;18.2;;
83736;04/02/2018;0000;;27.6;;1.4;
83736;04/02/2018;1200;0;;16;;
83736;05/02/2018;0000;;21.2;;1.366667;
83736;05/02/2018;1200;4.4;;15.6;;
83736;06/02/2018;0000;;27;;1.033333;
83736;06/02/2018;1200;0.8;;16;;
83736;07/02/2018;0000;;28.8;;1.2;
83736;07/02/2018;1200;0;;17;;
83736;08/02/2018;0000;;30.5;;1;
83736;08/02/2018;1200;7.6;;14.6;;
83736;09/02/2018;0000;;32.2;;0.5;
83736;09/02/2018;1200;0;;13.8;;
83736;10/02/2018;0000;;30.6;;1.2;
83736;10/02/2018;1200;0;;16.2;;
83736;11/02/2018;0000;;32.6;;0.7;
83736;11/02/2018;1200;1.3;;17;;
83736;12/02/2018;0000;;32;;0.666667;
83736;12/02/2018;1200;0;;19.8;;
83736;13/02/2018;0000;;27.2;;1.5;
83736;13/02/2018;1200;0;;20.2;;
83736;14/02/2018;0000;;29.6;;1.7;
83736;14/02/2018;1200;0;;17.8;;
83736;15/02/2018;0000;;29;;1.733333;
83736;15/02/2018;1200;0;;17.8;;
83736;16/02/2018;0000;;29.6;;0.833333;
83736;16/02/2018;1200;34.6;;16;;
83736;17/02/2018;0000;;29.6;;0.833333;
83736;17/02/2018;1200;0;;15.4;;
83736;18/02/2018;0000;;26.4;;0.5;
83736;18/02/2018;1200;5.2;;16.8;;
83736;19/02/2018;0000;;29.2;;0.866667;
83736;19/02/2018;1200;1.4;;17;;
83736;20/02/2018;0000;;27.4;;0.833333;
83736;20/02/2018;1200;5;;18.2;;
83736;21/02/2018;0000;;26.4;;1.2;
83736;21/02/2018;1200;4.2;;19.4;;
83736;22/02/2018;0000;;29.6;;1.2;
83736;22/02/2018;1200;1.2;;19.4;;
83736;23/02/2018;0000;;29;;0.833333;
83736;23/02/2018;1200;0;;18.2;;
83736;24/02/2018;0000;;28.8;;1.533333;
83736;24/02/2018;1200;20.4;;18;;
83736;25/02/2018;0000;;28.6;;1.166667;
83736;25/02/2018;1200;3;;17;;
83736;26/02/2018;0000;;22.6;;0.333333;
83736;26/02/2018;1200;7.2;;18.2;;
83736;27/02/2018;0000;;26;;0.5;
83736;27/02/2018;1200;32.8;;17.6;;
83736;28/02/2018;0000;;29.6;;1.533333;
83736;28/02/2018;1200;1.8;;18;;
83736;01/03/2018;0000;;30.6;;0.5;
83736;01/03/2018;1200;0.3;;18.2;;
83736;02/03/2018;0000;;30.3;;0.866667;
83736;02/03/2018;1200;12.6;;17;;
83736;03/03/2018;0000;;29.6;;0.5;
83736;03/03/2018;1200;18.6;;18.4;;
83736;04/03/2018;0000;;29.8;;1.7;
83736;04/03/2018;1200;3.2;;18.6;;
83736;05/03/2018;0000;;30.2;;1.033333;
83736;05/03/2018;1200;8.4;;18.6;;
83736;06/03/2018;0000;;31.8;;1.366667;
83736;06/03/2018;1200;0;;16.8;;
83736;07/03/2018;0000;;30;;0.666667;
83736;07/03/2018;1200;0;;19.6;;
83736;08/03/2018;0000;;29;;1.566667;
83736;08/03/2018;1200;8.2;;19;;
83736;09/03/2018;0000;;29;;1.7;
83736;09/03/2018;1200;0;;19;;
83736;10/03/2018;0000;;27.4;;0.5;
83736;10/03/2018;1200;0.4;;19.4;;
83736;11/03/2018;0000;;29.6;;1.2;
83736;11/03/2018;1200;5.6;;18.2;;
83736;12/03/2018;0000;;31.2;;0.5;
83736;12/03/2018;1200;0;;15;;
83736;13/03/2018;0000;;30;;1.366667;
83736;13/03/2018;1200;0;;18.6;;
83736;14/03/2018;0000;;32;;0.333333;
83736;14/03/2018;1200;0;;16.6;;
83736;15/03/2018;0000;;28.4;;0.333333;
83736;15/03/2018;1200;8.6;;18.4;;
83736;16/03/2018;0000;;31.2;;1.2;
83736;16/03/2018;1200;0;;17.2;;
83736;17/03/2018;0000;;30.8;;0.5;
83736;17/03/2018;1200;2;;18;;
83736;18/03/2018;0000;;29.6;;1.2;
83736;18/03/2018;1200;0;;17.4;;
83736;19/03/2018;0000;;31.6;;0.166667;
83736;19/03/2018;1200;0;;15.4;;
83736;20/03/2018;0000;;31;;0.333333;
83736;20/03/2018;1200;0;;17;;
83736;21/03/2018;0000;;27;;0.333333;
83736;21/03/2018;1200;71;;17.6;;
83736;22/03/2018;0000;;29.8;;0.5;
83736;22/03/2018;1200;13.8;;19.2;;
83736;23/03/2018;0000;;28.8;;0.833333;
83736;23/03/2018;1200;0.4;;16.8;;
83736;24/03/2018;0000;;29.2;;2.066667;
83736;24/03/2018;1200;0;;17.8;;
83736;25/03/2018;0000;;29.2;;0.5;
83736;25/03/2018;1200;0;;14;;
83736;26/03/2018;0000;;29.8;;0;
83736;26/03/2018;1200;0;;17.2;;
83736;27/03/2018;0000;;30.2;;0.833333;
83736;27/03/2018;1200;0.4;;18;;
83736;28/03/2018;0000;;30.2;;0.833333;
83736;28/03/2018;1200;0;;16.8;;
83736;29/03/2018;0000;;29;;0.833333;
83736;29/03/2018;1200;0;;14;;
83736;30/03/2018;0000;;29.6;;0.333333;
83736;30/03/2018;1200;0;;14;;
83736;31/03/2018;0000;;27.8;;0.666667;
83736;31/03/2018;1200;0;;13.8;;
83736;01/04/2018;0000;;28.4;;0.166667;
83736;01/04/2018;1200;0;;15.8;;
83736;02/04/2018;0000;;27.2;;0.666667;
83736;02/04/2018;1200;0.8;;18;;
83736;03/04/2018;0000;;27.8;;0.5;
83736;03/04/2018;1200;2.6;;18.8;;
83736;04/04/2018;0000;;28.6;;1.033333;
83736;04/04/2018;1200;5.2;;18;;
83736;05/04/2018;0000;;28.8;;0.666667;
83736;05/04/2018;1200;3.2;;17.8;;
83736;06/04/2018;0000;;30;;1.166667;
83736;06/04/2018;1200;0;;15.4;;
83736;07/04/2018;0000;;29.2;;0.666667;
83736;07/04/2018;1200;0;;15.2;;
83736;08/04/2018;0000;;29.2;;0.5;
83736;08/04/2018;1200;0;;16.6;;
83736;09/04/2018;0000;;28.4;;0.166667;
83736;09/04/2018;1200;0;;14.8;;
83736;10/04/2018;0000;;28.4;;0.666667;
83736;10/04/2018;1200;0;;12.6;;
83736;11/04/2018;0000;;27.8;;1.366667;
83736;11/04/2018;1200;0;;11.2;;
83736;12/04/2018;0000;;27.6;;0.833333;
83736;12/04/2018;1200;0;;11.6;;
83736;13/04/2018;0000;;29.4;;0.333333;
83736;13/04/2018;1200;0;;12.8;;
83736;14/04/2018;0000;;28;;1.2;
83736;14/04/2018;1200;0;;14.8;;
83736;15/04/2018;0000;;28.4;;1.033333;
83736;15/04/2018;1200;0;;15.8;;
83736;16/04/2018;0000;;25.2;;2.066667;
83736;16/04/2018;1200;0;;15;;
83736;17/04/2018;0000;;25.4;;0.833333;
83736;17/04/2018;1200;0;;11.8;;
83736;18/04/2018;0000;;26.2;;0.866667;
83736;18/04/2018;1200;0;;7.6;;
83736;19/04/2018;0000;;26.2;;0.333333;
83736;19/04/2018;1200;0;;8.6;;
83736;20/04/2018;0000;;26;;0.5;
83736;20/04/2018;1200;0;;9.2;;
83736;21/04/2018;0000;;27.6;;0.166667;
83736;21/04/2018;1200;0;;10;;
83736;22/04/2018;0000;;26.2;;0.666667;
83736;22/04/2018;1200;0;;14.2;;
83736;23/04/2018;0000;;25.6;;0.866667;
83736;23/04/2018;1200;0;;12.6;;
83736;24/04/2018;0000;;26.4;;0.833333;
83736;24/04/2018;1200;0;;11.6;;
83736;25/04/2018;0000;;27.8;;0.666667;
83736;25/04/2018;1200;0;;10.6;;
83736;26/04/2018;0000;;28.4;;0.333333;
83736;26/04/2018;1200;0;;11.8;;
83736;27/04/2018;0000;;28.2;;0.333333;
83736;27/04/2018;1200;0;;11.8;;
83736;28/04/2018;0000;;29;;0.333333;
83736;28/04/2018;1200;0;;12.2;;
83736;29/04/2018;0000;;27.8;;0.5;
83736;29/04/2018;1200;0;;10.2;;
83736;30/04/2018;0000;;27.6;;0.166667;
83736;30/04/2018;1200;0;;8.8;;
83736;01/05/2018;0000;;29;;0.5;
83736;01/05/2018;1200;0;;9.2;;
83736;02/05/2018;0000;;29;;0.333333;
83736;02/05/2018;1200;0;;11.2;;
83736;03/05/2018;0000;;28;;0.333333;
83736;03/05/2018;1200;0;;11.6;;
83736;04/05/2018;0000;;28.6;;0.166667;
83736;04/05/2018;1200;0;;10.6;;
83736;05/05/2018;0000;;28.8;;0.666667;
83736;05/05/2018;1200;0;;10.8;;
83736;06/05/2018;0000;;28.2;;0.5;
83736;06/05/2018;1200;3.4;;12;;
83736;07/05/2018;0000;;27.6;;0.666667;
83736;07/05/2018;1200;0;;11.6;;
83736;08/05/2018;0000;;25.8;;1.366667;
83736;08/05/2018;1200;0;;12;;
83736;09/05/2018;0000;;26.2;;0.7;
83736;09/05/2018;1200;0;;9.6;;
83736;10/05/2018;0000;;25.8;;0.666667;
83736;10/05/2018;1200;0;;9.2;;
83736;11/05/2018;0000;;26.2;;0.666667;
83736;11/05/2018;1200;0;;7.4;;
83736;12/05/2018;0000;;26.4;;0.5;
83736;12/05/2018;1200;0;;7.2;;
83736;13/05/2018;0000;;27.4;;0.5;
83736;13/05/2018;1200;0;;14.6;;
83736;14/05/2018;0000;;25.8;;1.033333;
83736;14/05/2018;1200;0.8;;13;;
83736;15/05/2018;0000;;26.4;;0.666667;
83736;15/05/2018;1200;0;;10.6;;
83736;16/05/2018;0000;;27.2;;1.033333;
83736;16/05/2018;1200;0;;15.4;;
83736;17/05/2018;0000;;26.2;;0.5;
83736;17/05/2018;1200;0;;15;;
83736;18/05/2018;0000;;26.6;;0.666667;
83736;18/05/2018;1200;0;;12.6;;
83736;19/05/2018;0000;;23.8;;1.2;
83736;19/05/2018;1200;0;;15.2;;
83736;20/05/2018;0000;;19.2;;1.733333;
83736;20/05/2018;1200;25.3;;9.6;;
83736;21/05/2018;0000;;21.8;;0.333333;
83736;21/05/2018;1200;0;;1.8;;
83736;22/05/2018;0000;;24.2;;0.666667;
83736;22/05/2018;1200;0;;2.4;;
83736;23/05/2018;0000;;25.4;;0.5;
83736;23/05/2018;1200;0;;3.4;;
83736;24/05/2018;0000;;24.6;;0.333333;
83736;24/05/2018;1200;0;;5.4;;
83736;25/05/2018;0000;;24.2;;0.5;
83736;25/05/2018;1200;0;;6.8;;
83736;26/05/2018;0000;;23.8;;0;
83736;26/05/2018;1200;0;;8.4;;
83736;27/05/2018;0000;;24.4;;0.333333;
83736;27/05/2018;1200;0;;6.8;;
83736;28/05/2018;0000;;24.4;;0.333333;
83736;28/05/2018;1200;0;;7.2;;
83736;29/05/2018;0000;;23.8;;1.033333;
83736;29/05/2018;1200;0;;4.6;;
83736;30/05/2018;0000;;24;;0.7;
83736;30/05/2018;1200;0;;4;;
83736;31/05/2018;0000;;24.8;;0.166667;
83736;31/05/2018;1200;0;;10.4;;
83736;01/06/2018;0000;;23.8;;0.333333;
83736;01/06/2018;1200;0;;12;;
83736;02/06/2018;0000;;25.8;;0.333333;
83736;02/06/2018;1200;0;;7;;
83736;03/06/2018;0000;;25.8;;1.2;
83736;03/06/2018;1200;0;;11;;
83736;04/06/2018;0000;;23.2;;0.333333;
83736;04/06/2018;1200;0;;11;;
83736;05/06/2018;0000;;19.6;;0.333333;
83736;05/06/2018;1200;0;;12.2;;
83736;06/06/2018;0000;;18.8;;0;
83736;06/06/2018;1200;5.7;;13.4;;
83736;07/06/2018;0000;;24.4;;0.866667;
83736;07/06/2018;1200;2.2;;13.6;;
83736;08/06/2018;0000;;23.2;;0.666667;
83736;08/06/2018;1200;1;;14.4;;
83736;09/06/2018;0000;;25.4;;0.333333;
83736;09/06/2018;1200;0;;9.2;;
83736;10/06/2018;0000;;22.2;;0.5;
83736;10/06/2018;1200;0;;12;;
83736;11/06/2018;0000;;25.4;;0.333333;
83736;11/06/2018;1200;0;;11.6;;
83736;12/06/2018;0000;;26;;0.5;
83736;12/06/2018;1200;0;;10.4;;
83736;13/06/2018;0000;;27.4;;0.666667;
83736;13/06/2018;1200;0;;11;;
83736;14/06/2018;0000;;27.6;;1;
83736;14/06/2018;1200;0;;13.4;;
83736;15/06/2018;0000;;18.4;;0.333333;
83736;15/06/2018;1200;27.5;;15;;
83736;16/06/2018;0000;;19.6;;0.5;
83736;16/06/2018;1200;2.6;;13;;
83736;17/06/2018;0000;;24.2;;0.166667;
83736;17/06/2018;1200;0.2;;11.6;;
83736;18/06/2018;0000;;24.4;;0.5;
83736;18/06/2018;1200;0;;10.2;;
83736;19/06/2018;0000;;24;;1.2;
83736;19/06/2018;1200;0;;9.4;;
83736;20/06/2018;0000;;24.6;;0.5;
83736;20/06/2018;1200;0;;8;;
83736;21/06/2018;0000;;24.8;;0.333333;
83736;21/06/2018;1200;0;;7;;
83736;22/06/2018;0000;;25;;0.333333;
83736;22/06/2018;1200;0;;7.6;;
83736;23/06/2018;0000;;23.2;;0.333333;
83736;23/06/2018;1200;0;;9.8;;
83736;24/06/2018;0000;;25.2;;0.333333;
83736;24/06/2018;1200;0;;12.8;;
83736;25/06/2018;0000;;26.2;;0.5;
83736;25/06/2018;1200;0;;7.6;;
83736;26/06/2018;0000;;26.4;;0.5;
83736;26/06/2018;1200;0;;9.6;;
83736;27/06/2018;0000;;26.6;;0.333333;
83736;27/06/2018;1200;0;;7.6;;
83736;28/06/2018;0000;;25.6;;0.5;
83736;28/06/2018;1200;0;;7.4;;
83736;29/06/2018;0000;;24.4;;0.333333;
83736;29/06/2018;1200;0;;7.2;;
83736;30/06/2018;0000;;25.2;;0.333333;
83736;30/06/2018;1200;0;;6.2;;
83736;01/07/2018;0000;;25.4;;0.666667;
83736;01/07/2018;1200;0;;7;;
83736;02/07/2018;0000;;26;;0.833333;
83736;02/07/2018;1200;0;;7.8;;
83736;03/07/2018;0000;;27;;0.866667;
83736;03/07/2018;1200;0;;7.4;;
83736;04/07/2018;0000;;25.4;;0.7;
83736;04/07/2018;1200;0;;9.4;;
83736;05/07/2018;0000;;25.8;;0.166667;
83736;05/07/2018;1200;0;;9.8;;
83736;06/07/2018;0000;;26.4;;0.5;
83736;06/07/2018;1200;0;;7.2;;
83736;07/07/2018;0000;;24.4;;0.7;
83736;07/07/2018;1200;0;;6.2;;
83736;08/07/2018;0000;;25.4;;0.7;
83736;08/07/2018;1200;0;;5.4;;
83736;09/07/2018;0000;;25.6;;0.866667;
83736;09/07/2018;1200;0;;6.2;;
83736;10/07/2018;0000;;17.6;;0.166667;
83736;10/07/2018;1200;0;;6.4;;
83736;11/07/2018;0000;;21;;0.333333;
83736;11/07/2018;1200;11.6;;6.8;;
83736;12/07/2018;0000;;21.4;;0.666667;
83736;12/07/2018;1200;0;;1.7;;
83736;13/07/2018;0000;;23.2;;0.5;
83736;13/07/2018;1200;0;;3.4;;
83736;14/07/2018;0000;;25.4;;1.366667;
83736;14/07/2018;1200;0;;5;;
83736;15/07/2018;0000;;25.8;;0.666667;
83736;15/07/2018;1200;0;;5.2;;
83736;16/07/2018;0000;;26.8;;0.5;
83736;16/07/2018;1200;0;;5.4;;
83736;17/07/2018;0000;;26.8;;0.666667;
83736;17/07/2018;1200;0;;5.4;;
83736;18/07/2018;0000;;26.4;;0.666667;
83736;18/07/2018;1200;0;;6.6;;
83736;19/07/2018;0000;;26.4;;0;
83736;19/07/2018;1200;0;;6.8;;
83736;20/07/2018;0000;;26.8;;0.5;
83736;20/07/2018;1200;0;;6.4;;
83736;21/07/2018;0000;;27.8;;0;
83736;21/07/2018;1200;0;;7.4;;
83736;22/07/2018;0000;;27;;0.5;
83736;22/07/2018;1200;0;;9.4;;
83736;23/07/2018;0000;;24.6;;0.333333;
83736;23/07/2018;1200;0;;7.2;;
83736;24/07/2018;0000;;25.6;;1.2;
83736;24/07/2018;1200;0;;6.2;;
83736;25/07/2018;0000;;25.4;;1.2;
83736;25/07/2018;1200;0;;10.4;;
83736;26/07/2018;0000;;24.4;;0.5;
83736;26/07/2018;1200;0;;6.2;;
83736;27/07/2018;0000;;25.2;;0.333333;
83736;27/07/2018;1200;0;;6;;
83736;28/07/2018;0000;;25.8;;0.666667;
83736;28/07/2018;1200;0;;7;;
83736;29/07/2018;0000;;25.4;;0.5;
83736;29/07/2018;1200;0;;6.8;;
83736;30/07/2018;0000;;27.6;;0.333333;
83736;30/07/2018;1200;0;;8.4;;
83736;31/07/2018;0000;;19;;1;
83736;31/07/2018;1200;0.8;;10.4;;
83736;01/08/2018;0000;;16.4;;0.5;
83736;01/08/2018;1200;3.2;;9.4;;
83736;02/08/2018;0000;;21.8;;0.666667;
83736;02/08/2018;1200;7.6;;12.2;;
83736;03/08/2018;0000;;16.4;;1.033333;
83736;03/08/2018;1200;0;;10.2;;
83736;04/08/2018;0000;;23.4;;0.5;
83736;04/08/2018;1200;35.6;;12.6;;
83736;05/08/2018;0000;;24;;0.033333;
83736;05/08/2018;1200;0;;11.4;;
83736;06/08/2018;0000;;21;;1.2;
83736;06/08/2018;1200;0.8;;13;;
83736;07/08/2018;0000;;23.6;;0.833333;
83736;07/08/2018;1200;8.2;;12.6;;
83736;08/08/2018;0000;;23.2;;0.333333;
83736;08/08/2018;1200;0;;11;;
83736;09/08/2018;0000;;26.2;;0.866667;
83736;09/08/2018;1200;1.8;;12;;
83736;10/08/2018;0000;;24.4;;0.7;
83736;10/08/2018;1200;0.4;;13.4;;
83736;11/08/2018;0000;;23.4;;0.5;
83736;11/08/2018;1200;0;;3.6;;
83736;12/08/2018;0000;;25.8;;0;
83736;12/08/2018;1200;0;;5.6;;
83736;13/08/2018;0000;;26.4;;0.333333;
83736;13/08/2018;1200;0;;4.4;;
83736;14/08/2018;0000;;27.2;;0.5;
83736;14/08/2018;1200;0;;4.8;;
83736;15/08/2018;0000;;27.4;;1.2;
83736;15/08/2018;1200;0;;5.8;;
83736;16/08/2018;0000;;27.3;;0.666667;
83736;16/08/2018;1200;0;;10.8;;
83736;17/08/2018;0000;;22.6;;0.333333;
83736;17/08/2018;1200;0;;13;;
83736;18/08/2018;0000;;24.4;;0.333333;
83736;18/08/2018;1200;1;;9;;
83736;19/08/2018;0000;;25.6;;0.5;
83736;19/08/2018;1200;0;;7;;
83736;20/08/2018;0000;;26.6;;0.5;
83736;20/08/2018;1200;0;;7.6;;
83736;21/08/2018;0000;;26.2;;0.333333;
83736;21/08/2018;1200;0;;7.4;;
83736;22/08/2018;0000;;26.4;;0.7;
83736;22/08/2018;1200;0;;7.8;;
83736;23/08/2018;0000;;28;;0.333333;
83736;23/08/2018;1200;0;;10;;
83736;24/08/2018;0000;;28.6;;0.5;
83736;24/08/2018;1200;0;;10.4;;
83736;25/08/2018;0000;;18.6;;0.5;
83736;25/08/2018;1200;5.4;;14;;
83736;26/08/2018;0000;;23.6;;1.9;
83736;26/08/2018;1200;0.9;;14;;
83736;27/08/2018;0000;;24.6;;1.033333;
83736;27/08/2018;1200;4.2;;11.4;;
83736;28/08/2018;0000;;24.8;;1.2;
83736;28/08/2018;1200;0;;9.8;;
83736;29/08/2018;0000;;25.2;;0.666667;
83736;29/08/2018;1200;0;;8.4;;
83736;30/08/2018;0000;;26.8;;0.833333;
83736;30/08/2018;1200;0;;10.6;;
83736;31/08/2018;0000;;28;;0.5;
83736;31/08/2018;1200;0;;12;;
83736;01/09/2018;0000;;30;;0.666667;
83736;01/09/2018;1200;0;;10.4;;
83736;02/09/2018;0000;;30.4;;0.666667;
83736;02/09/2018;1200;0;;10.6;;
83736;03/09/2018;0000;;29.4;;1.2;
83736;03/09/2018;1200;0;;12.2;;
83736;04/09/2018;0000;;20.8;;2.766667;
83736;04/09/2018;1200;8.2;;10.6;;
83736;05/09/2018;0000;;23.4;;3.1;
83736;05/09/2018;1200;0;;8.2;;
83736;06/09/2018;0000;;26.6;;0.333333;
83736;06/09/2018;1200;0;;7.6;;
83736;07/09/2018;0000;;29;;0.166667;
83736;07/09/2018;1200;0;;5.8;;
83736;08/09/2018;0000;;29.4;;0.333333;
83736;08/09/2018;1200;0;;6.6;;
83736;09/09/2018;0000;;29.2;;1;
83736;09/09/2018;1200;0;;7.8;;
83736;10/09/2018;0000;;28;;0.333333;
83736;10/09/2018;1200;0;;9;;
83736;11/09/2018;0000;;27.2;;2.233333;
83736;11/09/2018;1200;0;;10;;
83736;12/09/2018;0000;;25.6;;1.533333;
83736;12/09/2018;1200;0;;10;;
83736;13/09/2018;0000;;25.2;;1.366667;
83736;13/09/2018;1200;0;;10.2;;
83736;14/09/2018;0000;;24.8;;0.666667;
83736;14/09/2018;1200;4.6;;13.2;;
83736;15/09/2018;0000;;24.2;;1.2;
83736;15/09/2018;1200;15;;15.6;;
83736;16/09/2018;0000;;29.2;;1.033333;
83736;16/09/2018;1200;3.4;;12;;
83736;17/09/2018;0000;;18.6;;1.166667;
83736;17/09/2018;1200;7.6;;14;;
83736;18/09/2018;0000;;22.8;;0.833333;
83736;18/09/2018;1200;6;;14.6;;
83736;19/09/2018;0000;;29.2;;0.833333;
83736;19/09/2018;1200;0.2;;16.4;;
83736;20/09/2018;0000;;21.4;;1.2;
83736;20/09/2018;1200;0;;15.8;;
83736;21/09/2018;0000;;27.8;;0.5;
83736;21/09/2018;1200;23.7;;15.4;;
83736;22/09/2018;0000;;30.6;;0.333333;
83736;22/09/2018;1200;0;;12.4;;
83736;23/09/2018;0000;;30.6;;0.5;
83736;23/09/2018;1200;0;;11.8;;
83736;24/09/2018;0000;;33.2;;0.666667;
83736;24/09/2018;1200;0;;12.4;;
83736;25/09/2018;0000;;32.8;;0.5;
83736;25/09/2018;1200;0;;13.6;;
83736;26/09/2018;0000;;30.4;;1.533333;
83736;26/09/2018;1200;0;;15.8;;
83736;27/09/2018;0000;;31;;0.666667;
83736;27/09/2018;1200;0;;16;;
83736;28/09/2018;0000;;28.4;;1.366667;
83736;28/09/2018;1200;0;;17.2;;
83736;29/09/2018;0000;;28.4;;1.2;
83736;29/09/2018;1200;0;;17;;
83736;30/09/2018;0000;;30.2;;0.666667;
83736;30/09/2018;1200;0;;17.4;;
83736;01/10/2018;0000;;24.6;;0.333333;
83736;01/10/2018;1200;17.5;;16.8;;
83736;02/10/2018;0000;;32.4;;0.5;
83736;02/10/2018;1200;0.7;;16;;
83736;03/10/2018;0000;;32.2;;1.7;
83736;03/10/2018;1200;0;;15;;
83736;04/10/2018;0000;;30.2;;1.7;
83736;04/10/2018;1200;0.1;;17;;
83736;05/10/2018;0000;;28.4;;1.7;
83736;05/10/2018;1200;0;;17;;
83736;06/10/2018;0000;;23.6;;0.666667;
83736;06/10/2018;1200;1.8;;14.2;;
83736;07/10/2018;0000;;20.8;;0.166667;
83736;07/10/2018;1200;9.2;;14.6;;
83736;08/10/2018;0000;;23;;0.166667;
83736;08/10/2018;1200;3;;17.6;;
83736;09/10/2018;0000;;25;;0.666667;
83736;09/10/2018;1200;21.2;;17.2;;
83736;10/10/2018;0000;;27.6;;0.166667;
83736;10/10/2018;1200;10.6;;17.2;;
83736;11/10/2018;0000;;26.2;;1.566667;
83736;11/10/2018;1200;7.5;;17.4;;
83736;12/10/2018;0000;;29.2;;0.5;
83736;12/10/2018;1200;0;;18.4;;
83736;13/10/2018;0000;;31.6;;0.666667;
83736;13/10/2018;1200;0;;18.6;;
83736;14/10/2018;0000;;27.8;;0.833333;
83736;14/10/2018;1200;0;;18.8;;
83736;15/10/2018;0000;;27;;0.5;
83736;15/10/2018;1200;0.2;;17.6;;
83736;16/10/2018;0000;;29.2;;0.5;
83736;16/10/2018;1200;13;;17.2;;
83736;17/10/2018;0000;;23;;0.833333;
83736;17/10/2018;1200;1.2;;17.8;;
83736;18/10/2018;0000;;26.2;;0.833333;
83736;18/10/2018;1200;79;;17;;
83736;19/10/2018;0000;;28.2;;1.7;
83736;19/10/2018;1200;12.3;;17.6;;
83736;20/10/2018;0000;;25.8;;4.466667;
83736;20/10/2018;1200;4.4;;15.4;;
83736;21/10/2018;0000;;27.2;;1.166667;
83736;21/10/2018;1200;0;;12.2;;
83736;22/10/2018;0000;;28.2;;0.5;
83736;22/10/2018;1200;0;;11.4;;
83736;23/10/2018;0000;;30.6;;0.833333;
83736;23/10/2018;1200;0;;13.6;;
83736;24/10/2018;0000;;24.6;;1;
83736;24/10/2018;1200;0;;15.8;;
83736;25/10/2018;0000;;20.6;;0;
83736;25/10/2018;1200;10.6;;16.2;;
83736;26/10/2018;0000;;28.6;;0.5;
83736;26/10/2018;1200;5.8;;17.8;;
83736;27/10/2018;0000;;27.2;;1.2;
83736;27/10/2018;1200;32.2;;19.2;;
83736;28/10/2018;0000;;27.2;;2.766667;
83736;28/10/2018;1200;3;;15.4;;
83736;29/10/2018;0000;;25.4;;0.333333;
83736;29/10/2018;1200;0;;14;;
83736;30/10/2018;0000;;28.8;;0.5;
83736;30/10/2018;1200;0;;15.6;;
83736;31/10/2018;0000;;29.6;;1.166667;
83736;31/10/2018;1200;0;;15;;
83736;01/11/2018;0000;;29.6;;0.5;
83736;01/11/2018;1200;0;;16.8;;
83736;02/11/2018;0000;;31;;1.033333;
83736;02/11/2018;1200;7.8;;18.2;;
83736;03/11/2018;0000;;29.2;;0.333333;
83736;03/11/2018;1200;0;;16.8;;
83736;04/11/2018;0000;;28.8;;1.533333;
83736;04/11/2018;1200;2.4;;17.4;;
83736;05/11/2018;0000;;25.8;;1.2;
83736;05/11/2018;1200;0.4;;17.2;;
83736;06/11/2018;0000;;25.6;;0.333333;
83736;06/11/2018;1200;1.2;;15.4;;
83736;07/11/2018;0000;;27.4;;1;
83736;07/11/2018;1200;0;;18;;
83736;08/11/2018;0000;;20.6;;1.2;
83736;08/11/2018;1200;11.8;;15.8;;
83736;09/11/2018;0000;;20.2;;0.333333;
83736;09/11/2018;1200;11.6;;14.4;;
83736;10/11/2018;0000;;23.8;;1.366667;
83736;10/11/2018;1200;1.6;;16;;
83736;11/11/2018;0000;;28.4;;0.5;
83736;11/11/2018;1200;0.8;;18;;
83736;12/11/2018;0000;;30.8;;1.033333;
83736;12/11/2018;1200;0.2;;17.4;;
83736;13/11/2018;0000;;30.8;;1.533333;
83736;13/11/2018;1200;0;;17;;
83736;14/11/2018;0000;;30.8;;0.5;
83736;14/11/2018;1200;5;;18.4;;
83736;15/11/2018;0000;;30.4;;0.666667;
83736;15/11/2018;1200;0;;18;;
83736;16/11/2018;0000;;31.2;;1.733333;
83736;16/11/2018;1200;1.7;;17.8;;
83736;17/11/2018;0000;;28.2;;1.2;
83736;17/11/2018;1200;0;;16;;
83736;18/11/2018;0000;;29.8;;0.5;
83736;18/11/2018;1200;0;;15;;
83736;19/11/2018;0000;;24.4;;1.88628;
83736;19/11/2018;1200;4.8;;19.8;;
83736;20/11/2018;0000;;20.6;;0.833333;
83736;20/11/2018;1200;8.8;;15.4;;
83736;21/11/2018;0000;;21.4;;0.833333;
83736;21/11/2018;1200;7.7;;15;;
83736;22/11/2018;0000;;27.6;;1.866667;
83736;22/11/2018;1200;15.6;;16.6;;
83736;23/11/2018;0000;;28.8;;1.033333;
83736;23/11/2018;1200;0;;17.4;;
83736;24/11/2018;0000;;21.2;;0.833333;
83736;24/11/2018;1200;8.2;;17;;
83736;25/11/2018;0000;;20.4;;0.7;
83736;25/11/2018;1200;11.5;;17.2;;
83736;26/11/2018;0000;;26.8;;0.5;
83736;26/11/2018;1200;33.6;;17.6;;
83736;27/11/2018;0000;;28.4;;0.666667;
83736;27/11/2018;1200;2.3;;13.8;;
83736;28/11/2018;0000;;29.8;;0.7;
83736;28/11/2018;1200;0.9;;13.6;;
83736;29/11/2018;0000;;29.8;;1.2;
83736;29/11/2018;1200;0;;14.8;;
83736;30/11/2018;0000;;28.8;;1.033333;
83736;30/11/2018;1200;0;;17;;
83736;01/12/2018;0000;;23.4;;0.833333;
83736;01/12/2018;1200;36;;17.4;;
83736;02/12/2018;0000;;27.4;;1;
83736;02/12/2018;1200;1.4;;19;;
83736;03/12/2018;0000;;27.2;;0.5;
83736;03/12/2018;1200;0;;16.2;;
83736;04/12/2018;0000;;29.8;;0.9;
83736;04/12/2018;1200;4.1;;17.2;;
83736;05/12/2018;0000;;29.6;;1.366667;
83736;05/12/2018;1200;0;;15;;
83736;06/12/2018;0000;;31;;0.833333;
83736;06/12/2018;1200;2.6;;15.6;;
83736;07/12/2018;0000;;28.2;;1.9;
83736;07/12/2018;1200;0.7;;18;;
83736;08/12/2018;0000;;25.2;;2.066667;
83736;08/12/2018;1200;0;;15;;
83736;09/12/2018;0000;;27.6;;2.9;
83736;09/12/2018;1200;0;;8.8;;
83736;10/12/2018;0000;;28.4;;0.5;
83736;10/12/2018;1200;0;;12.8;;
83736;11/12/2018;0000;;30.4;;1;
83736;11/12/2018;1200;0;;14.6;;
83736;12/12/2018;0000;;31.8;;0.5;
83736;12/12/2018;1200;0;;15.2;;
83736;13/12/2018;0000;;31.4;;0.833333;
83736;13/12/2018;1200;0;;16.2;;
83736;14/12/2018;0000;;32.6;;0.5;
83736;14/12/2018;1200;0;;14.6;;
83736;15/12/2018;0000;;31.8;;2.066667;
83736;15/12/2018;1200;16.6;;17.4;;
83736;16/12/2018;0000;;31.8;;0.666667;
83736;16/12/2018;1200;4.6;;18.2;;
83736;17/12/2018;0000;;32.2;;2.066667;
83736;17/12/2018;1200;0.6;;16.4;;
83736;18/12/2018;0000;;33.4;;0.5;
83736;18/12/2018;1200;0;;19.8;;
83736;19/12/2018;0000;;32.4;;1.366667;
83736;19/12/2018;1200;0;;20.6;;
83736;20/12/2018;0000;;33.2;;0.5;
83736;20/12/2018;1200;0;;17.8;;
83736;21/12/2018;0000;;32.4;;1.366667;
83736;21/12/2018;1200;36.6;;16.6;;
83736;22/12/2018;0000;;32;;1.2;
83736;22/12/2018;1200;0;;19;;
83736;23/12/2018;0000;;32.2;;1.166667;
83736;23/12/2018;1200;0.1;;17;;
83736;24/12/2018;0000;;30.8;;0.666667;
83736;24/12/2018;1200;18.2;;17.6;;
83736;25/12/2018;0000;;27.4;;1.366667;
83736;25/12/2018;1200;29;;18;;
83736;26/12/2018;0000;;22.6;;0.5;
83736;26/12/2018;1200;0;;19;;
83736;27/12/2018;0000;;24.4;;0.666667;
83736;27/12/2018;1200;12.8;;18;;
83736;28/12/2018;0000;;29.4;;0.833333;
83736;28/12/2018;1200;0.2;;17.4;;
83736;29/12/2018;0000;;30.2;;0.5;
83736;29/12/2018;1200;14.8;;15.4;;
83736;30/12/2018;0000;;32.2;;0.5;
83736;30/12/2018;1200;0;;17.6;;
83736;31/12/2018;0000;;32.2;;1.533333;
83736;31/12/2018;1200;0;;17.2;;
83736;01/01/2019;0000;;31.2;;0.333333;
83736;01/01/2019;1200;5.4;;17.5;;
83736;02/01/2019;0000;;30.4;;1.166667;
83736;02/01/2019;1200;1.6;;18.2;;
83736;03/01/2019;0000;;29.6;;0.5;
83736;03/01/2019;1200;0;;18.2;;
83736;04/01/2019;0000;;28;;0.5;
83736;04/01/2019;1200;2.2;;19;;
83736;05/01/2019;0000;;24.6;;0.866667;
83736;05/01/2019;1200;26.2;;18.8;;
83736;06/01/2019;0000;;29.8;;0.833333;
83736;06/01/2019;1200;22.6;;18.4;;
83736;07/01/2019;0000;;32.6;;0.833333;
83736;07/01/2019;1200;0;;17.6;;
83736;08/01/2019;0000;;31.4;;0.666667;
83736;08/01/2019;1200;0;;17.2;;
83736;09/01/2019;0000;;31.4;;0.5;
83736;09/01/2019;1200;0;;18.2;;
83736;10/01/2019;0000;;31.6;;1.7;
83736;10/01/2019;1200;0;;16.2;;
83736;11/01/2019;0000;;32.6;;0.833333;
83736;11/01/2019;1200;0;;16.8;;
83736;12/01/2019;0000;;34.4;;1;
83736;12/01/2019;1200;6.4;;17;;
83736;13/01/2019;0000;;32.6;;0.333333;
83736;13/01/2019;1200;0;;16.4;;
83736;14/01/2019;0000;;31.2;;1.533333;
83736;14/01/2019;1200;0.4;;16.8;;
83736;15/01/2019;0000;;31.6;;0.5;
83736;15/01/2019;1200;0;;18.4;;
83736;16/01/2019;0000;;33.6;;0.833333;
83736;16/01/2019;1200;0;;19.6;;
83736;17/01/2019;0000;;32.6;;0.5;
83736;17/01/2019;1200;0.8;;17.6;;
83736;18/01/2019;0000;;33.4;;0.666667;
83736;18/01/2019;1200;0;;18.2;;
83736;19/01/2019;0000;;32.8;;0.5;
83736;19/01/2019;1200;5.4;;18.6;;
83736;20/01/2019;0000;;32.2;;1.166667;
83736;20/01/2019;1200;0;;19.2;;
83736;21/01/2019;0000;;31;;0.5;
83736;21/01/2019;1200;2.3;;18;;
83736;22/01/2019;0000;;31.8;;0.866667;
83736;22/01/2019;1200;0;;17.4;;
83736;23/01/2019;0000;;32.4;;0.5;
83736;23/01/2019;1200;1.8;;17.6;;
83736;24/01/2019;0000;;31.2;;1.366667;
83736;24/01/2019;1200;0;;17.6;;
83736;25/01/2019;0000;;30.2;;0.866667;
83736;25/01/2019;1200;0;;17.8;;
83736;26/01/2019;0000;;25.2;;0.833333;
83736;26/01/2019;1200;15.8;;16;;
83736;27/01/2019;0000;;30.6;;1;
83736;27/01/2019;1200;0.6;;14.6;;
83736;28/01/2019;0000;;33.4;;0.5;
83736;28/01/2019;1200;0;;14.8;;
83736;29/01/2019;0000;;33.4;;0.666667;
83736;29/01/2019;1200;0;;17.4;;
83736;30/01/2019;0000;;34.2;;0.5;
83736;30/01/2019;1200;0;;16.2;;
83736;31/01/2019;0000;;33.2;;0.5;
83736;31/01/2019;1200;0;;15;;
83736;01/02/2019;0000;;33.4;;1.2;
83736;01/02/2019;1200;0;;16.2;;
83736;02/02/2019;0000;;35;;0.333333;
83736;02/02/2019;1200;0;;18;;
83736;03/02/2019;0000;;34.4;;1.366667;
83736;03/02/2019;1200;20.2;;17.8;;
83736;04/02/2019;0000;;25.6;;1.166667;
83736;04/02/2019;1200;7.7;;18.8;;
83736;05/02/2019;0000;;29.4;;0.5;
83736;05/02/2019;1200;0.8;;16.4;;
83736;06/02/2019;0000;;24.6;;1.033333;
83736;06/02/2019;1200;0.2;;16.2;;
83736;07/02/2019;0000;;27.4;;1.033333;
83736;07/02/2019;1200;22;;15.8;;
83736;08/02/2019;0000;;31.2;;0.5;
83736;08/02/2019;1200;0;;16;;
83736;09/02/2019;0000;;31.6;;2.066667;
83736;09/02/2019;1200;0;;15;;
83736;10/02/2019;0000;;31.6;;0;
83736;10/02/2019;1200;0;;18.2;;
83736;11/02/2019;0000;;28;;0.5;
83736;11/02/2019;1200;21.6;;18.8;;
83736;12/02/2019;0000;;29.8;;0.166667;
83736;12/02/2019;1200;0;;18.6;;
83736;13/02/2019;0000;;24.6;;0.5;
83736;13/02/2019;1200;18.4;;19.4;;
83736;14/02/2019;0000;;24.4;;0.5;
83736;14/02/2019;1200;0;;16;;
83736;15/02/2019;0000;;24.6;;0.333333;
83736;15/02/2019;1200;0;;17.2;;
83736;16/02/2019;0000;;24.2;;1.733333;
83736;16/02/2019;1200;47.4;;18.2;;
83736;17/02/2019;0000;;25.6;;0.333333;
83736;17/02/2019;1200;0.5;;18.8;;
83736;18/02/2019;0000;;24.6;;0.666667;
83736;18/02/2019;1200;12.8;;19.4;;
83736;19/02/2019;0000;;29.8;;0.833333;
83736;19/02/2019;1200;11;;19.2;;
83736;20/02/2019;0000;;30.2;;1.019253;
83736;20/02/2019;1200;0;;17;;
83736;21/02/2019;0000;;27;;1.033333;
83736;21/02/2019;1200;9.4;;18;;
83736;22/02/2019;0000;;31.6;;0.333333;
83736;22/02/2019;1200;0;;17.8;;
83736;23/02/2019;0000;;32.6;;0.666667;
83736;23/02/2019;1200;0;;16.6;;
83736;24/02/2019;0000;;33;;0.166667;
83736;24/02/2019;1200;0;;17.6;;
83736;25/02/2019;0000;;31;;0.866667;
83736;25/02/2019;1200;0;;17.4;;
83736;26/02/2019;0000;;27.8;;0.333333;
83736;26/02/2019;1200;10.4;;16.6;;
83736;27/02/2019;0000;;28.8;;1.166667;
83736;27/02/2019;1200;10.4;;17.8;;
83736;28/02/2019;0000;;25.8;;0.5;
83736;28/02/2019;1200;6.6;;18.6;;
83736;01/03/2019;0000;;27.6;;0.5;
83736;01/03/2019;1200;7.8;;18.2;;
83736;02/03/2019;0000;;27.8;;0.666667;
83736;02/03/2019;1200;45.6;;18.2;;
83736;03/03/2019;0000;;23.8;;0.5;
83736;03/03/2019;1200;4.9;;18.8;;
83736;04/03/2019;0000;;24.8;;0.333333;
83736;04/03/2019;1200;25;;17.2;;
83736;05/03/2019;0000;;27.8;;0.866667;
83736;05/03/2019;1200;2.7;;16.8;;
83736;06/03/2019;0000;;30.4;;0.5;
83736;06/03/2019;1200;16.6;;16;;
83736;07/03/2019;0000;;30.2;;1.033333;
83736;07/03/2019;1200;19.1;;16.8;;
83736;08/03/2019;0000;;31.2;;0.333333;
83736;08/03/2019;1200;8.4;;17.6;;
83736;09/03/2019;0000;;32.4;;0.166667;
83736;09/03/2019;1200;0;;17.8;;
83736;10/03/2019;0000;;31.2;;3.8;
83736;10/03/2019;1200;7;;18.6;;
83736;11/03/2019;0000;;29.2;;1.9;
83736;11/03/2019;1200;28.2;;17.2;;
83736;12/03/2019;0000;;29;;3.4;
83736;12/03/2019;1200;0.2;;17.8;;
83736;13/03/2019;0000;;29.2;;0.333333;
83736;13/03/2019;1200;0.8;;16.6;;
83736;14/03/2019;0000;;27.8;;1.2;
83736;14/03/2019;1200;3.8;;18;;
83736;15/03/2019;0000;;30.8;;1.7;
83736;15/03/2019;1200;0.4;;19;;
83736;16/03/2019;0000;;29;;0.5;
83736;16/03/2019;1200;2.2;;19;;
83736;17/03/2019;0000;;29.2;;0.333333;
83736;17/03/2019;1200;0;;19;;
83736;18/03/2019;0000;;29.4;;0.166667;
83736;18/03/2019;1200;13.9;;18.2;;
83736;19/03/2019;0000;;30.6;;1.2;
83736;19/03/2019;1200;0;;19.8;;
83736;20/03/2019;0000;;30.2;;2.233333;
83736;20/03/2019;1200;0;;18.4;;
83736;21/03/2019;0000;;23.6;;1.366667;
83736;21/03/2019;1200;0.6;;18.4;;
83736;22/03/2019;0000;;24;;0.666667;
83736;22/03/2019;1200;9.5;;17.2;;
83736;23/03/2019;0000;;27;;0.333333;
83736;23/03/2019;1200;0;;16.2;;
83736;24/03/2019;0000;;29.6;;0.666667;
83736;24/03/2019;1200;0;;16;;
83736;25/03/2019;0000;;29.4;;0.666667;
83736;25/03/2019;1200;0;;16;;
83736;26/03/2019;0000;;30.8;;1.033333;
83736;26/03/2019;1200;0;;14.2;;
83736;27/03/2019;0000;;29.6;;1.366667;
83736;27/03/2019;1200;0;;15;;
83736;28/03/2019;0000;;29;;0.666667;
83736;28/03/2019;1200;0;;15.8;;
83736;29/03/2019;0000;;27.2;;0.866667;
83736;29/03/2019;1200;1.9;;15.2;;
83736;30/03/2019;0000;;29.4;;0.833333;
83736;30/03/2019;1200;0;;13.4;;

		
	
[Fechar] <#>
	
		

