--------------------
BDMEP - INMET
--------------------
Estação           : SAO PAULO MIR de SANTANA  - SP (OMM: 83781)
Latitude  (graus) : -23.5
Longitude (graus) : -46.61
Altitude  (metros): 792.06
Estação Operante
Inicio de operação: 01/12/1945
Periodo solicitado dos dados: 01/01/2018 a 30/03/2019
Os dados listados abaixo são os que encontram-se digitados no BDMEP
Hora em UTC
--------------------
Obs.: Os dados aparecem separados por ; (ponto e vírgula) no formato txt.
      Para o formato planilha XLS, siga as instruções <http://www.inmet.gov.br/projetos/rede/pesquisa/instrucao.html>
--------------------
Estacao;Data;Hora;Precipitacao;TempMaxima;TempMinima;Velocidade do Vento Media;
83781;01/01/2018;0000;;29.2;;2.633333;
83781;01/01/2018;1200;26;;19.3;;
83781;02/01/2018;0000;;28.1;;4.266667;
83781;02/01/2018;1200;0;;21.6;;
83781;03/01/2018;0000;;25.9;;2.433333;
83781;03/01/2018;1200;2.2;;19.8;;
83781;04/01/2018;0000;;28.5;;3.866667;
83781;04/01/2018;1200;12.1;;19.7;;
83781;05/01/2018;0000;;29.4;;3.1;
83781;05/01/2018;1200;0;;17.5;;
83781;06/01/2018;0000;;27.9;;1.533333;
83781;06/01/2018;1200;0;;19.9;;
83781;07/01/2018;0000;;20.3;;2.3;
83781;07/01/2018;1200;5;;16.4;;
83781;08/01/2018;0000;;21.4;;0.166667;
83781;08/01/2018;1200;34.2;;16.4;;
83781;09/01/2018;0000;;25.5;;2.633333;
83781;09/01/2018;1200;9.7;;18.3;;
83781;10/01/2018;0000;;29;;1.433333;
83781;10/01/2018;1200;0.8;;19;;
83781;11/01/2018;0000;;30.2;;2.3;
83781;11/01/2018;1200;18.5;;20;;
83781;12/01/2018;0000;;24.4;;2.3;
83781;12/01/2018;1200;14.8;;19.3;;
83781;13/01/2018;0000;;26.8;;1.25;
83781;13/01/2018;1200;0;;19;;
83781;14/01/2018;0000;;30.4;;0.8;
83781;14/01/2018;1200;0;;19.2;;
83781;15/01/2018;0000;;29.8;;1.95;
83781;15/01/2018;1200;6;;19.8;;
83781;16/01/2018;0000;;29.2;;1.6;
83781;16/01/2018;1200;1;;19.8;;
83781;17/01/2018;0000;;30.8;;1.05;
83781;17/01/2018;1200;5.8;;20.8;;
83781;18/01/2018;0000;;31.6;;2.3;
83781;18/01/2018;1200;0;;22.3;;
83781;19/01/2018;0000;;28.8;;1.65;
83781;19/01/2018;1200;12;;21;;
83781;20/01/2018;0000;;29;;1.9;
83781;20/01/2018;1200;2;;20.2;;
83781;21/01/2018;0000;;30.2;;1.6;
83781;21/01/2018;1200;22;;19.6;;
83781;22/01/2018;0000;;31.8;;2.5;
83781;22/01/2018;1200;8.8;;19.6;;
83781;23/01/2018;0000;;32;;2.45;
83781;23/01/2018;1200;4;;21;;
83781;24/01/2018;0000;;33.7;;1.05;
83781;24/01/2018;1200;4.2;;20.6;;
83781;25/01/2018;0000;;29.7;;3.8;
83781;25/01/2018;1200;0;;20.6;;
83781;26/01/2018;0000;;24.8;;3.55;
83781;26/01/2018;1200;0;;19.8;;
83781;27/01/2018;0000;;25.1;;3.5;
83781;27/01/2018;1200;0.3;;18.5;;
83781;28/01/2018;0000;;31.2;;1.5;
83781;28/01/2018;1200;0;;19.6;;
83781;29/01/2018;0000;;25.8;;1.3;
83781;29/01/2018;1200;3;;21.4;;
83781;30/01/2018;0000;;21.8;;2.75;
83781;30/01/2018;1200;35.1;;18.2;;
83781;31/01/2018;0000;;25.5;;2.5;
83781;31/01/2018;1200;16.8;;17.2;;
83781;01/02/2018;0000;;27.3;;3.533333;
83781;01/02/2018;1200;0;;18.3;;
83781;02/02/2018;0000;;27.8;;3.133333;
83781;02/02/2018;1200;0;;18.6;;
83781;03/02/2018;0000;;25.9;;4.3;
83781;03/02/2018;1200;0;;18.1;;
83781;04/02/2018;0000;;25.7;;3.933333;
83781;04/02/2018;1200;0;;16.7;;
83781;05/02/2018;0000;;25.4;;3.2;
83781;05/02/2018;1200;0;;18.2;;
83781;06/02/2018;0000;;24.4;;1.566667;
83781;06/02/2018;1200;0;;17.7;;
83781;07/02/2018;0000;;29;;2.4;
83781;07/02/2018;1200;0;;18.8;;
83781;08/02/2018;0000;;29.6;;1.2;
83781;08/02/2018;1200;0;;17.3;;
83781;09/02/2018;0000;;32.8;;2.266667;
83781;09/02/2018;1200;1.4;;19.3;;
83781;10/02/2018;0000;;30;;2.033333;
83781;10/02/2018;1200;0;;20.3;;
83781;11/02/2018;0000;;31;;1.2;
83781;11/02/2018;1200;10.2;;20.2;;
83781;12/02/2018;0000;;32;;2.366667;
83781;12/02/2018;1200;0;;22.7;;
83781;13/02/2018;0000;;24.5;;3.633333;
83781;13/02/2018;1200;2;;18.6;;
83781;14/02/2018;0000;;22.2;;3.066667;
83781;14/02/2018;1200;0;;18.2;;
83781;15/02/2018;0000;;24.1;;2.833333;
83781;15/02/2018;1200;1.3;;17.8;;
83781;16/02/2018;0000;;24.5;;4.033333;
83781;16/02/2018;1200;0.2;;17.1;;
83781;17/02/2018;0000;;27;;3.166667;
83781;17/02/2018;1200;0;;17.9;;
83781;18/02/2018;0000;;23.8;;0.466667;
83781;18/02/2018;1200;0;;19.8;;
83781;19/02/2018;0000;;26.8;;0.8;
83781;19/02/2018;1200;0;;18.6;;
83781;20/02/2018;0000;;27.7;;2.5;
83781;20/02/2018;1200;0;;21.2;;
83781;21/02/2018;0000;;29.7;;3.3;
83781;21/02/2018;1200;5;;21.5;;
83781;22/02/2018;0000;;30.2;;1.15;
83781;22/02/2018;1200;0;;20.4;;
83781;23/02/2018;0000;;27.3;;2.1;
83781;23/02/2018;1200;9;;19.3;;
83781;24/02/2018;0000;;27.5;;2.5;
83781;24/02/2018;1200;0;;17.8;;
83781;25/02/2018;0000;;26.8;;3.3;
83781;25/02/2018;1200;0;;17.6;;
83781;26/02/2018;0000;;27.2;;1.6;
83781;26/02/2018;1200;0;;19.6;;
83781;27/02/2018;0000;;28.5;;2.5;
83781;27/02/2018;1200;73.1;;19;;
83781;28/02/2018;0000;;30.3;;1.25;
83781;28/02/2018;1200;0;;19.5;;
83781;01/03/2018;0000;;30.6;;2.8;
83781;01/03/2018;1200;0;;20.9;;
83781;02/03/2018;0000;;31.4;;2.466667;
83781;02/03/2018;1200;0.5;;21.3;;
83781;03/03/2018;0000;;29.5;;2.466667;
83781;03/03/2018;1200;4.2;;20;;
83781;04/03/2018;0000;;31.3;;2.266667;
83781;04/03/2018;1200;0;;21;;
83781;05/03/2018;0000;;31.2;;1.266667;
83781;05/03/2018;1200;6.4;;20.4;;
83781;06/03/2018;0000;;29.8;;2.433333;
83781;06/03/2018;1200;22.1;;20.7;;
83781;07/03/2018;0000;;30;;2.166667;
83781;07/03/2018;1200;2.2;;21.3;;
83781;08/03/2018;0000;;23.8;;2.766667;
83781;08/03/2018;1200;0;;20.2;;
83781;09/03/2018;0000;;26.8;;2.5;
83781;09/03/2018;1200;0.4;;19.2;;
83781;10/03/2018;0000;;27.5;;1.933333;
83781;10/03/2018;1200;0;;20.1;;
83781;11/03/2018;0000;;31;;1.366667;
83781;11/03/2018;1200;0.4;;19.3;;
83781;12/03/2018;0000;;31.2;;1.8;
83781;12/03/2018;1200;0;;20.4;;
83781;13/03/2018;0000;;29.3;;1.933333;
83781;13/03/2018;1200;42.8;;20.3;;
83781;14/03/2018;0000;;33.6;;2.266667;
83781;14/03/2018;1200;0;;21.6;;
83781;15/03/2018;0000;;31;;2.466667;
83781;15/03/2018;1200;32.8;;19.9;;
83781;16/03/2018;0000;;30.5;;2.466667;
83781;16/03/2018;1200;0;;22.4;;
83781;17/03/2018;0000;;29.6;;1.9;
83781;17/03/2018;1200;0;;21.2;;
83781;18/03/2018;0000;;32;;1.6;
83781;18/03/2018;1200;0;;19.7;;
83781;19/03/2018;0000;;31.9;;1.366667;
83781;19/03/2018;1200;0;;21.4;;
83781;20/03/2018;0000;;31;;0.533333;
83781;20/03/2018;1200;0;;19.5;;
83781;21/03/2018;0000;;27;;1.833333;
83781;21/03/2018;1200;50.1;;19.5;;
83781;22/03/2018;0000;;26.4;;2.9;
83781;22/03/2018;1200;5.4;;19.8;;
83781;23/03/2018;0000;;30;;2.366667;
83781;23/03/2018;1200;0;;20.2;;
83781;24/03/2018;0000;;30.3;;2.033333;
83781;24/03/2018;1200;0;;20.1;;
83781;25/03/2018;0000;;30.2;;1.666667;
83781;25/03/2018;1200;0;;20.6;;
83781;26/03/2018;0000;;28.2;;2.633333;
83781;26/03/2018;1200;0;;21.6;;
83781;27/03/2018;0000;;28.6;;1.733333;
83781;27/03/2018;1200;13.6;;18.3;;
83781;28/03/2018;0000;;28.2;;1.933333;
83781;28/03/2018;1200;8.7;;19.1;;
83781;29/03/2018;0000;;28.5;;2.2;
83781;29/03/2018;1200;22.4;;19.6;;
83781;30/03/2018;0000;;27.8;;1.666667;
83781;30/03/2018;1200;1.5;;19.6;;
83781;31/03/2018;0000;;28.3;;1.333333;
83781;31/03/2018;1200;7;;19.3;;
83781;01/04/2018;0000;;28.5;;2.066667;
83781;01/04/2018;1200;8;;19.3;;
83781;02/04/2018;0000;;26;;2.366667;
83781;02/04/2018;1200;2.2;;20;;
83781;03/04/2018;0000;;26.3;;2.466667;
83781;03/04/2018;1200;0;;20.5;;
83781;04/04/2018;0000;;26.8;;1.633333;
83781;04/04/2018;1200;0.2;;19.3;;
83781;05/04/2018;0000;;27.8;;1.333333;
83781;05/04/2018;1200;0;;18.2;;
83781;06/04/2018;0000;;27.2;;3.533333;
83781;06/04/2018;1200;0;;19.4;;
83781;07/04/2018;0000;;28.6;;2.7;
83781;07/04/2018;1200;0;;18;;
83781;08/04/2018;0000;;28.1;;3.566667;
83781;08/04/2018;1200;0;;18.7;;
83781;09/04/2018;0000;;27.8;;2.266667;
83781;09/04/2018;1200;0;;18.6;;
83781;10/04/2018;0000;;28.2;;3.566667;
83781;10/04/2018;1200;0;;18.3;;
83781;11/04/2018;0000;;27.7;;2.6;
83781;11/04/2018;1200;0;;18.5;;
83781;12/04/2018;0000;;28.2;;2.166667;
83781;12/04/2018;1200;0;;17.7;;
83781;13/04/2018;0000;;29.8;;1.733333;
83781;13/04/2018;1200;0;;19.3;;
83781;14/04/2018;0000;;26.2;;2.166667;
83781;14/04/2018;1200;0;;19.6;;
83781;15/04/2018;0000;;20.8;;3.5;
83781;15/04/2018;1200;3.8;;18.4;;
83781;16/04/2018;0000;;21.2;;3.966667;
83781;16/04/2018;1200;13.8;;17;;
83781;17/04/2018;0000;;23.3;;2.433333;
83781;17/04/2018;1200;0;;15.7;;
83781;18/04/2018;0000;;25.1;;2.4;
83781;18/04/2018;1200;0;;14;;
83781;19/04/2018;0000;;26.2;;2.666667;
83781;19/04/2018;1200;0;;14;;
83781;20/04/2018;0000;;25.8;;2.2;
83781;20/04/2018;1200;0;;14.2;;
83781;21/04/2018;0000;;26.3;;1.9;
83781;21/04/2018;1200;0;;13.8;;
83781;22/04/2018;0000;;26.3;;2.333333;
83781;22/04/2018;1200;0;;15.8;;
83781;23/04/2018;0000;;26.7;;1.933333;
83781;23/04/2018;1200;0;;16.7;;
83781;24/04/2018;0000;;27;;2.166667;
83781;24/04/2018;1200;0;;17.1;;
83781;25/04/2018;0000;;28.2;;2.133333;
83781;25/04/2018;1200;0;;17.8;;
83781;26/04/2018;0000;;27.8;;1.866667;
83781;26/04/2018;1200;0;;18.6;;
83781;27/04/2018;0000;;28.6;;2.4;
83781;27/04/2018;1200;0;;18.8;;
83781;28/04/2018;0000;;28.4;;2.2;
83781;28/04/2018;1200;0;;19.3;;
83781;29/04/2018;0000;;28.4;;2.133333;
83781;29/04/2018;1200;0;;19;;
83781;30/04/2018;0000;;29;;1.033333;
83781;30/04/2018;1200;0;;17;;
83781;01/05/2018;0000;;28;;1.7;
83781;01/05/2018;1200;0;;18.1;;
83781;02/05/2018;0000;;27.5;;2.766667;
83781;02/05/2018;1200;0;;18;;
83781;03/05/2018;0000;;29;;2.2;
83781;03/05/2018;1200;0;;17.9;;
83781;04/05/2018;0000;;29.5;;1.666667;
83781;04/05/2018;1200;0;;17.7;;
83781;05/05/2018;0000;;29.6;;1.733333;
83781;05/05/2018;1200;0;;18.1;;
83781;06/05/2018;0000;;25.8;;3.133333;
83781;06/05/2018;1200;0;;18.1;;
83781;07/05/2018;0000;;25.4;;3.4;
83781;07/05/2018;1200;0;;18.3;;
83781;08/05/2018;0000;;24.1;;4.4;
83781;08/05/2018;1200;0;;16.9;;
83781;09/05/2018;0000;;25;;2.7;
83781;09/05/2018;1200;0;;15.7;;
83781;10/05/2018;0000;;26.6;;2.533333;
83781;10/05/2018;1200;0;;15.9;;
83781;11/05/2018;0000;;27.3;;2.966667;
83781;11/05/2018;1200;0;;15.2;;
83781;12/05/2018;0000;;26.4;;2.9;
83781;12/05/2018;1200;0;;18.4;;
83781;13/05/2018;0000;;23.6;;2.533333;
83781;13/05/2018;1200;0;;17;;
83781;14/05/2018;0000;;25.6;;2.566667;
83781;14/05/2018;1200;0;;16.3;;
83781;15/05/2018;0000;;22.6;;1.533333;
83781;15/05/2018;1200;0;;17.4;;
83781;16/05/2018;0000;;27.2;;3.566667;
83781;16/05/2018;1200;0;;17.6;;
83781;17/05/2018;0000;;24.1;;3.133333;
83781;17/05/2018;1200;0;;17.1;;
83781;18/05/2018;0000;;27.5;;2.3;
83781;18/05/2018;1200;0;;17.1;;
83781;19/05/2018;0000;;22.3;;3.866667;
83781;19/05/2018;1200;2.6;;15.4;;
83781;20/05/2018;0000;;21;;3.933333;
83781;20/05/2018;1200;8.2;;9.6;;
83781;21/05/2018;0000;;21.5;;0.9;
83781;21/05/2018;1200;0;;9.3;;
83781;22/05/2018;0000;;24.6;;1.333333;
83781;22/05/2018;1200;0;;9.7;;
83781;23/05/2018;0000;;22.2;;1.866667;
83781;23/05/2018;1200;0;;11.4;;
83781;24/05/2018;0000;;22.9;;2.4;
83781;24/05/2018;1200;0;;12.5;;
83781;25/05/2018;0000;;22.8;;2.466667;
83781;25/05/2018;1200;0;;12.1;;
83781;26/05/2018;0000;;23.3;;2.366667;
83781;26/05/2018;1200;0;;14.9;;
83781;27/05/2018;0000;;24.2;;1.9;
83781;27/05/2018;1200;0;;14.7;;
83781;28/05/2018;0000;;22.6;;2.866667;
83781;28/05/2018;1200;0;;12.9;;
83781;29/05/2018;0000;;24;;2.7;
83781;29/05/2018;1200;0;;13.3;;
83781;30/05/2018;0000;;24.4;;2.333333;
83781;30/05/2018;1200;0;;13.4;;
83781;31/05/2018;0000;;25.1;;2.066667;
83781;31/05/2018;1200;0;;12.5;;
83781;01/06/2018;0000;;25.1;;2.266667;
83781;01/06/2018;1200;0;;15.2;;
83781;02/06/2018;0000;;25.3;;1.466667;
83781;02/06/2018;1200;0;;16.3;;
83781;03/06/2018;0000;;22.5;;3.3;
83781;03/06/2018;1200;0.8;;13.7;;
83781;04/06/2018;0000;;17.4;;2.633333;
83781;04/06/2018;1200;0;;13.5;;
83781;05/06/2018;0000;;18.6;;2.233333;
83781;05/06/2018;1200;0.3;;14.1;;
83781;06/06/2018;0000;;23.2;;1.666667;
83781;06/06/2018;1200;0;;14;;
83781;07/06/2018;0000;;22.2;;2.5;
83781;07/06/2018;1200;2.6;;15.3;;
83781;08/06/2018;0000;;20.8;;2.633333;
83781;08/06/2018;1200;2;;14.3;;
83781;09/06/2018;0000;;19.7;;1.2;
83781;09/06/2018;1200;0;;12.5;;
83781;10/06/2018;0000;;24.5;;2.133333;
83781;10/06/2018;1200;0;;14;;
83781;11/06/2018;0000;;27.8;;1.9;
83781;11/06/2018;1200;0;;14.9;;
83781;12/06/2018;0000;;27.9;;2.766667;
83781;12/06/2018;1200;0;;17.3;;
83781;13/06/2018;0000;;24.2;;1.533333;
83781;13/06/2018;1200;6.8;;13.2;;
83781;14/06/2018;0000;;21.2;;3.866667;
83781;14/06/2018;1200;0.2;;13.4;;
83781;15/06/2018;0000;;16.8;;2.7;
83781;15/06/2018;1200;0;;12.5;;
83781;16/06/2018;0000;;16.2;;3.2;
83781;16/06/2018;1200;0;;13.5;;
83781;17/06/2018;0000;;20.1;;2.833333;
83781;17/06/2018;1200;0;;13.6;;
83781;18/06/2018;0000;;22;;2.933333;
83781;18/06/2018;1200;0;;13.9;;
83781;19/06/2018;0000;;23.3;;2.3;
83781;19/06/2018;1200;0;;15;;
83781;20/06/2018;0000;;25.5;;1.3;
83781;20/06/2018;1200;0;;14.7;;
83781;21/06/2018;0000;;25.4;;2.3;
83781;21/06/2018;1200;0;;14;;
83781;22/06/2018;0000;;24.6;;1.733333;
83781;22/06/2018;1200;0;;15;;
83781;23/06/2018;0000;;26.4;;1.866667;
83781;23/06/2018;1200;0;;14.6;;
83781;24/06/2018;0000;;28.5;;2.1;
83781;24/06/2018;1200;0;;17.5;;
83781;25/06/2018;0000;;27.2;;1.9;
83781;25/06/2018;1200;0;;15.9;;
83781;26/06/2018;0000;;26.5;;1.633333;
83781;26/06/2018;1200;0;;16.6;;
83781;27/06/2018;0000;;23.4;;1.9;
83781;27/06/2018;1200;0;;15.5;;
83781;28/06/2018;0000;;26;;1.6;
83781;28/06/2018;1200;0;;15.2;;
83781;29/06/2018;0000;;26.4;;1.966667;
83781;29/06/2018;1200;0;;14.7;;
83781;30/06/2018;0000;;26.8;;0.666667;
83781;30/06/2018;1200;0;;15.1;;
83781;01/07/2018;0000;;27.4;;0.533333;
83781;01/07/2018;1200;0;;14.9;;
83781;02/07/2018;0000;;27.3;;2.8;
83781;02/07/2018;1200;0;;14.9;;
83781;03/07/2018;0000;;24.7;;2.433333;
83781;03/07/2018;1200;0;;16.2;;
83781;04/07/2018;0000;;23.7;;2.633333;
83781;04/07/2018;1200;0;;15.5;;
83781;05/07/2018;0000;;28.5;;1.366667;
83781;05/07/2018;1200;0;;14.7;;
83781;06/07/2018;0000;;26.6;;0.966667;
83781;06/07/2018;1200;0;;15.3;;
83781;07/07/2018;0000;;25.2;;1.766667;
83781;07/07/2018;1200;0;;14;;
83781;08/07/2018;0000;;27.7;;1.266667;
83781;08/07/2018;1200;0;;18.4;;
83781;09/07/2018;0000;;25.2;;3.266667;
83781;09/07/2018;1200;0;;14.7;;
83781;10/07/2018;0000;;15.6;;2.2;
83781;10/07/2018;1200;0;;10.6;;
83781;11/07/2018;0000;;15.5;;2.166667;
83781;11/07/2018;1200;0;;9.7;;
83781;12/07/2018;0000;;19.4;;1.533333;
83781;12/07/2018;1200;0;;9.6;;
83781;13/07/2018;0000;;23.6;;1.066667;
83781;13/07/2018;1200;0;;9.1;;
83781;14/07/2018;0000;;26.4;;0.433333;
83781;14/07/2018;1200;0;;11;;
83781;15/07/2018;0000;;28.2;;0.533333;
83781;15/07/2018;1200;0;;13;;
83781;16/07/2018;0000;;28.3;;1.533333;
83781;16/07/2018;1200;0;;14.3;;
83781;17/07/2018;0000;;27;;0.666667;
83781;17/07/2018;1200;0;;14.4;;
83781;18/07/2018;0000;;27.8;;1.533333;
83781;18/07/2018;1200;0;;13.7;;
83781;19/07/2018;0000;;28.1;;1.1;
83781;19/07/2018;1200;0;;15;;
83781;20/07/2018;0000;;28.7;;1.7;
83781;20/07/2018;1200;0;;15;;
83781;21/07/2018;0000;;28.1;;4.166667;
83781;21/07/2018;1200;0;;15.7;;
83781;22/07/2018;0000;;22.1;;2.966667;
83781;22/07/2018;1200;0;;15;;
83781;23/07/2018;0000;;25.5;;0.9;
83781;23/07/2018;1200;0;;14.9;;
83781;24/07/2018;0000;;20.5;;2.466667;
83781;24/07/2018;1200;0;;14.1;;
83781;25/07/2018;0000;;23.8;;2.8;
83781;25/07/2018;1200;0;;14.9;;
83781;26/07/2018;0000;;25.5;;1.933333;
83781;26/07/2018;1200;0;;14.9;;
83781;27/07/2018;0000;;26.6;;1.6;
83781;27/07/2018;1200;0;;14.4;;
83781;28/07/2018;0000;;27.4;;1.6;
83781;28/07/2018;1200;0;;15;;
83781;29/07/2018;0000;;29.2;;1.966667;
83781;29/07/2018;1200;0;;16.1;;
83781;30/07/2018;0000;;25.2;;2.3;
83781;30/07/2018;1200;0;;16.4;;
83781;31/07/2018;0000;;18.4;;2.466667;
83781;31/07/2018;1200;24.2;;13.3;;
83781;01/08/2018;0000;;14.5;;3.033333;
83781;01/08/2018;1200;0;;12.5;;
83781;02/08/2018;0000;;17.1;;1.9;
83781;02/08/2018;1200;5;;12.4;;
83781;03/08/2018;0000;;16.2;;1.9;
83781;03/08/2018;1200;0;;13.6;;
83781;04/08/2018;0000;;20.4;;2.833333;
83781;04/08/2018;1200;17.6;;14.2;;
83781;05/08/2018;0000;;19.8;;1.3;
83781;05/08/2018;1200;0;;14.5;;
83781;06/08/2018;0000;;15.1;;1.6;
83781;06/08/2018;1200;5.1;;13.2;;
83781;07/08/2018;0000;;17.8;;2.9;
83781;07/08/2018;1200;8.5;;12;;
83781;08/08/2018;0000;;26;;1.833333;
83781;08/08/2018;1200;0;;12.9;;
83781;09/08/2018;0000;;24.6;;3.8;
83781;09/08/2018;1200;2.2;;15.2;;
83781;10/08/2018;0000;;20.7;;4.133333;
83781;10/08/2018;1200;0;;10.2;;
83781;11/08/2018;0000;;22.8;;1.6;
83781;11/08/2018;1200;0;;10.5;;
83781;12/08/2018;0000;;19.2;;2.433333;
83781;12/08/2018;1200;0;;10.5;;
83781;13/08/2018;0000;;21.4;;2.533333;
83781;13/08/2018;1200;0;;10.1;;
83781;14/08/2018;0000;;27.9;;2.2;
83781;14/08/2018;1200;0;;10;;
83781;15/08/2018;0000;;17.8;;2.5;
83781;15/08/2018;1200;0;;12.7;;
83781;16/08/2018;0000;;17.3;;3.8;
83781;16/08/2018;1200;0;;13.8;;
83781;17/08/2018;0000;;17.4;;2.733333;
83781;17/08/2018;1200;0.5;;13.5;;
83781;18/08/2018;0000;;22.2;;2.466667;
83781;18/08/2018;1200;0.1;;13;;
83781;19/08/2018;0000;;26.7;;1.833333;
83781;19/08/2018;1200;0;;13.7;;
83781;20/08/2018;0000;;27.8;;1.666667;
83781;20/08/2018;1200;0;;14.4;;
83781;21/08/2018;0000;;28.8;;3.8;
83781;21/08/2018;1200;0;;14.2;;
83781;22/08/2018;0000;;26.5;;1.533333;
83781;22/08/2018;1200;0;;14.9;;
83781;23/08/2018;0000;;27.7;;1.8;
83781;23/08/2018;1200;0;;16.2;;
83781;24/08/2018;0000;;29.7;;2.466667;
83781;24/08/2018;1200;0;;17.7;;
83781;25/08/2018;0000;;22.4;;3.2;
83781;25/08/2018;1200;8.8;;16.3;;
83781;26/08/2018;0000;;16.8;;3.4;
83781;26/08/2018;1200;1;;11.3;;
83781;27/08/2018;0000;;16.8;;3.033333;
83781;27/08/2018;1200;0;;11.2;;
83781;28/08/2018;0000;;24.8;;2.633333;
83781;28/08/2018;1200;0;;12.6;;
83781;29/08/2018;0000;;25.7;;2;
83781;29/08/2018;1200;0;;13.9;;
83781;30/08/2018;0000;;29.2;;2.866667;
83781;30/08/2018;1200;0;;14.5;;
83781;31/08/2018;0000;;29.8;;1.2;
83781;31/08/2018;1200;0;;15.9;;
83781;01/09/2018;0000;;31.8;;1.066667;
83781;01/09/2018;1200;0;;17;;
83781;02/09/2018;0000;;31.4;;2.766667;
83781;02/09/2018;1200;0;;16.3;;
83781;03/09/2018;0000;;26;;3.566667;
83781;03/09/2018;1200;0;;15.1;;
83781;04/09/2018;0000;;17.2;;3.566667;
83781;04/09/2018;1200;2;;12;;
83781;05/09/2018;0000;;16;;2.9;
83781;05/09/2018;1200;24.2;;11.1;;
83781;06/09/2018;0000;;22.1;;2.833333;
83781;06/09/2018;1200;0;;9.8;;
83781;07/09/2018;0000;;27.2;;2.733333;
83781;07/09/2018;1200;0;;11.4;;
83781;08/09/2018;0000;;26.4;;2.633333;
83781;08/09/2018;1200;0;;12;;
83781;09/09/2018;0000;;24.5;;3.133333;
83781;09/09/2018;1200;0;;13;;
83781;10/09/2018;0000;;25;;3.233333;
83781;10/09/2018;1200;0;;13.9;;
83781;11/09/2018;0000;;24;;4.133333;
83781;11/09/2018;1200;0;;14.2;;
83781;12/09/2018;0000;;23.7;;4.7;
83781;12/09/2018;1200;0;;14.9;;
83781;13/09/2018;0000;;26.8;;2.2;
83781;13/09/2018;1200;0;;15.1;;
83781;14/09/2018;0000;;19;;1.633333;
83781;14/09/2018;1200;6.7;;16.1;;
83781;15/09/2018;0000;;23.4;;3.033333;
83781;15/09/2018;1200;10;;16;;
83781;16/09/2018;0000;;23;;3.733333;
83781;16/09/2018;1200;0;;15;;
83781;17/09/2018;0000;;19.5;;2.266667;
83781;17/09/2018;1200;1.5;;14.7;;
83781;18/09/2018;0000;;23.9;;2.7;
83781;18/09/2018;1200;8.2;;14.9;;
83781;19/09/2018;0000;;29.9;;2.366667;
83781;19/09/2018;1200;0;;18.9;;
83781;20/09/2018;0000;;25;;3.266667;
83781;20/09/2018;1200;0;;18.1;;
83781;21/09/2018;0000;;27.7;;0.866667;
83781;21/09/2018;1200;7.1;;17.4;;
83781;22/09/2018;0000;;28.8;;1.8;
83781;22/09/2018;1200;0;;15.9;;
83781;23/09/2018;0000;;32.4;;1.633333;
83781;23/09/2018;1200;0;;16.4;;
83781;24/09/2018;0000;;33.5;;2.833333;
83781;24/09/2018;1200;0;;16.5;;
83781;25/09/2018;0000;;26.4;;2.733333;
83781;25/09/2018;1200;0;;16.4;;
83781;26/09/2018;0000;;32.2;;2.433333;
83781;26/09/2018;1200;0;;18.3;;
83781;27/09/2018;0000;;28.8;;2.766667;
83781;27/09/2018;1200;2;;19.5;;
83781;28/09/2018;0000;;22.2;;2.5;
83781;28/09/2018;1200;11.1;;18.8;;
83781;29/09/2018;0000;;28.2;;3.066667;
83781;29/09/2018;1200;0;;18.4;;
83781;30/09/2018;0000;;28.9;;1.233333;
83781;30/09/2018;1200;0;;19.2;;
83781;01/10/2018;0000;;25.2;;1.3;
83781;01/10/2018;1200;35.5;;18.9;;
83781;02/10/2018;0000;;30.9;;1.2;
83781;02/10/2018;1200;3.2;;17.8;;
83781;03/10/2018;0000;;31.9;;2.05;
83781;03/10/2018;1200;0;;19.9;;
83781;04/10/2018;0000;;23;;2.85;
83781;04/10/2018;1200;0.6;;18.2;;
83781;05/10/2018;0000;;18.6;;3.7;
83781;05/10/2018;1200;0;;13.8;;
83781;06/10/2018;0000;;17.8;;3.85;
83781;06/10/2018;1200;0;;13.8;;
83781;07/10/2018;0000;;19.4;;2.7;
83781;07/10/2018;1200;0;;15.4;;
83781;08/10/2018;0000;;21.7;;2;
83781;08/10/2018;1200;1.6;;16.2;;
83781;09/10/2018;0000;;28.3;;2.1;
83781;09/10/2018;1200;15.2;;18.7;;
83781;10/10/2018;0000;;28.6;;3.45;
83781;10/10/2018;1200;1.2;;19.8;;
83781;11/10/2018;0000;;20.8;;2.8;
83781;11/10/2018;1200;0.2;;18.1;;
83781;12/10/2018;0000;;27.3;;3.3;
83781;12/10/2018;1200;1;;18.2;;
83781;13/10/2018;0000;;30.4;;1.15;
83781;13/10/2018;1200;0;;18.9;;
83781;14/10/2018;0000;;20.6;;2.45;
83781;14/10/2018;1200;6.8;;17.1;;
83781;15/10/2018;0000;;24.1;;6.05;
83781;15/10/2018;1200;12.6;;16.6;;
83781;16/10/2018;0000;;24.9;;2.8;
83781;16/10/2018;1200;0.8;;17.2;;
83781;17/10/2018;0000;;29.5;;1.55;
83781;17/10/2018;1200;0;;18;;
83781;18/10/2018;0000;;29.9;;1.35;
83781;18/10/2018;1200;4.7;;18.9;;
83781;19/10/2018;0000;;21.1;;4.3;
83781;19/10/2018;1200;4.9;;17.1;;
83781;20/10/2018;0000;;21.9;;4.8;
83781;20/10/2018;1200;0.3;;14.4;;
83781;21/10/2018;0000;;22;;5;
83781;21/10/2018;1200;0;;12.8;;
83781;22/10/2018;0000;;28.3;;3.433333;
83781;22/10/2018;1200;0;;15.2;;
83781;23/10/2018;0000;;30.2;;2.966667;
83781;23/10/2018;1200;0;;16;;
83781;24/10/2018;0000;;19.5;;3.3;
83781;24/10/2018;1200;3;;17.2;;
83781;25/10/2018;0000;;21.4;;2.2;
83781;25/10/2018;1200;17.6;;17.2;;
83781;26/10/2018;0000;;25.4;;0.8;
83781;26/10/2018;1200;5.7;;17.5;;
83781;27/10/2018;0000;;25.6;;4.15;
83781;27/10/2018;1200;0.8;;19.3;;
83781;28/10/2018;0000;;19.5;;4.066667;
83781;28/10/2018;1200;5.2;;14;;
83781;29/10/2018;0000;;21;;3.733333;
83781;29/10/2018;1200;0.1;;13.4;;
83781;30/10/2018;0000;;28;;2.966667;
83781;30/10/2018;1200;0;;15.6;;
83781;31/10/2018;0000;;31.4;;2.066667;
83781;31/10/2018;1200;0;;16.7;;
83781;01/11/2018;0000;;27.9;;1.266667;
83781;01/11/2018;1200;10.2;;18.1;;
83781;02/11/2018;0000;;27.2;;3.3;
83781;02/11/2018;1200;0;;18.2;;
83781;03/11/2018;0000;;31.4;;4.533333;
83781;03/11/2018;1200;0;;19.1;;
83781;04/11/2018;0000;;22.8;;3.866667;
83781;04/11/2018;1200;5;;17.2;;
83781;05/11/2018;0000;;21.2;;3.833333;
83781;05/11/2018;1200;0.4;;15.1;;
83781;06/11/2018;0000;;23.2;;2.566667;
83781;06/11/2018;1200;0;;15.9;;
83781;07/11/2018;0000;;23.2;;3.4;
83781;07/11/2018;1200;0;;16.2;;
83781;08/11/2018;0000;;20.8;;4.566667;
83781;08/11/2018;1200;4.4;;15.8;;
83781;09/11/2018;0000;;24.4;;4.433333;
83781;09/11/2018;1200;4;;16.2;;
83781;10/11/2018;0000;;25.3;;2.133333;
83781;10/11/2018;1200;0;;17.3;;
83781;11/11/2018;0000;;28.6;;2.566667;
83781;11/11/2018;1200;0;;19.2;;
83781;12/11/2018;0000;;30;;3.266667;
83781;12/11/2018;1200;0;;18.6;;
83781;13/11/2018;0000;;32.2;;2.466667;
83781;13/11/2018;1200;0;;19.4;;
83781;14/11/2018;0000;;32.5;;3.466667;
83781;14/11/2018;1200;0;;23.4;;
83781;15/11/2018;0000;;29.7;;3.7;
83781;15/11/2018;1200;0;;20.8;;
83781;16/11/2018;0000;;25.2;;3.8;
83781;16/11/2018;1200;0.1;;18.3;;
83781;17/11/2018;0000;;29;;2.633333;
83781;17/11/2018;1200;0;;16.5;;
83781;18/11/2018;0000;;28.5;;3.2;
83781;18/11/2018;1200;0;;18.8;;
83781;19/11/2018;0000;;23.4;;3.466667;
83781;19/11/2018;1200;28.6;;14.2;;
83781;20/11/2018;0000;;19.5;;5.433333;
83781;20/11/2018;1200;14;;14.2;;
83781;21/11/2018;0000;;20.4;;2.766667;
83781;21/11/2018;1200;0;;15.1;;
83781;22/11/2018;0000;;28.8;;2.4;
83781;22/11/2018;1200;0;;17.5;;
83781;23/11/2018;0000;;29.5;;1.766667;
83781;23/11/2018;1200;13.1;;18.6;;
83781;24/11/2018;0000;;25.8;;4.333333;
83781;24/11/2018;1200;9.2;;19.4;;
83781;25/11/2018;0000;;24.5;;3.3;
83781;25/11/2018;1200;7.1;;18.8;;
83781;26/11/2018;0000;;22.5;;3.833333;
83781;26/11/2018;1200;3.6;;17.6;;
83781;27/11/2018;0000;;25.2;;3.366667;
83781;27/11/2018;1200;0;;15.5;;
83781;28/11/2018;0000;;28.8;;3.566667;
83781;28/11/2018;1200;0;;19.4;;
83781;29/11/2018;0000;;29.8;;2.8;
83781;29/11/2018;1200;0;;19.2;;
83781;30/11/2018;0000;;31.5;;2.1;
83781;30/11/2018;1200;2;;20;;
83781;01/12/2018;0000;;26.6;;2.1;
83781;01/12/2018;1200;76.6;;18.9;;
83781;02/12/2018;0000;;26.7;;3.3;
83781;02/12/2018;1200;30.6;;19;;
83781;03/12/2018;0000;;22.7;;2.6;
83781;03/12/2018;1200;1;;16.5;;
83781;04/12/2018;0000;;30;;2.466667;
83781;04/12/2018;1200;0;;16.9;;
83781;05/12/2018;0000;;29.8;;2.9;
83781;05/12/2018;1200;0;;20.2;;
83781;06/12/2018;0000;;29.4;;2.733333;
83781;06/12/2018;1200;4;;17.9;;
83781;07/12/2018;0000;;24.5;;3.866667;
83781;07/12/2018;1200;0;;17.2;;
83781;08/12/2018;0000;;20;;5;
83781;08/12/2018;1200;1;;13.7;;
83781;09/12/2018;0000;;26.8;;3.733333;
83781;09/12/2018;1200;0;;13.3;;
83781;10/12/2018;0000;;30;;3.1;
83781;10/12/2018;1200;0;;15.7;;
83781;11/12/2018;0000;;31.5;;2.733333;
83781;11/12/2018;1200;0;;19.2;;
83781;12/12/2018;0000;;33.6;;0.533333;
83781;12/12/2018;1200;0;;20.2;;
83781;13/12/2018;0000;;32;;3.7;
83781;13/12/2018;1200;14;;20.5;;
83781;14/12/2018;0000;;33.5;;1;
83781;14/12/2018;1200;12.2;;19.6;;
83781;15/12/2018;0000;;33.6;;2.366667;
83781;15/12/2018;1200;0;;22.4;;
83781;16/12/2018;0000;;32.6;;2.466667;
83781;16/12/2018;1200;0;;22.3;;
83781;17/12/2018;0000;;34.1;;3.033333;
83781;17/12/2018;1200;0.7;;22.3;;
83781;18/12/2018;0000;;34.4;;2.2;
83781;18/12/2018;1200;7.4;;20.7;;
83781;19/12/2018;0000;;31.2;;2.5;
83781;19/12/2018;1200;6.8;;21.6;;
83781;20/12/2018;0000;;33.6;;2.066667;
83781;20/12/2018;1200;8;;21.7;;
83781;21/12/2018;0000;;32.2;;2.466667;
83781;21/12/2018;1200;0;;22.3;;
83781;22/12/2018;0000;;33;;2.2;
83781;22/12/2018;1200;0;;21.7;;
83781;23/12/2018;0000;;30.2;;1.9;
83781;23/12/2018;1200;0.4;;21;;
83781;24/12/2018;0000;;28.4;;3.4;
83781;24/12/2018;1200;18.2;;19.9;;
83781;25/12/2018;0000;;24.2;;3.2;
83781;25/12/2018;1200;7;;19.3;;
83781;26/12/2018;0000;;27.3;;2.9;
83781;26/12/2018;1200;0.6;;18;;
83781;27/12/2018;0000;;28.7;;3.566667;
83781;27/12/2018;1200;0;;19;;
83781;28/12/2018;0000;;28.9;;2.066667;
83781;28/12/2018;1200;0;;18.9;;
83781;29/12/2018;0000;;30.4;;2.266667;
83781;29/12/2018;1200;2.6;;18.8;;
83781;30/12/2018;0000;;32.4;;2.2;
83781;30/12/2018;1200;0;;19.1;;
83781;31/12/2018;0000;;31;;2.633333;
83781;31/12/2018;1200;0;;19.1;;
83781;01/01/2019;0000;;31.8;;2.3;
83781;01/01/2019;1200;0;;18.7;;
83781;02/01/2019;0000;;32;;2.566667;
83781;02/01/2019;1200;6.7;;21;;
83781;03/01/2019;0000;;33.3;;3.066667;
83781;03/01/2019;1200;0;;20.6;;
83781;04/01/2019;0000;;29.4;;1.266667;
83781;04/01/2019;1200;37.8;;20.7;;
83781;05/01/2019;0000;;24.7;;1.633333;
83781;05/01/2019;1200;25.6;;20.3;;
83781;06/01/2019;0000;;29.6;;2;
83781;06/01/2019;1200;22.1;;20.1;;
83781;07/01/2019;0000;;33.5;;2.166667;
83781;07/01/2019;1200;15;;20.6;;
83781;08/01/2019;0000;;33;;2.166667;
83781;08/01/2019;1200;0;;21.8;;
83781;09/01/2019;0000;;34.5;;1.6;
83781;09/01/2019;1200;0.8;;21.6;;
83781;10/01/2019;0000;;32.5;;2.4;
83781;10/01/2019;1200;0;;22.5;;
83781;11/01/2019;0000;;32.2;;2.733333;
83781;11/01/2019;1200;0;;20.3;;
83781;12/01/2019;0000;;30.8;;1.2;
83781;12/01/2019;1200;25.4;;19.8;;
83781;13/01/2019;0000;;31.5;;1.85;
83781;13/01/2019;1200;0;;21;;
83781;14/01/2019;0000;;32.5;;0;
83781;14/01/2019;1200;0;;21.6;;
83781;15/01/2019;0000;;31.8;;0.8;
83781;15/01/2019;1200;0;;22.7;;
83781;16/01/2019;0000;;31;;2.9;
83781;16/01/2019;1200;8.8;;20.2;;
83781;17/01/2019;0000;;33.7;;1.2;
83781;17/01/2019;1200;3.2;;19.6;;
83781;18/01/2019;0000;;32.8;;1.85;
83781;18/01/2019;1200;10.2;;19.5;;
83781;19/01/2019;0000;;33.4;;0.8;
83781;19/01/2019;1200;0;;22;;
83781;20/01/2019;0000;;32;;0.8;
83781;20/01/2019;1200;1;;22.1;;
83781;21/01/2019;0000;;33.9;;1.6;
83781;21/01/2019;1200;0.6;;21.8;;
83781;22/01/2019;0000;;31.5;;2.8;
83781;22/01/2019;1200;0;;21.4;;
83781;23/01/2019;0000;;32.2;;2.5;
83781;23/01/2019;1200;22;;21.3;;
83781;24/01/2019;0000;;30.5;;2.05;
83781;24/01/2019;1200;6;;18.6;;
83781;25/01/2019;0000;;27.4;;2.8;
83781;25/01/2019;1200;44;;18;;
83781;26/01/2019;0000;;28.7;;2.25;
83781;26/01/2019;1200;23.5;;16.5;;
83781;27/01/2019;0000;;31;;0.8;
83781;27/01/2019;1200;0;;19;;
83781;28/01/2019;0000;;34;;1.6;
83781;28/01/2019;1200;0;;21.3;;
83781;29/01/2019;0000;;32.7;;0.8;
83781;29/01/2019;1200;0;;22.7;;
83781;30/01/2019;0000;;35.1;;1.5;
83781;30/01/2019;1200;1.2;;18;;
83781;31/01/2019;0000;;34.4;;1.533333;
83781;31/01/2019;1200;52;;17.8;;
83781;01/02/2019;0000;;35.5;;1.866667;
83781;01/02/2019;1200;0;;21.7;;
83781;02/02/2019;0000;;35.9;;1.833333;
83781;02/02/2019;1200;0;;22.5;;
83781;03/02/2019;0000;;31.4;;2.633333;
83781;03/02/2019;1200;0;;22.8;;
83781;04/02/2019;0000;;24;;3.266667;
83781;04/02/2019;1200;57;;17.6;;
83781;05/02/2019;0000;;25.3;;3.166667;
83781;05/02/2019;1200;3.8;;17.1;;
83781;06/02/2019;0000;;19.5;;2;
83781;06/02/2019;1200;9;;17;;
83781;07/02/2019;0000;;27.7;;2.3;
83781;07/02/2019;1200;41.2;;17.1;;
83781;08/02/2019;0000;;30.4;;1.366667;
83781;08/02/2019;1200;0;;17.8;;
83781;09/02/2019;0000;;32.3;;2.8;
83781;09/02/2019;1200;0;;18.3;;
83781;10/02/2019;0000;;35.3;;2.4;
83781;10/02/2019;1200;0;;18.8;;
83781;11/02/2019;0000;;32.8;;1.9;
83781;11/02/2019;1200;0;;21.8;;
83781;12/02/2019;0000;;29.5;;3.1;
83781;12/02/2019;1200;0;;21.7;;
83781;13/02/2019;0000;;22.2;;2.533333;
83781;13/02/2019;1200;6.8;;18.8;;
83781;14/02/2019;0000;;24.2;;2.766667;
83781;14/02/2019;1200;0.4;;18.1;;
83781;15/02/2019;0000;;23.4;;2.9;
83781;15/02/2019;1200;0;;17.9;;
83781;16/02/2019;0000;;24.8;;2.2;
83781;16/02/2019;1200;39.2;;18.9;;
83781;17/02/2019;0000;;25.4;;1.666667;
83781;17/02/2019;1200;44.2;;19.4;;
83781;18/02/2019;0000;;30.2;;2.05;
83781;18/02/2019;1200;2;;19.7;;
83781;19/02/2019;0000;;31.2;;2.05;
83781;19/02/2019;1200;0;;20.9;;
83781;20/02/2019;0000;;29.4;;2.9;
83781;20/02/2019;1200;0;;21.5;;
83781;21/02/2019;0000;;28.6;;0;
83781;21/02/2019;1200;10.6;;20.2;;
83781;22/02/2019;0000;;29.6;;1.25;
83781;22/02/2019;1200;13.2;;20.3;;
83781;23/02/2019;0000;;31.6;;0;
83781;23/02/2019;1200;9.8;;19.6;;
83781;24/02/2019;0000;;32.5;;0.8;
83781;24/02/2019;1200;0;;22.1;;
83781;25/02/2019;0000;;31.6;;3.15;
83781;25/02/2019;1200;3.6;;19.3;;
83781;26/02/2019;0000;;27.6;;2.3;
83781;26/02/2019;1200;47.8;;18.3;;
83781;27/02/2019;0000;;27.8;;2.3;
83781;27/02/2019;1200;17;;18.2;;
83781;28/02/2019;0000;;22.7;;2.633333;
83781;28/02/2019;1200;17.6;;20.2;;
83781;01/03/2019;0000;;23.4;;1.6;
83781;01/03/2019;1200;27.1;;19.3;;
83781;02/03/2019;0000;;28;;1.366667;
83781;02/03/2019;1200;2.4;;19.6;;
83781;03/03/2019;0000;;29.5;;1.333333;
83781;03/03/2019;1200;31;;19.1;;
83781;04/03/2019;0000;;28.8;;1.933333;
83781;04/03/2019;1200;5;;19.6;;
83781;05/03/2019;0000;;31.2;;1.4;
83781;05/03/2019;1200;0;;20.1;;
83781;06/03/2019;0000;;31.4;;1.933333;
83781;06/03/2019;1200;4;;19.8;;
83781;07/03/2019;0000;;29.2;;3.3;
83781;07/03/2019;1200;0.1;;20.3;;
83781;08/03/2019;0000;;30;;2.366667;
83781;08/03/2019;1200;19.4;;20;;
83781;09/03/2019;0000;;33.5;;1.066667;
83781;09/03/2019;1200;0;;18.5;;
83781;10/03/2019;0000;;27.8;;3.2;
83781;10/03/2019;1200;42;;18.4;;
83781;11/03/2019;0000;;24.4;;2.066667;
83781;11/03/2019;1200;37.2;;18.7;;
83781;12/03/2019;0000;;30.7;;2.133333;
83781;12/03/2019;1200;0;;19.5;;
83781;13/03/2019;0000;;29.5;;2.9;
83781;13/03/2019;1200;18.4;;20.7;;
83781;14/03/2019;0000;;29.1;;2.733333;
83781;14/03/2019;1200;0;;20.5;;
83781;15/03/2019;0000;;29;;1.933333;
83781;15/03/2019;1200;3.5;;20.3;;
83781;16/03/2019;0000;;28.8;;2.2;
83781;16/03/2019;1200;1.5;;20.8;;
83781;17/03/2019;0000;;28.1;;1.633333;
83781;17/03/2019;1200;0.6;;21.1;;
83781;18/03/2019;0000;;30.3;;2.233333;
83781;18/03/2019;1200;20.4;;21.4;;
83781;19/03/2019;0000;;31.1;;2.633333;
83781;19/03/2019;1200;0;;22.1;;
83781;20/03/2019;0000;;26.9;;3.566667;
83781;20/03/2019;1200;16;;20.3;;
83781;21/03/2019;0000;;21.9;;4.1;
83781;21/03/2019;1200;6;;17;;
83781;22/03/2019;0000;;22.2;;3.6;
83781;22/03/2019;1200;4.2;;15.8;;
83781;23/03/2019;0000;;29;;1.9;
83781;23/03/2019;1200;0;;16.4;;
83781;24/03/2019;0000;;29.2;;2.233333;
83781;24/03/2019;1200;0;;20.1;;
83781;25/03/2019;0000;;31.4;;1.9;
83781;25/03/2019;1200;0;;18.6;;
83781;26/03/2019;0000;;30.1;;2.2;
83781;26/03/2019;1200;0;;18.9;;
83781;27/03/2019;0000;;29.2;;3.733333;
83781;27/03/2019;1200;0;;18.6;;
83781;28/03/2019;0000;;25.3;;3.033333;
83781;28/03/2019;1200;0;;19.5;;
83781;29/03/2019;0000;;25.8;;4.133333;
83781;29/03/2019;1200;0.8;;17.5;;
83781;30/03/2019;0000;;27.8;;2.133333;
83781;30/03/2019;1200;0;;17.3;;

		
	
[Fechar] <#>
	
		

