--------------------
BDMEP - INMET
--------------------
Estação           : SOROCABA - SP (OMM: 83851)
Latitude  (graus) : -23.48
Longitude (graus) : -47.43
Altitude  (metros): 645.00
Estação Operante
Inicio de operação: 01/01/1928
Periodo solicitado dos dados: 01/01/2018 a 30/03/2019
Os dados listados abaixo são os que encontram-se digitados no BDMEP
Hora em UTC
--------------------
Obs.: Os dados aparecem separados por ; (ponto e vírgula) no formato txt.
      Para o formato planilha XLS, siga as instruções <http://www.inmet.gov.br/projetos/rede/pesquisa/instrucao.html>
--------------------
Estacao;Data;Hora;Precipitacao;TempMaxima;TempMinima;Velocidade do Vento Media;
83851;03/01/2018;0000;;29.1;;0;
83851;03/01/2018;1200;;;21.2;;
83851;04/01/2018;0000;;31.7;;1;
83851;04/01/2018;1200;3.6;;18;;
83851;05/01/2018;0000;;32.6;;0;
83851;05/01/2018;1200;0;;18.3;;
83851;06/01/2018;0000;;30.7;;0.5;
83851;06/01/2018;1200;0;;20.9;;
83851;07/01/2018;0000;;27.1;;0.5;
83851;07/01/2018;1200;1.8;;19.7;;
83851;08/01/2018;0000;;25.8;;0;
83851;08/01/2018;1200;1.1;;19.7;;
83851;09/01/2018;0000;;26.1;;0.5;
83851;09/01/2018;1200;22.8;;19.6;;
83851;10/01/2018;0000;;32.8;;1;
83851;10/01/2018;1200;0;;20.1;;
83851;11/01/2018;0000;;31.5;;0.5;
83851;11/01/2018;1200;0;;19.9;;
83851;12/01/2018;0000;;26.9;;0.5;
83851;12/01/2018;1200;0;;19.7;;
83851;13/01/2018;0000;;27.1;;0.5;
83851;13/01/2018;1200;16.2;;18.8;;
83851;14/01/2018;0000;;30.7;;0.5;
83851;14/01/2018;1200;0;;19.5;;
83851;15/01/2018;0000;;30.9;;0.5;
83851;15/01/2018;1200;2.8;;20.3;;
83851;16/01/2018;0000;;30.7;;0;
83851;16/01/2018;1200;0;;21.2;;
83851;17/01/2018;0000;;33.8;;0.5;
83851;17/01/2018;1200;0.6;;21.4;;
83851;18/01/2018;0000;;31.6;;1;
83851;18/01/2018;1200;0.2;;21.9;;
83851;19/01/2018;0000;;30.9;;1;
83851;19/01/2018;1200;2.6;;21;;
83851;20/01/2018;0000;;33;;0.5;
83851;20/01/2018;1200;1.2;;21;;
83851;21/01/2018;0000;;32.8;;0.5;
83851;21/01/2018;1200;16.3;;20.5;;
83851;22/01/2018;0000;;34.6;;1;
83851;22/01/2018;1200;2;;20.3;;
83851;23/01/2018;0000;;35.2;;1.5;
83851;23/01/2018;1200;0;;21.2;;
83851;24/01/2018;0000;;34.4;;0.5;
83851;24/01/2018;1200;49;;20.6;;
83851;25/01/2018;0000;;31.3;;1;
83851;25/01/2018;1200;15.8;;20.8;;
83851;26/01/2018;0000;;29.3;;1.5;
83851;26/01/2018;1200;0;;22.5;;
83851;27/01/2018;0000;;28.7;;1.5;
83851;27/01/2018;1200;0;;19.9;;
83851;28/01/2018;0000;;33.8;;1;
83851;28/01/2018;1200;0;;21;;
83851;29/01/2018;0000;;31.5;;1;
83851;29/01/2018;1200;8.9;;21;;
83851;30/01/2018;0000;;25.3;;1;
83851;30/01/2018;1200;14;;19.3;;
83851;31/01/2018;0000;;29.4;;1;
83851;31/01/2018;1200;11.6;;16.6;;
83851;01/02/2018;0000;;30.7;;1;
83851;01/02/2018;1200;0.7;;17.2;;
83851;02/02/2018;0000;;30.9;;1;
83851;02/02/2018;1200;0;;18.8;;
83851;03/02/2018;0000;;29.5;;1;
83851;03/02/2018;1200;0;;18.7;;
83851;04/02/2018;0000;;28.9;;1;
83851;04/02/2018;1200;0;;17.7;;
83851;05/02/2018;0000;;29.9;;1.5;
83851;05/02/2018;1200;0;;17.9;;
83851;06/02/2018;0000;;29.3;;0.5;
83851;06/02/2018;1200;0;;18.7;;
83851;07/02/2018;0000;;31.1;;0;
83851;07/02/2018;1200;0;;16.7;;
83851;08/02/2018;0000;;33.6;;1;
83851;08/02/2018;1200;0;;17.7;;
83851;09/02/2018;0000;;35.2;;1;
83851;09/02/2018;1200;0;;19.9;;
83851;10/02/2018;0000;;30.9;;1;
83851;10/02/2018;1200;0;;22.9;;
83851;11/02/2018;0000;;32.8;;0.5;
83851;11/02/2018;1200;0;;22.4;;
83851;12/02/2018;0000;;32.8;;0.5;
83851;12/02/2018;1200;1.4;;20.3;;
83851;13/02/2018;0000;;25.7;;1;
83851;13/02/2018;1200;0;;21;;
83851;14/02/2018;0000;;26.1;;1.5;
83851;14/02/2018;1200;0.4;;19.8;;
83851;15/02/2018;0000;;27.3;;1;
83851;15/02/2018;1200;1.7;;18.8;;
83851;16/02/2018;0000;;29.9;;1.5;
83851;16/02/2018;1200;0;;17.7;;
83851;17/02/2018;0000;;31.7;;1;
83851;17/02/2018;1200;0;;16.7;;
83851;18/02/2018;0000;;26.3;;0;
83851;18/02/2018;1200;3;;19.8;;
83851;19/02/2018;0000;;28.3;;0.5;
83851;19/02/2018;1200;0;;19.1;;
83851;20/02/2018;0000;;30.3;;0.5;
83851;20/02/2018;1200;0.3;;20.9;;
83851;21/02/2018;0000;;31.3;;0.5;
83851;21/02/2018;1200;0.6;;21.5;;
83851;22/02/2018;0000;;32.4;;0.5;
83851;22/02/2018;1200;0;;20.3;;
83851;23/02/2018;0000;;30.7;;1;
83851;23/02/2018;1200;1;;19.9;;
83851;24/02/2018;0000;;30.1;;1.5;
83851;24/02/2018;1200;0;;17.4;;
83851;25/02/2018;0000;;30.9;;1;
83851;25/02/2018;1200;0;;17.7;;
83851;26/02/2018;0000;;29.9;;0.5;
83851;26/02/2018;1200;0;;18.2;;
83851;27/02/2018;0000;;29.7;;0.5;
83851;27/02/2018;1200;0.2;;20.9;;
83851;28/02/2018;0000;;33.6;;0.5;
83851;28/02/2018;1200;0;;18.9;;
83851;01/03/2018;0000;;32.6;;0.5;
83851;01/03/2018;1200;0.5;;19.8;;
83851;02/03/2018;0000;;32.8;;0;
83851;02/03/2018;1200;1.6;;20.8;;
83851;03/03/2018;0000;;31.5;;0;
83851;03/03/2018;1200;22;;20.9;;
83851;04/03/2018;0000;;33;;0;
83851;04/03/2018;1200;0;;21.5;;
83851;05/03/2018;0000;;33.4;;0.5;
83851;05/03/2018;1200;1.5;;20.2;;
83851;06/03/2018;0000;;33.2;;0;
83851;06/03/2018;1200;0;;20.8;;
83851;07/03/2018;0000;;30.9;;0.5;
83851;07/03/2018;1200;4.2;;21;;
83851;08/03/2018;0000;;28.5;;1;
83851;08/03/2018;1200;13.7;;21;;
83851;09/03/2018;0000;;31.7;;1;
83851;09/03/2018;1200;0;;19.8;;
83851;10/03/2018;0000;;32.6;;0.5;
83851;10/03/2018;1200;0;;19.3;;
83851;11/03/2018;0000;;33.8;;0;
83851;11/03/2018;1200;0;;18.7;;
83851;12/03/2018;0000;;33.2;;0.5;
83851;12/03/2018;1200;0;;20.8;;
83851;13/03/2018;0000;;34;;0.5;
83851;13/03/2018;1200;0;;22;;
83851;14/03/2018;0000;;35.8;;1.5;
83851;14/03/2018;1200;0;;22.4;;
83851;15/03/2018;0000;;32.8;;0.5;
83851;15/03/2018;1200;16;;19.9;;
83851;16/03/2018;0000;;33.8;;1;
83851;16/03/2018;1200;;;21.6;;
83851;17/03/2018;0000;;32.4;;1;
83851;17/03/2018;1200;0;;21.4;;
83851;18/03/2018;0000;;34.4;;0;
83851;18/03/2018;1200;0;;19.7;;
83851;19/03/2018;0000;;33.8;;0.5;
83851;19/03/2018;1200;0;;19.4;;
83851;20/03/2018;0000;;34.4;;0.5;
83851;20/03/2018;1200;0;;19.7;;
83851;21/03/2018;0000;;29.9;;0.5;
83851;21/03/2018;1200;124.6;;19.3;;
83851;22/03/2018;0000;;30.5;;1;
83851;22/03/2018;1200;0.4;;19.9;;
83851;23/03/2018;0000;;32.6;;0.5;
83851;23/03/2018;1200;0;;20.2;;
83851;24/03/2018;0000;;;;0.5;
83851;24/03/2018;1200;0;;20.3;;
83851;25/03/2018;0000;;;;0.5;
83851;25/03/2018;1200;0;;20.3;;
83851;26/03/2018;0000;;;;0;
83851;26/03/2018;1200;1.5;;21.4;;
83851;27/03/2018;0000;;;;0;
83851;27/03/2018;1200;0.2;;19.9;;
83851;28/03/2018;0000;;;;0;
83851;28/03/2018;1200;1.2;;20.1;;
83851;29/03/2018;0000;;;;0.5;
83851;29/03/2018;1200;4.4;;19.6;;
83851;30/03/2018;0000;;;;0;
83851;30/03/2018;1200;10.8;;20.8;;
83851;31/03/2018;0000;;;;0.5;
83851;31/03/2018;1200;0.5;;20.1;;
83851;01/04/2018;0000;;;;0.5;
83851;01/04/2018;1200;13.1;;20.3;;
83851;02/04/2018;0000;;;;0.5;
83851;02/04/2018;1200;3;;19.8;;
83851;03/04/2018;0000;;;;0;
83851;03/04/2018;1200;0;;19.9;;
83851;04/04/2018;0000;;;;0.5;
83851;04/04/2018;1200;27.4;;17.2;;
83851;05/04/2018;0000;;30.3;;1;
83851;05/04/2018;1200;0;;17.2;;
83851;06/04/2018;0000;;31.1;;1;
83851;06/04/2018;1200;0;;17.8;;
83851;07/04/2018;0000;;31.5;;0.5;
83851;07/04/2018;1200;0;;17.8;;
83851;08/04/2018;0000;;30.9;;1;
83851;08/04/2018;1200;0;;18.3;;
83851;09/04/2018;0000;;31.5;;1;
83851;09/04/2018;1200;0;;18.4;;
83851;10/04/2018;0000;;30.5;;0;
83851;10/04/2018;1200;0;;18.1;;
83851;11/04/2018;0000;;30.9;;0;
83851;11/04/2018;1200;0;;17.2;;
83851;12/04/2018;0000;;30.7;;0.5;
83851;12/04/2018;1200;0;;17.9;;
83851;13/04/2018;0000;;32.4;;0;
83851;13/04/2018;1200;0;;19.3;;
83851;14/04/2018;0000;;28.5;;1;
83851;14/04/2018;1200;0;;20.3;;
83851;02/05/2018;0000;;29.2;;1;
83851;02/05/2018;1200;0;;18.3;;
83851;03/05/2018;0000;;30.2;;0.5;
83851;03/05/2018;1200;0;;17.7;;
83851;04/05/2018;0000;;31.2;;0;
83851;04/05/2018;1200;0;;17.2;;
83851;05/05/2018;0000;;31.4;;0;
83851;05/05/2018;1200;0;;18.7;;
83851;06/05/2018;0000;;28.4;;0.5;
83851;06/05/2018;1200;0;;17.7;;
83851;07/05/2018;0000;;27.2;;0.5;
83851;07/05/2018;1200;0;;17.9;;
83851;08/05/2018;0000;;27.2;;1;
83851;08/05/2018;1200;0;;16.1;;
83851;09/05/2018;0000;;28.2;;0.5;
83851;09/05/2018;1200;0;;16.2;;
83851;10/05/2018;0000;;28.4;;0.5;
83851;10/05/2018;1200;0;;15.2;;
83851;11/05/2018;0000;;28.4;;0;
83851;11/05/2018;1200;0;;15.2;;
83851;12/05/2018;0000;;26;;1;
83851;12/05/2018;1200;0;;17.7;;
83851;13/05/2018;0000;;27.6;;1;
83851;13/05/2018;1200;0;;15.7;;
83851;14/05/2018;0000;;28.6;;1;
83851;14/05/2018;1200;0;;15.8;;
83851;15/05/2018;0000;;25.8;;0.5;
83851;15/05/2018;1200;0;;16.5;;
83851;16/05/2018;0000;;28;;0.5;
83851;16/05/2018;1200;0;;16.6;;
83851;17/05/2018;0000;;28;;1;
83851;17/05/2018;1200;0;;17.2;;
83851;18/05/2018;0000;;29.2;;0;
83851;18/05/2018;1200;0;;16.8;;
83851;19/05/2018;0000;;21.6;;1;
83851;19/05/2018;1200;9;;16.4;;
83851;20/05/2018;0000;;19.2;;1;
83851;20/05/2018;1200;2.2;;9.2;;
83851;21/05/2018;0000;;22.2;;0;
83851;21/05/2018;1200;0;;6.7;;
83851;22/05/2018;0000;;25;;0;
83851;22/05/2018;1200;0;;7.6;;
83851;23/05/2018;0000;;25.4;;0.5;
83851;23/05/2018;1200;0;;10;;
83851;24/05/2018;0000;;26;;1;
83851;24/05/2018;1200;0;;13.2;;
83851;26/05/2018;0000;;26.8;;0;
83851;26/05/2018;1200;0;;16.8;;
83851;27/05/2018;0000;;27.4;;0;
83851;27/05/2018;1200;3.3;;13.2;;
83851;28/05/2018;0000;;26;;1;
83851;28/05/2018;1200;0;;13.8;;
83851;29/05/2018;0000;;26.4;;1;
83851;29/05/2018;1200;0;;12.7;;
83851;30/05/2018;0000;;26.2;;0.5;
83851;30/05/2018;1200;0;;13.5;;
83851;31/05/2018;0000;;26.6;;0.5;
83851;31/05/2018;1200;0;;11;;
83851;01/06/2018;0000;;27.4;;0;
83851;01/06/2018;1200;0;;11;;
83851;02/06/2018;0000;;26.4;;0;
83851;02/06/2018;1200;0;;14.2;;
83851;03/06/2018;0000;;21.4;;0.5;
83851;03/06/2018;1200;0;;15.7;;
83851;04/06/2018;0000;;20;;1;
83851;04/06/2018;1200;0;;14;;
83851;05/06/2018;0000;;22.8;;0;
83851;05/06/2018;1200;0;;15.5;;
83851;06/06/2018;0000;;24.4;;0;
83851;06/06/2018;1200;0;;16.2;;
83851;07/06/2018;0000;;22.2;;0.5;
83851;07/06/2018;1200;2.7;;16.6;;
83851;08/06/2018;0000;;23.4;;0.5;
83851;08/06/2018;1200;1.5;;15.2;;
83851;09/06/2018;0000;;24.4;;0.5;
83851;09/06/2018;1200;0;;11.8;;
83851;10/06/2018;0000;;29.2;;0;
83851;10/06/2018;1200;0;;14.2;;
83851;11/06/2018;0000;;29.6;;1;
83851;11/06/2018;1200;0;;17.2;;
83851;12/06/2018;0000;;;;1;
83851;12/06/2018;1200;0;;17;;
83851;13/06/2018;0000;;25;;0;
83851;13/06/2018;1200;6.4;;;;
83851;14/06/2018;0000;;21.2;;1;
83851;14/06/2018;1200;10;;15.6;;
83851;15/06/2018;0000;;21.8;;1;
83851;15/06/2018;1200;0;;14.2;;
83851;16/06/2018;0000;;19.4;;0.5;
83851;16/06/2018;1200;0;;13.2;;
83851;17/06/2018;0000;;23.6;;0.5;
83851;17/06/2018;1200;0;;10.8;;
83851;18/06/2018;0000;;24.8;;1;
83851;18/06/2018;1200;0;;13.4;;
83851;19/06/2018;0000;;27.2;;0.5;
83851;19/06/2018;1200;0;;15.2;;
83851;20/06/2018;0000;;27.2;;0.5;
83851;20/06/2018;1200;0;;13.5;;
83851;21/06/2018;0000;;27;;0;
83851;21/06/2018;1200;0;;13;;
83851;22/06/2018;0000;;27.2;;0;
83851;22/06/2018;1200;0;;12.8;;
83851;23/06/2018;0000;;28.4;;0;
83851;23/06/2018;1200;0;;12.2;;
83851;24/06/2018;0000;;29.6;;0.5;
83851;24/06/2018;1200;0;;16.5;;
83851;25/06/2018;0000;;29.2;;0;
83851;25/06/2018;1200;0;;15.3;;
83851;26/06/2018;0000;;28.8;;0;
83851;26/06/2018;1200;0;;14;;
83851;27/06/2018;0000;;27.4;;0.5;
83851;27/06/2018;1200;0;;13.5;;
83851;28/06/2018;0000;;28.4;;0;
83851;28/06/2018;1200;0;;14.9;;
83851;29/06/2018;0000;;27.6;;0;
83851;29/06/2018;1200;0;;15.2;;
83851;30/06/2018;0000;;27.8;;0;
83851;30/06/2018;1200;0;;12.8;;
83851;01/07/2018;0000;;28.6;;0;
83851;01/07/2018;1200;0;;13.8;;
83851;02/07/2018;0000;;29.4;;0;
83851;02/07/2018;1200;0;;13;;
83851;03/07/2018;0000;;27.8;;0.5;
83851;03/07/2018;1200;0;;13.6;;
83851;04/07/2018;0000;;27.8;;0.5;
83851;04/07/2018;1200;0;;14.8;;
83851;05/07/2018;0000;;28.8;;0;
83851;05/07/2018;1200;0;;13.6;;
83851;06/07/2018;0000;;29.2;;0;
83851;06/07/2018;1200;0;;14.5;;
83851;07/07/2018;0000;;27.4;;0;
83851;07/07/2018;1200;0;;14.2;;
83851;08/07/2018;0000;;28.8;;0;
83851;08/07/2018;1200;0;;12.3;;
83851;09/07/2018;0000;;26.4;;1;
83851;09/07/2018;1200;0;;13.2;;
83851;10/07/2018;0000;;18;;0.5;
83851;10/07/2018;1200;0;;10.6;;
83851;11/07/2018;0000;;19.2;;0.5;
83851;11/07/2018;1200;0;;8.2;;
83851;12/07/2018;0000;;22.4;;0.5;
83851;12/07/2018;1200;0;;6;;
83851;13/07/2018;0000;;24.6;;0;
83851;13/07/2018;1200;0;;6;;
83851;17/07/2018;0000;;29.4;;0;
83851;17/07/2018;1200;0;;12.7;;
83851;18/07/2018;0000;;29;;0;
83851;18/07/2018;1200;0;;12.6;;
83851;19/07/2018;0000;;29.2;;0;
83851;19/07/2018;1200;0;;13.2;;
83851;20/07/2018;0000;;29.8;;0;
83851;20/07/2018;1200;0;;14.2;;
83851;21/07/2018;0000;;28.2;;1;
83851;21/07/2018;1200;0;;14.6;;
83851;22/07/2018;0000;;24.4;;0.5;
83851;22/07/2018;1200;0;;15.7;;
83851;23/07/2018;0000;;27.8;;0;
83851;23/07/2018;1200;0;;14;;
83851;24/07/2018;0000;;23.6;;1;
83851;24/07/2018;1200;0;;14.2;;
83851;25/07/2018;0000;;26.4;;1;
83851;25/07/2018;1200;0;;15.2;;
83851;26/07/2018;0000;;27.8;;0.5;
83851;26/07/2018;1200;0;;13.6;;
83851;27/07/2018;0000;;28.4;;0;
83851;27/07/2018;1200;0;;13.7;;
83851;28/07/2018;0000;;29.8;;0;
83851;28/07/2018;1200;0;;13.6;;
83851;29/07/2018;0000;;31;;1;
83851;29/07/2018;1200;0;;14.4;;
83851;30/07/2018;0000;;25.6;;0.5;
83851;30/07/2018;1200;0;;16.6;;
83851;31/07/2018;0000;;21.6;;0;
83851;31/07/2018;1200;10.1;;13.4;;
83851;01/08/2018;0000;;18;;1;
83851;01/08/2018;1200;0;;12;;
83851;02/08/2018;0000;;21;;1;
83851;02/08/2018;1200;2.6;;13.7;;
83851;03/08/2018;0000;;17;;0.5;
83851;03/08/2018;1200;4.1;;15.2;;
83851;04/08/2018;0000;;20.6;;0;
83851;04/08/2018;1200;17.1;;14.8;;
83851;05/08/2018;0000;;21.2;;0;
83851;05/08/2018;1200;0;;15.2;;
83851;06/08/2018;0000;;17.6;;0;
83851;06/08/2018;1200;1.9;;14.2;;
83851;07/08/2018;0000;;23;;0.5;
83851;07/08/2018;1200;8.1;;11.9;;
83851;08/08/2018;0000;;26.6;;0;
83851;08/08/2018;1200;0;;11.5;;
83851;09/08/2018;0000;;24.4;;0.5;
83851;09/08/2018;1200;7.3;;15.6;;
83851;10/08/2018;0000;;22.6;;0.5;
83851;10/08/2018;1200;0;;9.6;;
83851;11/08/2018;0000;;24;;0;
83851;11/08/2018;1200;0;;7.2;;
83851;12/08/2018;0000;;22.2;;0.5;
83851;12/08/2018;1200;0;;9.4;;
83851;13/08/2018;0000;;24.6;;0.5;
83851;13/08/2018;1200;0;;9.6;;
83851;14/08/2018;0000;;28;;0;
83851;14/08/2018;1200;0;;9.2;;
83851;15/08/2018;0000;;22.4;;0;
83851;15/08/2018;1200;0;;11.6;;
83851;16/08/2018;0000;;23.4;;1;
83851;16/08/2018;1200;0;;14.2;;
83851;17/08/2018;0000;;21.6;;1;
83851;17/08/2018;1200;0;;14.4;;
83851;18/08/2018;0000;;25.4;;0.5;
83851;18/08/2018;1200;0;;14.6;;
83851;19/08/2018;0000;;28.4;;0.5;
83851;19/08/2018;1200;0;;11.9;;
83851;20/08/2018;0000;;30;;0;
83851;20/08/2018;1200;0;;14.2;;
83851;21/08/2018;0000;;30.4;;0;
83851;21/08/2018;1200;0;;15.6;;
83851;22/08/2018;0000;;27.2;;0;
83851;22/08/2018;1200;0;;15.2;;
83851;23/08/2018;0000;;29.4;;0;
83851;23/08/2018;1200;0;;13.8;;
83851;24/08/2018;0000;;29.6;;1;
83851;24/08/2018;1200;0;;17;;
83851;25/08/2018;0000;;23.8;;0;
83851;25/08/2018;1200;17.4;;16.7;;
83851;26/08/2018;0000;;20;;1;
83851;26/08/2018;1200;0;;12.2;;
83851;27/08/2018;0000;;21.4;;1;
83851;27/08/2018;1200;0;;11.4;;
83851;28/08/2018;0000;;29.4;;0;
83851;28/08/2018;1200;0;;14.1;;
83851;29/08/2018;0000;;29.2;;0;
83851;29/08/2018;1200;0;;13.8;;
83851;30/08/2018;0000;;30.6;;0.5;
83851;30/08/2018;1200;0;;14.7;;
83851;31/08/2018;0000;;31.8;;0.5;
83851;31/08/2018;1200;0;;14.2;;
83851;01/09/2018;0000;;34.6;;0.5;
83851;01/09/2018;1200;0;;15.2;;
83851;02/09/2018;0000;;32.8;;1;
83851;02/09/2018;1200;0;;17.2;;
83851;03/09/2018;0000;;23.4;;0.5;
83851;03/09/2018;1200;0.1;;14.2;;
83851;04/09/2018;0000;;18.7;;0.5;
83851;04/09/2018;1200;1;;11.8;;
83851;05/09/2018;0000;;19.6;;0.5;
83851;05/09/2018;1200;3.5;;10.6;;
83851;06/09/2018;0000;;26.2;;1;
83851;06/09/2018;1200;0;;10.8;;
83851;07/09/2018;0000;;30.4;;0.5;
83851;07/09/2018;1200;0;;10.6;;
83851;08/09/2018;0000;;30.8;;0.5;
83851;08/09/2018;1200;0;;12.9;;
83851;09/09/2018;0000;;29;;0;
83851;09/09/2018;1200;0;;12.1;;
83851;10/09/2018;0000;;28;;1;
83851;10/09/2018;1200;0;;13.2;;
83851;11/09/2018;0000;;26;;1;
83851;11/09/2018;1200;0;;13.5;;
83851;12/09/2018;0000;;26.6;;2;
83851;12/09/2018;1200;0;;15.8;;
83851;13/09/2018;0000;;29.8;;1;
83851;13/09/2018;1200;0;;15.8;;
83851;14/09/2018;0000;;19.8;;0.5;
83851;14/09/2018;1200;9.2;;16.4;;
83851;15/09/2018;0000;;25;;0;
83851;15/09/2018;1200;17.6;;16.8;;
83851;16/09/2018;0000;;25.4;;0.5;
83851;16/09/2018;1200;3.2;;12.8;;
83851;17/09/2018;0000;;19.8;;0.5;
83851;17/09/2018;1200;8.8;;15.4;;
83851;18/09/2018;0000;;25;;1;
83851;18/09/2018;1200;2.8;;15.2;;
83851;19/09/2018;0000;;30.8;;0;
83851;19/09/2018;1200;0;;18.2;;
83851;20/09/2018;0000;;26.4;;0.5;
83851;20/09/2018;1200;12;;16.8;;
83851;21/09/2018;0000;;28.6;;0;
83851;21/09/2018;1200;8.3;;17.7;;
83851;22/09/2018;0000;;31.6;;0;
83851;22/09/2018;1200;0;;14.7;;
83851;23/09/2018;0000;;33.2;;0;
83851;23/09/2018;1200;0;;15.2;;
83851;24/09/2018;0000;;34.6;;0;
83851;24/09/2018;1200;0;;15.8;;
83851;25/09/2018;0000;;33.6;;0.5;
83851;25/09/2018;1200;0;;16.1;;
83851;26/09/2018;0000;;31;;0.5;
83851;26/09/2018;1200;0;;18.1;;
83851;27/09/2018;0000;;28;;0;
83851;27/09/2018;1200;0.8;;19.7;;
83851;28/09/2018;0000;;26.6;;0.5;
83851;28/09/2018;1200;9.7;;18.8;;
83851;29/09/2018;0000;;31.2;;1;
83851;29/09/2018;1200;0;;19.7;;
83851;30/09/2018;0000;;30;;0;
83851;30/09/2018;1200;0;;20.3;;
83851;01/10/2018;0000;;30.2;;0.5;
83851;01/10/2018;1200;0.1;;20.3;;
83851;02/10/2018;0000;;33;;0.5;
83851;02/10/2018;1200;0;;19.9;;
83851;03/10/2018;0000;;33.2;;0;
83851;03/10/2018;1200;0;;20.8;;
83851;04/10/2018;0000;;27.2;;0.5;
83851;04/10/2018;1200;4.3;;19.5;;
83851;05/10/2018;0000;;28.4;;1;
83851;05/10/2018;1200;0;;16.6;;
83851;06/10/2018;0000;;20.4;;1;
83851;06/10/2018;1200;0;;16.8;;
83851;07/10/2018;0000;;24.4;;1;
83851;07/10/2018;1200;0;;17.2;;
83851;08/10/2018;0000;;22.4;;0;
83851;08/10/2018;1200;2;;19;;
83851;09/10/2018;0000;;28.8;;0.5;
83851;09/10/2018;1200;23.6;;19.2;;
83851;10/10/2018;0000;;29.6;;0;
83851;10/10/2018;1200;29.5;;20.5;;
83851;11/10/2018;0000;;22.2;;1;
83851;11/10/2018;1200;4.2;;19.1;;
83851;12/10/2018;0000;;30;;1;
83851;12/10/2018;1200;0.9;;19.1;;
83851;13/10/2018;0000;;31.6;;0.5;
83851;13/10/2018;1200;0;;19.9;;
83851;14/10/2018;0000;;26.2;;1;
83851;14/10/2018;1200;5.2;;19.5;;
83851;15/10/2018;0000;;27.2;;0.5;
83851;15/10/2018;1200;7.4;;17.9;;
83851;16/10/2018;0000;;30.6;;1;
83851;16/10/2018;1200;2.6;;18.1;;
83851;17/10/2018;0000;;31;;0;
83851;17/10/2018;1200;0;;20.6;;
83851;18/10/2018;0000;;30;;1;
83851;18/10/2018;1200;10.2;;20.3;;
83851;19/10/2018;0000;;25;;1.5;
83851;19/10/2018;1200;8.4;;19.9;;
83851;20/10/2018;0000;;24.4;;1.5;
83851;20/10/2018;1200;0;;16.2;;
83851;21/10/2018;0000;;26.2;;1.5;
83851;21/10/2018;1200;0;;14.2;;
83851;22/10/2018;0000;;30.4;;0.5;
83851;22/10/2018;1200;0;;14.6;;
83851;23/10/2018;0000;;31.2;;0.5;
83851;23/10/2018;1200;0;;16.4;;
83851;24/10/2018;0000;;22.8;;0;
83851;24/10/2018;1200;8.4;;18.6;;
83851;25/10/2018;0000;;22.8;;0;
83851;25/10/2018;1200;8.8;;18.5;;
83851;26/10/2018;0000;;27.4;;1;
83851;26/10/2018;1200;9;;19.7;;
83851;27/10/2018;0000;;28.4;;0.5;
83851;27/10/2018;1200;2;;20.6;;
83851;28/10/2018;0000;;24.6;;1;
83851;28/10/2018;1200;8.8;;16.6;;
83851;29/10/2018;0000;;26;;1;
83851;29/10/2018;1200;0;;16;;
83851;30/10/2018;0000;;31.6;;0.5;
83851;30/10/2018;1200;0;;19.1;;
83851;31/10/2018;0000;;27.8;;1;
83851;31/10/2018;1200;0;;14.8;;
83851;01/11/2018;0000;;28.4;;0;
83851;01/11/2018;1200;10;;14.7;;
83851;02/11/2018;0000;;31.4;;1;
83851;02/11/2018;1200;0;;18.7;;
83851;03/11/2018;0000;;32.2;;0.5;
83851;03/11/2018;1200;0;;17.2;;
83851;04/11/2018;0000;;27.6;;0.5;
83851;04/11/2018;1200;2.8;;17;;
83851;05/11/2018;0000;;24.4;;1;
83851;05/11/2018;1200;0;;16.8;;
83851;06/11/2018;0000;;26.4;;1;
83851;06/11/2018;1200;0;;18.1;;
83851;07/11/2018;0000;;28.6;;1;
83851;07/11/2018;1200;0;;17.8;;
83851;08/11/2018;0000;;23;;1;
83851;08/11/2018;1200;0;;18;;
83851;09/11/2018;0000;;26.4;;0.5;
83851;09/11/2018;1200;0;;17.4;;
83851;10/11/2018;0000;;27.8;;0;
83851;10/11/2018;1200;0;;19.6;;
83851;11/11/2018;0000;;32.2;;0;
83851;11/11/2018;1200;16.5;;18.9;;
83851;12/11/2018;0000;;33.4;;1;
83851;12/11/2018;1200;0;;19.1;;
83851;23/11/2018;0000;;30.2;;1;
83851;23/11/2018;1200;0;;19.5;;
83851;24/11/2018;0000;;26.6;;1.5;
83851;24/11/2018;1200;44.2;;19.2;;
83851;25/11/2018;0000;;26.8;;0.5;
83851;25/11/2018;1200;24.5;;19.7;;
83851;26/11/2018;0000;;27.2;;1;
83851;26/11/2018;1200;0.3;;18.7;;
83851;27/11/2018;0000;;29.6;;1;
83851;27/11/2018;1200;0;;17.2;;
83851;28/11/2018;0000;;31.4;;0;
83851;28/11/2018;1200;0;;18.1;;
83851;29/11/2018;0000;;31.8;;1;
83851;29/11/2018;1200;0;;19.2;;
83851;30/11/2018;0000;;32.8;;0.5;
83851;30/11/2018;1200;0;;19.1;;
83851;01/12/2018;0000;;26.8;;0;
83851;01/12/2018;1200;60.2;;20.5;;
83851;02/12/2018;0000;;29;;1;
83851;02/12/2018;1200;16;;19.8;;
83851;03/12/2018;0000;;27.2;;1;
83851;03/12/2018;1200;0;;19.1;;
83851;04/12/2018;0000;;31.2;;0.5;
83851;04/12/2018;1200;0;;16.3;;
83851;05/12/2018;0000;;33.1;;1;
83851;05/12/2018;1200;0;;19.5;;
83851;06/12/2018;0000;;33.2;;1;
83851;06/12/2018;1200;3.1;;17.7;;
83851;07/12/2018;0000;;29.2;;1;
83851;07/12/2018;1200;0;;18.7;;
83851;08/12/2018;0000;;;;1;
83851;08/12/2018;1200;0;;16.3;;
83851;09/12/2018;0000;;31;;0.51444;
83851;09/12/2018;1200;0;;14.4;;
83851;10/12/2018;0000;;32.5;;1;
83851;10/12/2018;1200;0;;16.6;;
83851;11/12/2018;0000;;33.6;;1;
83851;11/12/2018;1200;0;;20.1;;
83851;12/12/2018;0000;;34.4;;0.5;
83851;12/12/2018;1200;0;;20.8;;
83851;13/12/2018;0000;;34.6;;1;
83851;13/12/2018;1200;0;;21.6;;
83851;14/12/2018;0000;;35;;0.5;
83851;14/12/2018;1200;0;;20.3;;
83851;15/12/2018;0000;;35.6;;1;
83851;15/12/2018;1200;0;;22;;
83851;16/12/2018;0000;;35.2;;1;
83851;16/12/2018;1200;1.7;;21.4;;
83851;17/12/2018;0000;;35.5;;0.5;
83851;17/12/2018;1200;0;;22.8;;
83851;18/12/2018;0000;;34.6;;1.5;
83851;18/12/2018;1200;14.5;;21.7;;
83851;19/12/2018;0000;;32.6;;0.5;
83851;19/12/2018;1200;11.1;;21.3;;
83851;20/12/2018;0000;;34.4;;0;
83851;20/12/2018;1200;0;;23.6;;
83851;21/12/2018;0000;;;;1;
83851;21/12/2018;1200;0;;23.7;;
83851;28/01/2019;0000;;35.2;;1;
83851;28/01/2019;1200;;;20.6;;
83851;29/01/2019;0000;;36.2;;0;
83851;29/01/2019;1200;0;;20.3;;
83851;30/01/2019;0000;;37;;0.5;
83851;30/01/2019;1200;0;;21.8;;
83851;31/01/2019;0000;;37;;1;
83851;31/01/2019;1200;0;;20.7;;
83851;01/02/2019;0000;;37.4;;0;
83851;01/02/2019;1200;0;;20.8;;
83851;02/02/2019;0000;;37.8;;0.5;
83851;02/02/2019;1200;0;;21;;
83851;03/02/2019;0000;;34.4;;1;
83851;03/02/2019;1200;0;;23;;
83851;04/02/2019;0000;;25.6;;1;
83851;04/02/2019;1200;0;;20.7;;
83851;05/02/2019;0000;;26.2;;1.5;
83851;05/02/2019;1200;0;;17.6;;
83851;06/02/2019;0000;;22;;0.5;
83851;06/02/2019;1200;0;;17.4;;
83851;07/02/2019;0000;;29.8;;0.5;
83851;07/02/2019;1200;28.8;;16.6;;
83851;08/02/2019;0000;;33;;1;
83851;08/02/2019;1200;0;;17.5;;
83851;09/02/2019;0000;;34.4;;0;
83851;09/02/2019;1200;0;;18.3;;
83851;10/02/2019;0000;;33.8;;0.5;
83851;10/02/2019;1200;0;;18.2;;
83851;11/02/2019;0000;;32.8;;0.5;
83851;11/02/2019;1200;0;;17;;
83851;12/02/2019;0000;;30;;0.5;
83851;12/02/2019;1200;34.8;;21.5;;
83851;13/02/2019;0000;;25.4;;1;
83851;13/02/2019;1200;36.6;;20.7;;
83851;14/02/2019;0000;;26.6;;1;
83851;14/02/2019;1200;0;;19;;
83851;15/02/2019;0000;;26.2;;0;
83851;15/02/2019;1200;0;;19.2;;
83851;16/02/2019;0000;;26.8;;0;
83851;16/02/2019;1200;22.8;;20.1;;
83851;17/02/2019;0000;;27;;0.5;
83851;17/02/2019;1200;0;;21.2;;
83851;18/02/2019;0000;;29.6;;0.5;
83851;18/02/2019;1200;0;;19.7;;
83851;19/02/2019;0000;;31.4;;0.5;
83851;19/02/2019;1200;7.4;;20.7;;
83851;20/02/2019;0000;;30.2;;1;
83851;20/02/2019;1200;0;;20.3;;
83851;21/02/2019;0000;;28.8;;0.5;
83851;21/02/2019;1200;15.2;;20.3;;
83851;22/02/2019;0000;;31.2;;0;
83851;22/02/2019;1200;0.4;;21.3;;
83851;23/02/2019;0000;;33.8;;0.5;
83851;23/02/2019;1200;0;;19.3;;
83851;24/02/2019;0000;;33.8;;0.5;
83851;24/02/2019;1200;1;;20.6;;
83851;25/02/2019;0000;;31.8;;1.5;
83851;25/02/2019;1200;0;;21.2;;
83851;26/02/2019;0000;;25.2;;0;
83851;26/02/2019;1200;30.8;;19.5;;
83851;27/02/2019;0000;;27.2;;0;
83851;27/02/2019;1200;26.8;;19.5;;
83851;28/02/2019;0000;;23.2;;0;
83851;28/02/2019;1200;1.6;;21;;
83851;01/03/2019;0000;;25.2;;0;
83851;01/03/2019;1200;3.8;;21;;
83851;02/03/2019;0000;;28.4;;1;
83851;02/03/2019;1200;2;;20.1;;
83851;03/03/2019;0000;;30;;0;
83851;03/03/2019;1200;27.8;;19;;
83851;04/03/2019;0000;;29.6;;0;
83851;04/03/2019;1200;9.4;;19.5;;
83851;05/03/2019;0000;;31.6;;1;
83851;05/03/2019;1200;0;;20.1;;
83851;06/03/2019;0000;;33;;0;
83851;06/03/2019;1200;0;;20.9;;
83851;07/03/2019;0000;;29.6;;0.5;
83851;07/03/2019;1200;3.7;;20.9;;
83851;17/03/2019;0000;;31.8;;0.5;
83851;17/03/2019;1200;0;;22.2;;
83851;18/03/2019;0000;;31;;0.5;
83851;18/03/2019;1200;0;;21.6;;
83851;19/03/2019;0000;;32.4;;0.5;
83851;19/03/2019;1200;0.4;;21.8;;
83851;20/03/2019;0000;;29;;1;
83851;20/03/2019;1200;9;;20.1;;
83851;21/03/2019;0000;;23;;1;
83851;21/03/2019;1200;4;;19.1;;
83851;22/03/2019;0000;;26.6;;0.5;
83851;22/03/2019;1200;0;;16.4;;
83851;23/03/2019;0000;;30.4;;0.5;
83851;23/03/2019;1200;0;;17.2;;
83851;24/03/2019;0000;;32;;0;
83851;24/03/2019;1200;0;;17.9;;
83851;25/03/2019;0000;;32;;0;
83851;25/03/2019;1200;0;;17.7;;
83851;26/03/2019;0000;;32.4;;0.5;
83851;26/03/2019;1200;0;;19.7;;
83851;27/03/2019;0000;;30.4;;0.5;
83851;27/03/2019;1200;0;;19.9;;
83851;28/03/2019;0000;;28;;1;
83851;28/03/2019;1200;0;;18.9;;
83851;29/03/2019;0000;;;;1;
83851;29/03/2019;1200;0;;17.5;;
83851;30/03/2019;0000;;30;;0.5;
83851;30/03/2019;1200;0;;17.7;;

		
	
[Fechar] <#>
	
		

