--------------------
BDMEP - INMET
--------------------
Estação           : UBERABA - MG (OMM: 83577)
Latitude  (graus) : -19.73
Longitude (graus) : -47.95
Altitude  (metros): 737.00
Estação Operante
Inicio de operação: 11/10/1913
Periodo solicitado dos dados: 01/01/2018 a 30/03/2019
Os dados listados abaixo são os que encontram-se digitados no BDMEP
Hora em UTC
--------------------
Obs.: Os dados aparecem separados por ; (ponto e vírgula) no formato txt.
      Para o formato planilha XLS, siga as instruções <http://www.inmet.gov.br/projetos/rede/pesquisa/instrucao.html>
--------------------
Estacao;Data;Hora;Precipitacao;TempMaxima;TempMinima;Velocidade do Vento Media;
83577;01/01/2018;0000;;31.5;;1.333333;
83577;01/01/2018;1200;39.8;;19;;
83577;02/01/2018;0000;;30.7;;0.666667;
83577;02/01/2018;1200;39.4;;20.4;;
83577;03/01/2018;0000;;28.5;;0;
83577;03/01/2018;1200;53.2;;19.6;;
83577;04/01/2018;0000;;29.3;;1;
83577;04/01/2018;1200;29.6;;19.8;;
83577;05/01/2018;0000;;27.5;;0;
83577;05/01/2018;1200;0;;21;;
83577;06/01/2018;0000;;24.5;;0.666667;
83577;06/01/2018;1200;49.4;;20;;
83577;07/01/2018;1200;5;;;;
83577;08/01/2018;0000;;26.5;;0.666667;
83577;08/01/2018;1200;20;;19.4;;
83577;09/01/2018;0000;;26.5;;0.666667;
83577;09/01/2018;1200;51.6;;19.8;;
83577;10/01/2018;0000;;30.9;;1.666667;
83577;10/01/2018;1200;0;;18;;
83577;11/01/2018;0000;;30.5;;2.333333;
83577;11/01/2018;1200;0;;17.8;;
83577;12/01/2018;0000;;29.3;;0.666667;
83577;12/01/2018;1200;32;;19.2;;
83577;13/01/2018;0000;;30.1;;0;
83577;13/01/2018;1200;1.7;;18.6;;
83577;14/01/2018;1200;5;;;;
83577;15/01/2018;0000;;31.7;;1.333333;
83577;15/01/2018;1200;0;;18;;
83577;16/01/2018;0000;;29.5;;0;
83577;16/01/2018;1200;21.6;;19.6;;
83577;17/01/2018;0000;;33.1;;1.333333;
83577;17/01/2018;1200;5.8;;20.6;;
83577;18/01/2018;0000;;32.5;;1.333333;
83577;18/01/2018;1200;0;;19.6;;
83577;19/01/2018;0000;;33.7;;1.333333;
83577;19/01/2018;1200;0;;18.6;;
83577;20/01/2018;0000;;33.7;;0.666667;
83577;20/01/2018;1200;0;;18.8;;
83577;21/01/2018;1200;0;;;;
83577;22/01/2018;0000;;34.5;;0.666667;
83577;22/01/2018;1200;0;;19;;
83577;23/01/2018;0000;;35.5;;2.333333;
83577;23/01/2018;1200;0;;20.2;;
83577;24/01/2018;0000;;32.9;;2.666667;
83577;24/01/2018;1200;0;;21;;
83577;25/01/2018;0000;;31.3;;0.666667;
83577;25/01/2018;1200;1;;21.4;;
83577;26/01/2018;0000;;30.9;;1.333333;
83577;26/01/2018;1200;9;;20.6;;
83577;27/01/2018;0000;;32.9;;1.666667;
83577;27/01/2018;1200;20.6;;19.2;;
83577;28/01/2018;1200;2.2;;;;
83577;29/01/2018;0000;;30.9;;0.666667;
83577;29/01/2018;1200;19;;21.4;;
83577;30/01/2018;0000;;27.3;;0;
83577;30/01/2018;1200;19.4;;19.8;;
83577;31/01/2018;0000;;30.9;;1.02888;
83577;31/01/2018;1200;14.2;;21.2;;
83577;01/02/2018;0000;;32.5;;0.666667;
83577;01/02/2018;1200;20.4;;20.2;;
83577;02/02/2018;0000;;30.7;;1;
83577;02/02/2018;1200;10.1;;21.2;;
83577;03/02/2018;0000;;31.9;;1;
83577;03/02/2018;1200;0;;21.2;;
83577;05/02/2018;0000;;27.7;;0.666667;
83577;05/02/2018;1200;73;;19;;
83577;06/02/2018;0000;;27.5;;0;
83577;06/02/2018;1200;32;;18.4;;
83577;07/02/2018;0000;;29.3;;1.333333;
83577;07/02/2018;1200;11.7;;17.2;;
83577;08/02/2018;0000;;31.1;;1.333333;
83577;08/02/2018;1200;7.6;;17.4;;
83577;09/02/2018;0000;;31.3;;1.666667;
83577;09/02/2018;1200;0;;19.8;;
83577;10/02/2018;0000;;28.7;;0;
83577;10/02/2018;1200;1;;22;;
83577;11/02/2018;1200;9.2;;;;
83577;12/02/2018;0000;;32.9;;1.666667;
83577;12/02/2018;1200;2;;20;;
83577;13/02/2018;0000;;32.1;;0.666667;
83577;13/02/2018;1200;17.6;;22;;
83577;14/02/2018;0000;;31.7;;2.333333;
83577;14/02/2018;1200;0;;21.2;;
83577;15/02/2018;0000;;32.5;;1.333333;
83577;15/02/2018;1200;0;;19.8;;
83577;16/02/2018;0000;;31.3;;0.666667;
83577;16/02/2018;1200;0;;19;;
83577;17/02/2018;0000;;32.5;;1.333333;
83577;17/02/2018;1200;0;;19.4;;
83577;19/02/2018;0000;;30.1;;1.333333;
83577;19/02/2018;1200;20.4;;19.2;;
83577;20/02/2018;0000;;28.5;;0.666667;
83577;20/02/2018;1200;35.5;;19.8;;
83577;21/02/2018;0000;;29.9;;1.333333;
83577;21/02/2018;1200;1.1;;21.4;;
83577;22/02/2018;0000;;31.1;;0;
83577;22/02/2018;1200;0.5;;18.6;;
83577;23/02/2018;0000;;32.3;;1;
83577;23/02/2018;1200;0;;19.2;;
83577;24/02/2018;0000;;27.3;;0.333333;
83577;24/02/2018;1200;0;;20.8;;
83577;25/02/2018;1200;0;;;;
83577;26/02/2018;0000;;28.3;;1;
83577;26/02/2018;1200;7.5;;21.2;;
83577;27/02/2018;0000;;30.9;;0.666667;
83577;27/02/2018;1200;0;;20.2;;
83577;28/02/2018;0000;;30.9;;1.666667;
83577;28/02/2018;1200;3;;20;;
83577;01/03/2018;0000;;33.5;;2;
83577;01/03/2018;1200;24;;19.6;;
83577;02/03/2018;0000;;29.3;;0.333333;
83577;02/03/2018;1200;1.1;;19.6;;
83577;03/03/2018;0000;;32.7;;2;
83577;03/03/2018;1200;0;;19.8;;
83577;04/03/2018;0000;;33.3;;;
83577;05/03/2018;0000;;33.1;;1;
83577;05/03/2018;1200;0;;20;;
83577;06/03/2018;0000;;33.7;;0.666667;
83577;06/03/2018;1200;0;;21.6;;
83577;07/03/2018;0000;;33.1;;0.666667;
83577;07/03/2018;1200;3.6;;21;;
83577;08/03/2018;0000;;31.7;;0;
83577;08/03/2018;1200;0;;20.8;;
83577;09/03/2018;0000;;31.3;;1.333333;
83577;09/03/2018;1200;0;;20.8;;
83577;10/03/2018;0000;;31.3;;2;
83577;10/03/2018;1200;25.2;;20.6;;
83577;11/03/2018;0000;;30.9;;;
83577;11/03/2018;1200;15.4;;20.8;;
83577;12/03/2018;0000;;32.7;;2;
83577;12/03/2018;1200;0;;20.6;;
83577;13/03/2018;0000;;33.9;;0;
83577;13/03/2018;1200;0;;19.6;;
83577;14/03/2018;0000;;34.5;;2;
83577;14/03/2018;1200;0;;21.6;;
83577;15/03/2018;0000;;33.5;;3;
83577;15/03/2018;1200;0;;22.6;;
83577;16/03/2018;0000;;34.1;;1.666667;
83577;16/03/2018;1200;0;;21.6;;
83577;17/03/2018;0000;;33.1;;1.033333;
83577;17/03/2018;1200;7;;21;;
83577;18/03/2018;0000;;33.1;;;
83577;18/03/2018;1200;0;;20.8;;
83577;19/03/2018;0000;;33.1;;0.666667;
83577;19/03/2018;1200;0;;20;;
83577;20/03/2018;0000;;31.9;;1.666667;
83577;20/03/2018;1200;0;;21.4;;
83577;21/03/2018;0000;;32.7;;0;
83577;21/03/2018;1200;0.5;;21.2;;
83577;22/03/2018;0000;;33.1;;1.333333;
83577;22/03/2018;1200;9.1;;20.6;;
83577;23/03/2018;0000;;30.3;;0.666667;
83577;23/03/2018;1200;0;;20.8;;
83577;24/03/2018;0000;;30.9;;2.333333;
83577;24/03/2018;1200;2.8;;20;;
83577;25/03/2018;0000;;31.7;;;
83577;25/03/2018;1200;3.5;;20.8;;
83577;26/03/2018;0000;;30.7;;2.333333;
83577;26/03/2018;1200;0;;20.6;;
83577;27/03/2018;0000;;31.3;;0.666667;
83577;27/03/2018;1200;0;;20;;
83577;28/03/2018;0000;;31.5;;1.666667;
83577;28/03/2018;1200;0;;17.4;;
83577;29/03/2018;0000;;31.7;;2;
83577;29/03/2018;1200;0;;17.6;;
83577;30/03/2018;0000;;32.7;;1;
83577;30/03/2018;1200;0;;19.4;;
83577;31/03/2018;0000;;31.3;;0.666667;
83577;31/03/2018;1200;0;;19;;
83577;02/04/2018;0000;;31.3;;1;
83577;02/04/2018;1200;48.6;;19.6;;
83577;03/04/2018;0000;;29.7;;0;
83577;03/04/2018;1200;24;;19.2;;
83577;04/04/2018;0000;;28.9;;0;
83577;04/04/2018;1200;17.5;;21;;
83577;05/04/2018;0000;;30.5;;0.666667;
83577;05/04/2018;1200;0;;18.4;;
83577;06/04/2018;0000;;31.1;;1.666667;
83577;06/04/2018;1200;0;;19.4;;
83577;07/04/2018;0000;;31.7;;0.666667;
83577;07/04/2018;1200;0;;19.4;;
83577;08/04/2018;1200;2.2;;;;
83577;09/04/2018;0000;;31.5;;1.666667;
83577;09/04/2018;1200;0;;17.4;;
83577;10/04/2018;0000;;30.7;;2;
83577;10/04/2018;1200;0;;17.8;;
83577;11/04/2018;0000;;29.9;;1.333333;
83577;11/04/2018;1200;0;;17;;
83577;12/04/2018;0000;;29.7;;2.666667;
83577;12/04/2018;1200;0;;15.8;;
83577;13/04/2018;0000;;30.5;;2;
83577;13/04/2018;1200;0;;16.6;;
83577;14/04/2018;0000;;30.7;;1.666667;
83577;14/04/2018;1200;0;;18.8;;
83577;15/04/2018;1200;0;;;;
83577;16/04/2018;0000;;28.1;;2;
83577;16/04/2018;1200;2.5;;17.8;;
83577;17/04/2018;0000;;23.5;;3;
83577;17/04/2018;1200;38;;19;;
83577;18/04/2018;0000;;27.5;;2;
83577;18/04/2018;1200;0;;18.8;;
83577;19/04/2018;0000;;28.9;;2;
83577;19/04/2018;1200;0;;18;;
83577;20/04/2018;0000;;28.5;;0.066667;
83577;20/04/2018;1200;0;;16.4;;
83577;21/04/2018;0000;;27.3;;0.666667;
83577;21/04/2018;1200;0;;14.8;;
83577;22/04/2018;1200;0;;;;
83577;23/04/2018;0000;;29.1;;1.666667;
83577;23/04/2018;1200;0;;12.6;;
83577;24/04/2018;0000;;30.7;;2.666667;
83577;24/04/2018;1200;0;;16.2;;
83577;25/04/2018;0000;;31.3;;1.666667;
83577;25/04/2018;1200;0;;16.6;;
83577;26/04/2018;0000;;31.3;;3;
83577;26/04/2018;1200;0;;17.6;;
83577;27/04/2018;0000;;31.7;;0.666667;
83577;27/04/2018;1200;0;;16.6;;
83577;28/04/2018;0000;;28.9;;1;
83577;28/04/2018;1200;0;;19.8;;
83577;29/04/2018;1200;0;;;;
83577;30/04/2018;0000;;30.1;;1.666667;
83577;30/04/2018;1200;0;;15.8;;
83577;01/05/2018;0000;;29.7;;0;
83577;01/05/2018;1200;0;;16;;
83577;02/05/2018;0000;;29.1;;0.666667;
83577;02/05/2018;1200;0;;13.4;;
83577;03/05/2018;0000;;30.7;;1.333333;
83577;03/05/2018;1200;0;;13.8;;
83577;04/05/2018;0000;;32.1;;0.666667;
83577;04/05/2018;1200;0;;16.2;;
83577;05/05/2018;0000;;31.7;;2.666667;
83577;05/05/2018;1200;0;;17.2;;
83577;07/05/2018;0000;;31.3;;1.333333;
83577;07/05/2018;1200;0;;16.6;;
83577;08/05/2018;0000;;28.7;;1.333333;
83577;08/05/2018;1200;1.4;;14.6;;
83577;09/05/2018;0000;;27.9;;2.333333;
83577;09/05/2018;1200;0;;14.4;;
83577;10/05/2018;0000;;27.9;;3;
83577;10/05/2018;1200;0;;17;;
83577;11/05/2018;0000;;29.5;;1;
83577;11/05/2018;1200;0;;15;;
83577;12/05/2018;0000;;29.3;;1.333333;
83577;12/05/2018;1200;0;;16;;
83577;14/05/2018;0000;;30.3;;1.666667;
83577;14/05/2018;1200;0;;17.6;;
83577;15/05/2018;0000;;29.1;;1.666667;
83577;15/05/2018;1200;0;;17.4;;
83577;16/05/2018;0000;;31.3;;1;
83577;16/05/2018;1200;0;;15.8;;
83577;17/05/2018;0000;;28.5;;1.333333;
83577;17/05/2018;1200;0;;16.2;;
83577;18/05/2018;0000;;29.5;;2;
83577;18/05/2018;1200;0;;19;;
83577;19/05/2018;0000;;22.7;;0.666667;
83577;19/05/2018;1200;0;;17;;
83577;20/05/2018;1200;33.2;;;;
83577;21/05/2018;0000;;26.5;;0;
83577;21/05/2018;1200;0;;5.8;;
83577;22/05/2018;0000;;27.7;;0;
83577;22/05/2018;1200;0;;5.4;;
83577;23/05/2018;0000;;29.1;;0;
83577;23/05/2018;1200;0;;6.6;;
83577;24/05/2018;0000;;29.7;;2;
83577;24/05/2018;1200;0;;9.2;;
83577;25/05/2018;0000;;27.1;;2.333333;
83577;25/05/2018;1200;0;;12.4;;
83577;26/05/2018;0000;;28.5;;2.666667;
83577;26/05/2018;1200;0;;12.4;;
83577;28/05/2018;0000;;26.3;;4.333333;
83577;28/05/2018;1200;0;;11;;
83577;29/05/2018;0000;;26.7;;3.666667;
83577;29/05/2018;1200;0;;14;;
83577;30/05/2018;0000;;26.1;;1.333333;
83577;30/05/2018;1200;0;;14.4;;
83577;31/05/2018;0000;;26.9;;1.333333;
83577;31/05/2018;1200;0;;11.2;;
83577;01/06/2018;0000;;27.9;;1.666667;
83577;01/06/2018;1200;0;;11.4;;
83577;02/06/2018;0000;;28.7;;0;
83577;02/06/2018;1200;0;;13;;
83577;04/06/2018;0000;;29.7;;0;
83577;04/06/2018;1200;0;;14.2;;
83577;05/06/2018;0000;;29.1;;1.666667;
83577;05/06/2018;1200;0;;16.2;;
83577;06/06/2018;0000;;27.9;;0;
83577;06/06/2018;1200;0;;15.4;;
83577;07/06/2018;0000;;28.9;;1;
83577;07/06/2018;1200;0;;16.4;;
83577;08/06/2018;0000;;24.9;;0;
83577;08/06/2018;1200;0;;16.2;;
83577;09/06/2018;0000;;30.5;;0.666667;
83577;09/06/2018;1200;0;;12;;
83577;11/06/2018;0000;;29.3;;3.333333;
83577;11/06/2018;1200;0;;17.6;;
83577;12/06/2018;0000;;30.3;;1.666667;
83577;12/06/2018;1200;0;;16.4;;
83577;13/06/2018;0000;;31.7;;1.666667;
83577;13/06/2018;1200;0;;17;;
83577;14/06/2018;0000;;29.5;;1.333333;
83577;14/06/2018;1200;0;;14.8;;
83577;15/06/2018;0000;;28.5;;0;
83577;15/06/2018;1200;0;;16.6;;
83577;16/06/2018;0000;;27.9;;0.333333;
83577;16/06/2018;1200;0;;18.2;;
83577;17/06/2018;1200;0;;;;
83577;18/06/2018;0000;;28.4;;1.666667;
83577;18/06/2018;1200;0;;14;;
83577;19/06/2018;0000;;26.3;;4;
83577;19/06/2018;1200;0;;16;;
83577;20/06/2018;0000;;28.3;;2;
83577;20/06/2018;1200;0;;13.6;;
83577;21/06/2018;0000;;28.7;;1.333333;
83577;21/06/2018;1200;0;;13;;
83577;22/06/2018;0000;;29.7;;1.333333;
83577;22/06/2018;1200;0;;13;;
83577;23/06/2018;0000;;29.5;;3.333333;
83577;23/06/2018;1200;0;;17.2;;
83577;24/06/2018;1200;0;;;;
83577;25/06/2018;0000;;29.7;;1.666667;
83577;25/06/2018;1200;0;;14.8;;
83577;26/06/2018;0000;;29.1;;1;
83577;26/06/2018;1200;0;;16.2;;
83577;27/06/2018;0000;;28.7;;0;
83577;27/06/2018;1200;0;;15.4;;
83577;28/06/2018;0000;;28.9;;1.333333;
83577;28/06/2018;1200;0;;14;;
83577;29/06/2018;0000;;28.9;;1.333333;
83577;29/06/2018;1200;0;;15.6;;
83577;30/06/2018;0000;;28.9;;0;
83577;30/06/2018;1200;0;;16.6;;
83577;02/07/2018;0000;;30.3;;0.666667;
83577;02/07/2018;1200;0;;13.6;;
83577;03/07/2018;0000;;30.3;;1.666667;
83577;03/07/2018;1200;0;;11.2;;
83577;04/07/2018;0000;;30.1;;1.333333;
83577;04/07/2018;1200;0;;13;;
83577;05/07/2018;0000;;28.9;;1.666667;
83577;05/07/2018;1200;0;;13.2;;
83577;06/07/2018;0000;;29.3;;0.333333;
83577;06/07/2018;1200;0;;12.6;;
83577;07/07/2018;0000;;29.1;;1.333333;
83577;07/07/2018;1200;0;;11;;
83577;08/07/2018;0000;;30.1;;;
83577;08/07/2018;1200;;;11;;
83577;09/07/2018;0000;;30.3;;1;
83577;09/07/2018;1200;0;;11;;
83577;10/07/2018;0000;;20.7;;0.333333;
83577;10/07/2018;1200;0;;11.8;;
83577;11/07/2018;0000;;25.2;;2.333333;
83577;11/07/2018;1200;0;;9.4;;
83577;12/07/2018;0000;;28.5;;1.666667;
83577;12/07/2018;1200;0;;6.8;;
83577;13/07/2018;0000;;29.1;;1;
83577;13/07/2018;1200;0;;8.4;;
83577;14/07/2018;0000;;30.7;;1.333333;
83577;14/07/2018;1200;0;;11.2;;
83577;15/07/2018;0000;;30.5;;;
83577;15/07/2018;1200;0;;;;
83577;16/07/2018;0000;;30.5;;3;
83577;16/07/2018;1200;0;;12.8;;
83577;17/07/2018;0000;;28.7;;2.333333;
83577;17/07/2018;1200;0;;11;;
83577;18/07/2018;0000;;28.7;;1.333333;
83577;18/07/2018;1200;0;;12.2;;
83577;19/07/2018;0000;;29.3;;1.666667;
83577;19/07/2018;1200;0;;13.8;;
83577;20/07/2018;0000;;;;3;
83577;20/07/2018;1200;0;;12.6;;
83577;21/07/2018;0000;;30.7;;;
83577;22/07/2018;0000;;29.5;;;
83577;22/07/2018;1200;0;;11.6;;
83577;23/07/2018;0000;;29.5;;2;
83577;23/07/2018;1200;0;;15.4;;
83577;24/07/2018;0000;;29.1;;2.666667;
83577;24/07/2018;1200;0;;13.6;;
83577;25/07/2018;0000;;28.3;;1.666667;
83577;25/07/2018;1200;0;;14;;
83577;26/07/2018;0000;;28.7;;2;
83577;26/07/2018;1200;0;;12.8;;
83577;27/07/2018;0000;;29.7;;1.666667;
83577;27/07/2018;1200;0;;14.6;;
83577;28/07/2018;0000;;31.3;;1;
83577;28/07/2018;1200;0;;13.4;;
83577;29/07/2018;0000;;31.3;;;
83577;29/07/2018;1200;;;14.2;;
83577;30/07/2018;0000;;32.3;;2.666667;
83577;30/07/2018;1200;0;;14.2;;
83577;31/07/2018;0000;;30.5;;1;
83577;31/07/2018;1200;0;;16.8;;
83577;01/08/2018;0000;;30.3;;0.666667;
83577;01/08/2018;1200;0;;15.4;;
83577;02/08/2018;0000;;30.5;;0;
83577;02/08/2018;1200;0.2;;16.6;;
83577;03/08/2018;0000;;31.7;;2.333333;
83577;03/08/2018;1200;0;;17.2;;
83577;04/08/2018;0000;;29.7;;2;
83577;04/08/2018;1200;5.7;;16.4;;
83577;05/08/2018;0000;;28.5;;;
83577;05/08/2018;1200;;;15.8;;
83577;06/08/2018;0000;;28.7;;1.666667;
83577;06/08/2018;1200;0;;15.4;;
83577;07/08/2018;0000;;30.9;;0.666667;
83577;07/08/2018;1200;0;;14.6;;
83577;08/08/2018;0000;;33;;2;
83577;08/08/2018;1200;0;;15.6;;
83577;09/08/2018;0000;;30.7;;0.666667;
83577;09/08/2018;1200;16;;17.4;;
83577;10/08/2018;0000;;26.5;;0.666667;
83577;10/08/2018;1200;0;;11.8;;
83577;11/08/2018;0000;;26.3;;1;
83577;11/08/2018;1200;0;;4.4;;
83577;12/08/2018;0000;;28.5;;;
83577;12/08/2018;1200;;;3.8;;
83577;13/08/2018;0000;;32.9;;0.666667;
83577;13/08/2018;1200;0;;15.2;;
83577;14/08/2018;0000;;33.5;;0.666667;
83577;14/08/2018;1200;0;;12.4;;
83577;15/08/2018;0000;;34.5;;0.666667;
83577;15/08/2018;1200;0;;9.8;;
83577;16/08/2018;0000;;25.9;;0.666667;
83577;16/08/2018;1200;0;;14.6;;
83577;17/08/2018;0000;;29.3;;2.333333;
83577;17/08/2018;1200;0;;14.6;;
83577;18/08/2018;0000;;29.5;;3.666667;
83577;18/08/2018;1200;0;;15.4;;
83577;19/08/2018;0000;;30.9;;;
83577;19/08/2018;1200;;;16.8;;
83577;20/08/2018;0000;;31.3;;2.333333;
83577;20/08/2018;1200;0;;16.6;;
83577;21/08/2018;0000;;31.7;;1.333333;
83577;21/08/2018;1200;0;;15.4;;
83577;22/08/2018;0000;;31.5;;1;
83577;22/08/2018;1200;0;;15.8;;
83577;23/08/2018;0000;;31.9;;1.666667;
83577;23/08/2018;1200;0;;14.6;;
83577;24/08/2018;0000;;32.9;;3.333333;
83577;24/08/2018;1200;0;;17.2;;
83577;25/08/2018;0000;;23.8;;1.333333;
83577;25/08/2018;1200;4.2;;18;;
83577;26/08/2018;0000;;24.5;;;
83577;26/08/2018;1200;3.5;;17.6;;
83577;27/08/2018;0000;;31.7;;1.333333;
83577;27/08/2018;1200;0;;13;;
83577;28/08/2018;0000;;28.7;;3.666667;
83577;28/08/2018;1200;0;;18.6;;
83577;29/08/2018;0000;;30.3;;2.333333;
83577;29/08/2018;1200;0;;17.8;;
83577;30/08/2018;0000;;30.9;;2.333333;
83577;30/08/2018;1200;0;;16;;
83577;31/08/2018;0000;;33.5;;2.333333;
83577;31/08/2018;1200;0;;18.4;;
83577;21/01/2019;0000;;31.1;;2.05776;

		
	
[Fechar] <#>
	
		

