--------------------
BDMEP - INMET
--------------------
Estação           : VITORIA - ES (OMM: 83648)
Latitude  (graus) : -20.31
Longitude (graus) : -40.31
Altitude  (metros): 36.20
Estação Operante
Inicio de operação: 20/11/1923
Periodo solicitado dos dados: 01/01/2018 a 30/03/2019
Os dados listados abaixo são os que encontram-se digitados no BDMEP
Hora em UTC
--------------------
Obs.: Os dados aparecem separados por ; (ponto e vírgula) no formato txt.
      Para o formato planilha XLS, siga as instruções <http://www.inmet.gov.br/projetos/rede/pesquisa/instrucao.html>
--------------------
Estacao;Data;Hora;Precipitacao;TempMaxima;TempMinima;Velocidade do Vento Media;
83648;01/01/2018;0000;;34.3;;;
83648;01/01/2018;1200;7.6;;23.8;;
83648;02/01/2018;0000;;32.7;;;
83648;02/01/2018;1200;10.6;;25;;
83648;03/01/2018;0000;;35.6;;;
83648;03/01/2018;1200;0;;25.4;;
83648;04/01/2018;0000;;29.5;;;
83648;04/01/2018;1200;0.6;;24.4;;
83648;05/01/2018;0000;;33;;;
83648;05/01/2018;1200;0;;24.4;;
83648;06/01/2018;0000;;31.7;;;
83648;06/01/2018;1200;0;;25.6;;
83648;07/01/2018;0000;;31.9;;;
83648;07/01/2018;1200;0;;24.6;;
83648;08/01/2018;0000;;31.7;;;
83648;08/01/2018;1200;0;;25;;
83648;09/01/2018;0000;;31.9;;;
83648;09/01/2018;1200;1.8;;24.4;;
83648;10/01/2018;0000;;31.9;;;
83648;10/01/2018;1200;0.8;;24.6;;
83648;11/01/2018;0000;;30.9;;;
83648;11/01/2018;1200;11.8;;23.8;;
83648;12/01/2018;0000;;32.9;;;
83648;12/01/2018;1200;0;;23.8;;
83648;13/01/2018;0000;;32.3;;;
83648;13/01/2018;1200;0;;24.8;;
83648;14/01/2018;0000;;33.3;;;
83648;14/01/2018;1200;0;;25.8;;
83648;15/01/2018;0000;;32.3;;;
83648;15/01/2018;1200;0;;26;;
83648;16/01/2018;0000;;33.5;;;
83648;16/01/2018;1200;0;;25.8;;
83648;17/01/2018;0000;;32.7;;;
83648;17/01/2018;1200;0;;25;;
83648;18/01/2018;0000;;33.9;;;
83648;18/01/2018;1200;0;;24.8;;
83648;19/01/2018;0000;;34.9;;;
83648;19/01/2018;1200;0;;24.8;;
83648;20/01/2018;0000;;32.9;;;
83648;20/01/2018;1200;0;;24.4;;
83648;21/01/2018;0000;;33.9;;;
83648;21/01/2018;1200;0;;24.4;;
83648;22/01/2018;0000;;32.7;;;
83648;22/01/2018;1200;0;;24.8;;
83648;23/01/2018;0000;;32.3;;;
83648;23/01/2018;1200;0;;25.6;;
83648;24/01/2018;0000;;32.3;;;
83648;24/01/2018;1200;0;;24.6;;
83648;25/01/2018;0000;;32.7;;;
83648;25/01/2018;1200;0;;24.4;;
83648;26/01/2018;0000;;33.7;;;
83648;26/01/2018;1200;0;;25;;
83648;27/01/2018;0000;;31.9;;;
83648;27/01/2018;1200;0;;24.4;;
83648;28/01/2018;0000;;31.3;;;
83648;28/01/2018;1200;0;;23.6;;
83648;29/01/2018;0000;;29.9;;;
83648;29/01/2018;1200;0;;26.4;;
83648;30/01/2018;0000;;28.3;;;
83648;30/01/2018;1200;0.2;;25;;
83648;31/01/2018;0000;;26.9;;;
83648;31/01/2018;1200;21.7;;22.4;;
83648;01/02/2018;0000;;27.9;;;
83648;01/02/2018;1200;7.5;;21.2;;
83648;02/02/2018;0000;;26.9;;;
83648;02/02/2018;1200;14.3;;21.2;;
83648;03/02/2018;0000;;27.9;;;
83648;03/02/2018;1200;0.7;;23.2;;
83648;04/02/2018;0000;;24.8;;;
83648;04/02/2018;1200;29.6;;21.7;;
83648;05/02/2018;0000;;26.5;;;
83648;05/02/2018;1200;44.3;;20.5;;
83648;06/02/2018;0000;;27.2;;;
83648;06/02/2018;1200;40.2;;22.2;;
83648;07/02/2018;0000;;29.9;;;
83648;07/02/2018;1200;6.6;;22.4;;
83648;08/02/2018;0000;;30.9;;;
83648;08/02/2018;1200;0.1;;23.6;;
83648;09/02/2018;0000;;29.3;;;
83648;09/02/2018;1200;0.1;;25.2;;
83648;10/02/2018;0000;;30.9;;;
83648;10/02/2018;1200;3.9;;23.6;;
83648;11/02/2018;0000;;33.3;;;
83648;11/02/2018;1200;0;;24.4;;
83648;12/02/2018;0000;;32.5;;;
83648;12/02/2018;1200;0;;24.3;;
83648;13/02/2018;0000;;33.5;;;
83648;13/02/2018;1200;0;;25.1;;
83648;14/02/2018;0000;;31.9;;;
83648;14/02/2018;1200;0;;25;;
83648;15/02/2018;0000;;31.5;;;
83648;15/02/2018;1200;5.4;;24.4;;
83648;16/02/2018;0000;;31.9;;;
83648;16/02/2018;1200;1;;23.6;;
83648;17/02/2018;0000;;31.3;;;
83648;17/02/2018;1200;9.2;;23.8;;
83648;18/02/2018;0000;;32.7;;;
83648;18/02/2018;1200;1.1;;24.5;;
83648;19/02/2018;0000;;32.3;;;
83648;19/02/2018;1200;0;;24.8;;
83648;20/02/2018;0000;;32.9;;;
83648;20/02/2018;1200;0;;25.5;;
83648;21/02/2018;0000;;32.5;;;
83648;21/02/2018;1200;0;;26.2;;
83648;22/02/2018;0000;;32.5;;;
83648;22/02/2018;1200;0;;26.1;;
83648;23/02/2018;0000;;34.5;;;
83648;23/02/2018;1200;0;;24.3;;
83648;24/02/2018;0000;;30;;;
83648;24/02/2018;1200;12.9;;24.3;;
83648;25/02/2018;0000;;29.9;;;
83648;25/02/2018;1200;0;;24.4;;
83648;26/02/2018;0000;;31.9;;;
83648;26/02/2018;1200;24.6;;23.4;;
83648;27/02/2018;0000;;33.8;;;
83648;27/02/2018;1200;0;;25;;
83648;28/02/2018;0000;;34.4;;;
83648;28/02/2018;1200;0;;25.3;;
83648;01/03/2018;0000;;34.3;;;
83648;01/03/2018;1200;0;;26;;
83648;02/03/2018;0000;;34.4;;;
83648;02/03/2018;1200;0;;26.3;;
83648;03/03/2018;0000;;33.3;;;
83648;03/03/2018;1200;0;;26.4;;
83648;04/03/2018;0000;;33.4;;;
83648;04/03/2018;1200;0;;26.6;;
83648;05/03/2018;0000;;34.3;;;
83648;05/03/2018;1200;0;;25.8;;
83648;06/03/2018;0000;;31;;;
83648;06/03/2018;1200;34;;24.6;;
83648;07/03/2018;0000;;32.5;;;
83648;07/03/2018;1200;0;;24.8;;
83648;08/03/2018;0000;;32.3;;;
83648;08/03/2018;1200;47;;24.8;;
83648;09/03/2018;0000;;27.3;;;
83648;09/03/2018;1200;13;;24.4;;
83648;10/03/2018;0000;;30.3;;;
83648;10/03/2018;1200;1.8;;24.5;;
83648;11/03/2018;0000;;32.7;;;
83648;11/03/2018;1200;3.1;;23.9;;
83648;12/03/2018;0000;;32.8;;;
83648;12/03/2018;1200;5.4;;24.6;;
83648;13/03/2018;0000;;32.5;;0;
83648;13/03/2018;1200;0;;24.3;;
83648;14/03/2018;0000;;32.3;;;
83648;14/03/2018;1200;0;;25.4;;
83648;15/03/2018;0000;;33;;;
83648;15/03/2018;1200;0;;25.8;;
83648;16/03/2018;0000;;35.4;;;
83648;16/03/2018;1200;0;;26.3;;
83648;17/03/2018;0000;;28.2;;;
83648;17/03/2018;1200;0.9;;24;;
83648;18/03/2018;0000;;30.7;;;
83648;18/03/2018;1200;42.5;;22.8;;
83648;19/03/2018;0000;;34.5;;;
83648;19/03/2018;1200;0;;24.8;;
83648;20/03/2018;0000;;34.1;;;
83648;20/03/2018;1200;0;;25.3;;
83648;21/03/2018;0000;;29.9;;;
83648;21/03/2018;1200;0;;25.3;;
83648;22/03/2018;0000;;29.4;;;
83648;22/03/2018;1200;0;;24.6;;
83648;23/03/2018;0000;;30.9;;;
83648;23/03/2018;1200;0.1;;24;;
83648;24/03/2018;0000;;31.5;;;
83648;24/03/2018;1200;2.3;;23.6;;
83648;25/03/2018;0000;;31.5;;;
83648;25/03/2018;1200;0.2;;24.3;;
83648;26/03/2018;0000;;31.7;;;
83648;26/03/2018;1200;0.9;;24;;
83648;27/03/2018;0000;;31.8;;;
83648;27/03/2018;1200;0.1;;23.3;;
83648;28/03/2018;0000;;31.5;;;
83648;28/03/2018;1200;3.4;;23.6;;
83648;29/03/2018;0000;;31.4;;;
83648;29/03/2018;1200;8.6;;23;;
83648;30/03/2018;0000;;31.4;;;
83648;30/03/2018;1200;11.3;;23.2;;
83648;31/03/2018;0000;;31.5;;;
83648;31/03/2018;1200;0;;23.2;;
83648;01/04/2018;0000;;32.5;;;
83648;01/04/2018;1200;1.2;;24;;
83648;02/04/2018;0000;;32.9;;;
83648;02/04/2018;1200;0;;25;;
83648;03/04/2018;0000;;34.9;;;
83648;03/04/2018;1200;0;;25.2;;
83648;04/04/2018;0000;;31.3;;;
83648;04/04/2018;1200;0.2;;24.4;;
83648;05/04/2018;0000;;30.7;;;
83648;05/04/2018;1200;3.6;;23.2;;
83648;06/04/2018;0000;;31.3;;;
83648;06/04/2018;1200;0;;24.8;;
83648;07/04/2018;0000;;28;;;
83648;07/04/2018;1200;58.3;;22.4;;
83648;08/04/2018;0000;;29.3;;;
83648;08/04/2018;1200;0.9;;22.4;;
83648;09/04/2018;0000;;30.3;;;
83648;09/04/2018;1200;0;;23.4;;
83648;10/04/2018;0000;;29.9;;;
83648;10/04/2018;1200;1.6;;22.8;;
83648;11/04/2018;0000;;27.4;;;
83648;11/04/2018;1200;0.1;;21.1;;
83648;12/04/2018;0000;;26.9;;;
83648;12/04/2018;1200;42.4;;20.5;;
83648;13/04/2018;0000;;30.7;;;
83648;13/04/2018;1200;27.2;;23;;
83648;14/04/2018;0000;;31.5;;;
83648;14/04/2018;1200;0;;23.4;;
83648;15/04/2018;0000;;29.4;;;
83648;15/04/2018;1200;0;;23.9;;
83648;16/04/2018;0000;;25.9;;;
83648;16/04/2018;1200;130.2;;21.6;;
83648;17/04/2018;0000;;26.3;;;
83648;17/04/2018;1200;50.2;;20.3;;
83648;18/04/2018;0000;;26.9;;;
83648;18/04/2018;1200;19;;20.3;;
83648;19/04/2018;0000;;28.4;;;
83648;19/04/2018;1200;0.6;;20.8;;
83648;20/04/2018;0000;;29.3;;;
83648;20/04/2018;1200;0;;20.7;;
83648;21/04/2018;0000;;28.9;;;
83648;21/04/2018;1200;0;;19.3;;
83648;22/04/2018;0000;;29.3;;;
83648;22/04/2018;1200;0;;20.5;;
83648;23/04/2018;0000;;27.7;;;
83648;23/04/2018;1200;3.2;;21.6;;
83648;24/04/2018;0000;;29.9;;;
83648;24/04/2018;1200;23.6;;21.8;;
83648;25/04/2018;0000;;30;;;
83648;25/04/2018;1200;0;;21.6;;
83648;26/04/2018;0000;;29.9;;;
83648;26/04/2018;1200;0.6;;22.6;;
83648;27/04/2018;0000;;28.9;;;
83648;27/04/2018;1200;1.1;;22.3;;
83648;28/04/2018;0000;;28.7;;;
83648;28/04/2018;1200;2.8;;21.6;;
83648;29/04/2018;0000;;28.7;;;
83648;29/04/2018;1200;0;;21.1;;
83648;30/04/2018;0000;;28.9;;;
83648;30/04/2018;1200;4.8;;21.4;;
83648;01/05/2018;0000;;32;;;
83648;01/05/2018;1200;0;;22.2;;
83648;02/05/2018;0000;;28.9;;;
83648;02/05/2018;1200;0;;20.3;;
83648;03/05/2018;0000;;29.3;;;
83648;03/05/2018;1200;0;;21.8;;
83648;04/05/2018;0000;;27.9;;;
83648;04/05/2018;1200;0.4;;23.2;;
83648;05/05/2018;0000;;25.9;;;
83648;05/05/2018;1200;10.6;;22.3;;
83648;06/05/2018;0000;;29.7;;;
83648;06/05/2018;1200;5;;22.2;;
83648;07/05/2018;0000;;27.2;;;
83648;07/05/2018;1200;3.1;;22.2;;
83648;08/05/2018;0000;;28.3;;;
83648;08/05/2018;1200;3;;21.6;;
83648;09/05/2018;0000;;26.7;;;
83648;09/05/2018;1200;39.2;;21.3;;
83648;10/05/2018;0000;;28.9;;;
83648;10/05/2018;1200;6.8;;20.1;;
83648;11/05/2018;0000;;29.2;;;
83648;11/05/2018;1200;0;;18.9;;
83648;12/05/2018;0000;;32;;;
83648;12/05/2018;1200;0;;21.2;;
83648;13/05/2018;0000;;28.6;;;
83648;13/05/2018;1200;0;;21.6;;
83648;14/05/2018;0000;;25.5;;;
83648;14/05/2018;1200;0;;21.2;;
83648;15/05/2018;0000;;24.9;;;
83648;15/05/2018;1200;75.9;;20.7;;
83648;16/05/2018;0000;;30.9;;;
83648;16/05/2018;1200;8.8;;21.4;;
83648;17/05/2018;0000;;28.5;;;
83648;17/05/2018;1200;0;;22;;
83648;18/05/2018;0000;;28.7;;;
83648;18/05/2018;1200;0;;22.4;;
83648;19/05/2018;0000;;30.2;;;
83648;19/05/2018;1200;0;;23.1;;
83648;20/05/2018;0000;;30;;;
83648;20/05/2018;1200;0;;22.8;;
83648;21/05/2018;0000;;26.7;;;
83648;21/05/2018;1200;0;;20;;
83648;22/05/2018;0000;;27.7;;;
83648;22/05/2018;1200;0;;18.7;;
83648;23/05/2018;0000;;28.9;;;
83648;23/05/2018;1200;0;;20;;
83648;24/05/2018;0000;;26.5;;;
83648;24/05/2018;1200;0;;20.3;;
83648;25/05/2018;0000;;23;;;
83648;25/05/2018;1200;0;;19.3;;
83648;26/05/2018;0000;;21.8;;;
83648;26/05/2018;1200;38.2;;19.1;;
83648;27/05/2018;0000;;26.1;;;
83648;27/05/2018;1200;1.2;;18.7;;
83648;28/05/2018;0000;;26.3;;;
83648;28/05/2018;1200;0;;20.1;;
83648;29/05/2018;0000;;26.4;;;
83648;29/05/2018;1200;8.5;;20;;
83648;30/05/2018;0000;;26.9;;;
83648;30/05/2018;1200;0.1;;20.1;;
83648;31/05/2018;0000;;27.9;;;
83648;31/05/2018;1200;0;;18.8;;
83648;01/06/2018;0000;;28.7;;;
83648;01/06/2018;1200;0;;21.6;;
83648;02/06/2018;0000;;30.3;;;
83648;02/06/2018;1200;0;;21.8;;
83648;03/06/2018;0000;;29.5;;;
83648;03/06/2018;1200;0;;22.4;;
83648;04/06/2018;0000;;24.4;;;
83648;04/06/2018;1200;1.4;;19.6;;
83648;05/06/2018;0000;;24.8;;;
83648;05/06/2018;1200;1.1;;18.7;;
83648;06/06/2018;0000;;28;;;
83648;06/06/2018;1200;0;;20.1;;
83648;07/06/2018;0000;;29.3;;;
83648;07/06/2018;1200;0;;20.1;;
83648;08/06/2018;0000;;28.3;;;
83648;08/06/2018;1200;0;;21.2;;
83648;09/06/2018;0000;;24.2;;;
83648;09/06/2018;1200;15.2;;21.2;;
83648;10/06/2018;0000;;26.1;;;
83648;10/06/2018;1200;0.2;;21.1;;
83648;11/06/2018;0000;;27.7;;;
83648;11/06/2018;1200;0;;21.2;;
83648;12/06/2018;0000;;29.4;;;
83648;12/06/2018;1200;0;;21.3;;
83648;13/06/2018;0000;;31.5;;;
83648;13/06/2018;1200;0;;21.4;;
83648;14/06/2018;0000;;29.3;;;
83648;14/06/2018;1200;0;;22.2;;
83648;15/06/2018;0000;;25.3;;;
83648;15/06/2018;1200;2.1;;20.5;;
83648;16/06/2018;0000;;26.4;;;
83648;16/06/2018;1200;2.8;;20.5;;
83648;17/06/2018;0000;;26.9;;;
83648;17/06/2018;1200;1;;20.7;;
83648;18/06/2018;0000;;22.3;;;
83648;18/06/2018;1200;40.2;;20.1;;
83648;19/06/2018;0000;;24.8;;;
83648;19/06/2018;1200;67.6;;19.1;;
83648;20/06/2018;0000;;26.4;;;
83648;20/06/2018;1200;0.2;;19;;
83648;21/06/2018;0000;;27.7;;;
83648;21/06/2018;1200;0;;19.3;;
83648;22/06/2018;0000;;29.9;;;
83648;22/06/2018;1200;0;;20.5;;
83648;23/06/2018;0000;;29.9;;;
83648;23/06/2018;1200;0;;19.5;;
83648;24/06/2018;0000;;30;;;
83648;24/06/2018;1200;0;;22.6;;
83648;25/06/2018;0000;;29.5;;;
83648;25/06/2018;1200;0;;21.2;;
83648;26/06/2018;0000;;30;;;
83648;26/06/2018;1200;0;;22.1;;
83648;27/06/2018;0000;;30.9;;;
83648;27/06/2018;1200;0;;21.2;;
83648;28/06/2018;0000;;27.9;;;
83648;28/06/2018;1200;0;;20.5;;
83648;29/06/2018;0000;;24.6;;;
83648;29/06/2018;1200;1.8;;20.5;;
83648;30/06/2018;0000;;26.7;;;
83648;30/06/2018;1200;14.7;;20.2;;
83648;01/07/2018;0000;;28.7;;;
83648;01/07/2018;1200;0;;20.5;;
83648;02/07/2018;0000;;29.3;;;
83648;02/07/2018;1200;0;;21.1;;
83648;03/07/2018;0000;;30.9;;;
83648;03/07/2018;1200;0;;21.4;;
83648;04/07/2018;0000;;27.9;;;
83648;04/07/2018;1200;0;;21.6;;
83648;05/07/2018;0000;;29.9;;;
83648;05/07/2018;1200;0;;20.5;;
83648;06/07/2018;0000;;29;;;
83648;06/07/2018;1200;0;;20.5;;
83648;07/07/2018;0000;;29.5;;;
83648;07/07/2018;1200;0;;19.1;;
83648;08/07/2018;0000;;30.9;;;
83648;08/07/2018;1200;0;;20.7;;
83648;09/07/2018;0000;;31.9;;;
83648;09/07/2018;1200;0;;20.3;;
83648;10/07/2018;0000;;30;;;
83648;10/07/2018;1200;0;;20.3;;
83648;11/07/2018;0000;;23.6;;;
83648;11/07/2018;1200;0;;19.1;;
83648;12/07/2018;0000;;24.2;;0;
83648;12/07/2018;1200;0;;18.7;;
83648;13/07/2018;0000;;26.7;;;
83648;13/07/2018;1200;0;;19;;
83648;14/07/2018;0000;;29.4;;;
83648;14/07/2018;1200;0;;20.1;;
83648;15/07/2018;0000;;28.7;;;
83648;15/07/2018;1200;0;;20;;
83648;16/07/2018;0000;;29;;;
83648;16/07/2018;1200;0;;20.8;;
83648;17/07/2018;0000;;28.5;;;
83648;17/07/2018;1200;0;;21.4;;
83648;18/07/2018;0000;;28.2;;;
83648;18/07/2018;1200;0;;20.5;;
83648;19/07/2018;0000;;28.3;;;
83648;19/07/2018;1200;0;;20.5;;
83648;20/07/2018;0000;;28.3;;;
83648;20/07/2018;1200;0;;19.8;;
83648;21/07/2018;0000;;28.7;;;
83648;21/07/2018;1200;0;;20.1;;
83648;22/07/2018;0000;;28;;;
83648;22/07/2018;1200;0;;19.7;;
83648;23/07/2018;0000;;27.7;;;
83648;23/07/2018;1200;0.2;;20.1;;
83648;24/07/2018;0000;;28.2;;;
83648;24/07/2018;1200;0;;18.5;;
83648;25/07/2018;0000;;21.8;;;
83648;25/07/2018;1200;0;;19.7;;
83648;26/07/2018;0000;;27.1;;;
83648;26/07/2018;1200;9.2;;18.3;;
83648;27/07/2018;0000;;27.3;;;
83648;27/07/2018;1200;0;;18.5;;
83648;28/07/2018;0000;;28.4;;;
83648;28/07/2018;1200;0;;18.9;;
83648;29/07/2018;0000;;27.7;;;
83648;29/07/2018;1200;0;;20.1;;
83648;30/07/2018;0000;;29.7;;;
83648;30/07/2018;1200;0;;21.4;;
83648;31/07/2018;0000;;30.3;;;
83648;31/07/2018;1200;0;;21.6;;
83648;01/08/2018;0000;;26.3;;;
83648;01/08/2018;1200;0.6;;20.5;;
83648;02/08/2018;0000;;22.4;;;
83648;02/08/2018;1200;6;;19.5;;
83648;03/08/2018;0000;;24.8;;;
83648;03/08/2018;1200;12;;19.8;;
83648;04/08/2018;0000;;25.8;;;
83648;04/08/2018;1200;6.4;;21.2;;
83648;05/08/2018;0000;;26.4;;;
83648;05/08/2018;1200;2.4;;20.3;;
83648;06/08/2018;0000;;25.8;;;
83648;06/08/2018;1200;0;;21.2;;
83648;07/08/2018;0000;;23.6;;;
83648;07/08/2018;1200;0.2;;20.3;;
83648;08/08/2018;0000;;24.6;;;
83648;08/08/2018;1200;0.4;;20.1;;
83648;09/08/2018;0000;;29.9;;;
83648;09/08/2018;1200;11.2;;21.1;;
83648;10/08/2018;0000;;32.3;;;
83648;10/08/2018;1200;0;;21.6;;
83648;11/08/2018;0000;;24.6;;;
83648;11/08/2018;1200;0;;20.9;;
83648;12/08/2018;0000;;24.2;;;
83648;12/08/2018;1200;1.2;;19.7;;
83648;13/08/2018;0000;;26;;;
83648;13/08/2018;1200;0;;19;;
83648;14/08/2018;0000;;25.9;;0;
83648;14/08/2018;1200;0;;19.1;;
83648;15/08/2018;0000;;28;;;
83648;15/08/2018;1200;0;;19;;
83648;16/08/2018;0000;;26.3;;;
83648;16/08/2018;1200;0.2;;20.3;;
83648;17/08/2018;0000;;23.3;;;
83648;17/08/2018;1200;0;;18.6;;
83648;18/08/2018;0000;;24.4;;;
83648;18/08/2018;1200;0.5;;18.7;;
83648;19/08/2018;0000;;26.4;;;
83648;19/08/2018;1200;1.2;;18.4;;
83648;20/08/2018;0000;;27.7;;;
83648;20/08/2018;1200;0;;17.7;;
83648;21/08/2018;0000;;27.5;;;
83648;21/08/2018;1200;0;;20.1;;
83648;22/08/2018;0000;;26.7;;;
83648;22/08/2018;1200;0;;21.4;;
83648;23/08/2018;0000;;28.4;;;
83648;23/08/2018;1200;0;;20.7;;
83648;24/08/2018;0000;;28.9;;;
83648;24/08/2018;1200;0;;21.8;;
83648;25/08/2018;0000;;30.9;;;
83648;25/08/2018;1200;0.5;;22;;
83648;26/08/2018;0000;;29.5;;;
83648;26/08/2018;1200;0;;20.8;;
83648;27/08/2018;0000;;22.9;;;
83648;27/08/2018;1200;0.4;;19.5;;
83648;28/08/2018;0000;;21.6;;;
83648;28/08/2018;1200;40.1;;19.1;;
83648;29/08/2018;0000;;25.7;;;
83648;29/08/2018;1200;0.8;;18.8;;
83648;30/08/2018;0000;;27.7;;;
83648;30/08/2018;1200;8;;20.1;;
83648;31/08/2018;0000;;29.4;;;
83648;31/08/2018;1200;0;;19.3;;
83648;01/09/2018;0000;;28.9;;;
83648;01/09/2018;1200;0;;20.5;;
83648;02/09/2018;0000;;29;;;
83648;02/09/2018;1200;0;;21.6;;
83648;03/09/2018;0000;;30.7;;;
83648;03/09/2018;1200;0;;21.4;;
83648;04/09/2018;0000;;30.9;;;
83648;04/09/2018;1200;0;;23;;
83648;05/09/2018;0000;;24.9;;;
83648;05/09/2018;1200;14.2;;19.3;;
83648;06/09/2018;0000;;24.2;;;
83648;06/09/2018;1200;1.6;;19.2;;
83648;07/09/2018;0000;;24.8;;;
83648;07/09/2018;1200;0;;18.8;;
83648;08/09/2018;0000;;27.4;;;
83648;08/09/2018;1200;0;;18.9;;
83648;09/09/2018;0000;;27.5;;;
83648;09/09/2018;1200;0;;20.3;;
83648;10/09/2018;0000;;28.1;;;
83648;10/09/2018;1200;0;;20;;
83648;11/09/2018;0000;;27.3;;;
83648;11/09/2018;1200;0;;20.5;;
83648;12/09/2018;0000;;22.4;;;
83648;12/09/2018;1200;16.1;;19.5;;
83648;13/09/2018;0000;;22.8;;;
83648;13/09/2018;1200;0;;19.1;;
83648;14/09/2018;0000;;26;;;
83648;14/09/2018;1200;0;;19.5;;
83648;15/09/2018;0000;;27.7;;;
83648;15/09/2018;1200;0;;21.6;;
83648;16/09/2018;0000;;28.3;;;
83648;16/09/2018;1200;0;;21.1;;
83648;17/09/2018;0000;;25.3;;;
83648;17/09/2018;1200;0.6;;20.7;;
83648;18/09/2018;0000;;26;;;
83648;18/09/2018;1200;3.8;;21.4;;
83648;19/09/2018;0000;;32.5;;;
83648;19/09/2018;1200;3.4;;22.7;;
83648;20/09/2018;0000;;31.3;;;
83648;20/09/2018;1200;0;;23.6;;
83648;21/09/2018;0000;;30.1;;;
83648;21/09/2018;1200;0;;23.8;;
83648;22/09/2018;0000;;27.9;;;
83648;22/09/2018;1200;0;;22.8;;
83648;23/09/2018;0000;;28.3;;;
83648;23/09/2018;1200;0;;20.7;;
83648;24/09/2018;0000;;32.7;;;
83648;24/09/2018;1200;0;;22.6;;
83648;25/09/2018;0000;;30.9;;;
83648;25/09/2018;1200;0;;23.4;;
83648;26/09/2018;0000;;27.6;;;
83648;26/09/2018;1200;0;;23;;
83648;27/09/2018;0000;;32.7;;;
83648;27/09/2018;1200;0;;23.6;;
83648;28/09/2018;0000;;33.1;;;
83648;28/09/2018;1200;0;;22.6;;
83648;29/09/2018;0000;;28.3;;;
83648;29/09/2018;1200;0;;22.8;;
83648;30/09/2018;0000;;27.3;;;
83648;30/09/2018;1200;0;;23.1;;
83648;01/10/2018;0000;;30.7;;;
83648;01/10/2018;1200;0.1;;22.8;;
83648;02/10/2018;0000;;30.9;;;
83648;02/10/2018;1200;0;;24.3;;
83648;03/10/2018;0000;;31.7;;;
83648;03/10/2018;1200;0;;23.6;;
83648;04/10/2018;0000;;33;;;
83648;04/10/2018;1200;0;;24.3;;
83648;05/10/2018;0000;;28.3;;;
83648;05/10/2018;1200;0;;21.8;;
83648;06/10/2018;0000;;24.8;;;
83648;06/10/2018;1200;8.3;;20;;
83648;07/10/2018;0000;;24.2;;;
83648;07/10/2018;1200;8.6;;20.1;;
83648;08/10/2018;0000;;29;;;
83648;08/10/2018;1200;11.2;;21.6;;
83648;09/10/2018;0000;;32.2;;;
83648;09/10/2018;1200;0;;23.2;;
83648;10/10/2018;0000;;32.7;;;
83648;10/10/2018;1200;0;;24.3;;
83648;11/10/2018;0000;;31.9;;;
83648;11/10/2018;1200;0;;25.2;;
83648;12/10/2018;0000;;30;;;
83648;12/10/2018;1200;0;;24.4;;
83648;13/10/2018;0000;;32.3;;;
83648;13/10/2018;1200;0;;23.4;;
83648;14/10/2018;0000;;28.9;;;
83648;14/10/2018;1200;0;;23.6;;
83648;15/10/2018;0000;;28.7;;;
83648;15/10/2018;1200;0;;21.8;;
83648;16/10/2018;0000;;25.7;;;
83648;16/10/2018;1200;0;;22.2;;
83648;17/10/2018;0000;;24.8;;;
83648;17/10/2018;1200;15.7;;22.2;;
83648;18/10/2018;0000;;28.3;;;
83648;18/10/2018;1200;6.8;;22.9;;
83648;19/10/2018;0000;;30.7;;;
83648;19/10/2018;1200;1.2;;23.8;;
83648;20/10/2018;0000;;25;;;
83648;20/10/2018;1200;0.4;;20.8;;
83648;21/10/2018;0000;;24.4;;;
83648;21/10/2018;1200;0;;20;;
83648;22/10/2018;0000;;26;;;
83648;22/10/2018;1200;0;;19.5;;
83648;23/10/2018;0000;;29.5;;;
83648;23/10/2018;1200;0;;19.9;;
83648;24/10/2018;0000;;30.7;;;
83648;24/10/2018;1200;0;;23;;
83648;25/10/2018;0000;;25.3;;;
83648;25/10/2018;1200;2.1;;20.6;;
83648;26/10/2018;0000;;28.3;;;
83648;26/10/2018;1200;20.5;;20.5;;
83648;27/10/2018;0000;;31.9;;;
83648;27/10/2018;1200;80;;22.6;;
83648;28/10/2018;0000;;25;;;
83648;28/10/2018;1200;17.3;;22.4;;
83648;29/10/2018;0000;;25.3;;;
83648;29/10/2018;1200;0;;20.2;;
83648;30/10/2018;0000;;27.3;;;
83648;30/10/2018;1200;0;;20;;
83648;31/10/2018;0000;;27.9;;;
83648;31/10/2018;1200;7.6;;21.8;;
83648;01/11/2018;0000;;33.1;;;
83648;01/11/2018;1200;0;;22.8;;
83648;02/11/2018;0000;;28.3;;;
83648;02/11/2018;1200;0;;24;;
83648;03/11/2018;0000;;32.4;;;
83648;03/11/2018;1200;0;;21.9;;
83648;04/11/2018;0000;;32.9;;;
83648;04/11/2018;1200;0;;21.8;;
83648;05/11/2018;0000;;24.9;;;
83648;05/11/2018;1200;1.1;;21.1;;
83648;06/11/2018;0000;;26.3;;;
83648;06/11/2018;1200;49.1;;21.3;;
83648;07/11/2018;0000;;28.4;;;
83648;07/11/2018;1200;27.2;;21.4;;
83648;08/11/2018;0000;;24.8;;;
83648;08/11/2018;1200;4.3;;19.7;;
83648;09/11/2018;0000;;23.4;;0;
83648;09/11/2018;1200;;;19.5;;
83648;10/11/2018;0000;;22.8;;;
83648;10/11/2018;1200;20;;20.1;;
83648;11/11/2018;0000;;28.9;;;
83648;11/11/2018;1200;4.2;;20;;
83648;12/11/2018;0000;;29;;;
83648;12/11/2018;1200;0.2;;22.2;;
83648;13/11/2018;0000;;28.9;;;
83648;13/11/2018;1200;12.6;;23;;
83648;14/11/2018;0000;;30.9;;;
83648;14/11/2018;1200;8;;23.6;;
83648;15/11/2018;0000;;33.5;;;
83648;15/11/2018;1200;0;;24.6;;
83648;16/11/2018;0000;;32.3;;;
83648;16/11/2018;1200;0;;24.6;;
83648;17/11/2018;0000;;28;;;
83648;17/11/2018;1200;0;;24.4;;
83648;18/11/2018;0000;;28.9;;;
83648;18/11/2018;1200;0;;23.8;;
83648;19/11/2018;0000;;32.3;;;
83648;19/11/2018;1200;6;;24.6;;
83648;20/11/2018;0000;;26.9;;;
83648;20/11/2018;1200;1;;21.4;;
83648;21/11/2018;0000;;27.1;;;
83648;21/11/2018;1200;3.2;;21.1;;
83648;22/11/2018;0000;;26.3;;;
83648;22/11/2018;1200;0.6;;23.4;;
83648;23/11/2018;0000;;30.7;;;
83648;23/11/2018;1200;6.6;;23.3;;
83648;24/11/2018;0000;;29.7;;;
83648;24/11/2018;1200;0;;24.4;;
83648;25/11/2018;0000;;27.4;;;
83648;25/11/2018;1200;0.4;;23.9;;
83648;26/11/2018;0000;;30.7;;;
83648;26/11/2018;1200;0;;23.6;;
83648;27/11/2018;0000;;30.3;;;
83648;27/11/2018;1200;0.4;;23.1;;
83648;28/11/2018;0000;;30.3;;;
83648;28/11/2018;1200;0;;22.2;;
83648;29/11/2018;0000;;30.7;;;
83648;29/11/2018;1200;0;;22.1;;
83648;30/11/2018;0000;;34.3;;;
83648;30/11/2018;1200;0;;24.4;;
83648;01/12/2018;0000;;31.4;;;
83648;01/12/2018;1200;0;;24.8;;
83648;02/12/2018;0000;;31.9;;;
83648;02/12/2018;1200;0.2;;23.2;;
83648;03/12/2018;0000;;25.9;;;
83648;03/12/2018;1200;32.5;;22;;
83648;04/12/2018;0000;;29.3;;;
83648;04/12/2018;1200;1.2;;21.6;;
83648;05/12/2018;0000;;31.5;;;
83648;05/12/2018;1200;0;;21.6;;
83648;06/12/2018;0000;;29.5;;;
83648;06/12/2018;1200;0;;24.8;;
83648;07/12/2018;0000;;30.4;;;
83648;07/12/2018;1200;0;;24;;
83648;08/12/2018;0000;;24.6;;;
83648;08/12/2018;1200;33.7;;19.5;;
83648;09/12/2018;0000;;26.5;;;
83648;09/12/2018;1200;7.4;;19.3;;
83648;10/12/2018;0000;;28.5;;;
83648;10/12/2018;1200;0;;22.2;;
83648;11/12/2018;0000;;29.9;;;
83648;11/12/2018;1200;0.6;;22.8;;
83648;12/12/2018;0000;;31.7;;;
83648;12/12/2018;1200;0.6;;23.2;;
83648;13/12/2018;0000;;34.7;;;
83648;13/12/2018;1200;0;;23.6;;
83648;14/12/2018;0000;;34.5;;;
83648;14/12/2018;1200;0;;24.6;;
83648;15/12/2018;0000;;32;;;
83648;15/12/2018;1200;0;;24.9;;
83648;16/12/2018;0000;;31.9;;;
83648;16/12/2018;1200;0;;24.6;;
83648;17/12/2018;0000;;32.5;;;
83648;17/12/2018;1200;0;;24.6;;
83648;18/12/2018;0000;;33.7;;;
83648;18/12/2018;1200;0;;24.8;;
83648;19/12/2018;0000;;34.3;;;
83648;19/12/2018;1200;0;;23.6;;
83648;20/12/2018;0000;;33.5;;;
83648;20/12/2018;1200;0;;25.4;;
83648;21/12/2018;0000;;33.2;;;
83648;21/12/2018;1200;0;;25.6;;
83648;22/12/2018;0000;;34.3;;;
83648;22/12/2018;1200;0;;25.6;;
83648;23/12/2018;0000;;34;;;
83648;23/12/2018;1200;0;;25.8;;
83648;24/12/2018;0000;;32.9;;;
83648;24/12/2018;1200;0;;25.6;;
83648;25/12/2018;0000;;29.4;;;
83648;25/12/2018;1200;1.6;;24.6;;
83648;26/12/2018;0000;;28.9;;;
83648;26/12/2018;1200;9.2;;23.2;;
83648;27/12/2018;0000;;26.7;;;
83648;27/12/2018;1200;4;;22.6;;
83648;28/12/2018;0000;;28.6;;;
83648;28/12/2018;1200;28.9;;21.8;;
83648;29/12/2018;0000;;29.3;;;
83648;29/12/2018;1200;27.5;;22.8;;
83648;30/12/2018;0000;;32.7;;0;
83648;30/12/2018;1200;21.6;;23.2;;
83648;31/12/2018;0000;;30.9;;;
83648;31/12/2018;1200;0.4;;24.3;;
83648;01/01/2019;0000;;32.7;;;
83648;01/01/2019;1200;0;;25.4;;
83648;02/01/2019;0000;;35.4;;;
83648;02/01/2019;1200;0;;25.4;;
83648;03/01/2019;0000;;34.7;;;
83648;03/01/2019;1200;0;;25.6;;
83648;04/01/2019;0000;;34.5;;;
83648;04/01/2019;1200;0;;24.8;;
83648;05/01/2019;0000;;33.4;;;
83648;05/01/2019;1200;0;;24.8;;
83648;06/01/2019;0000;;33.3;;;
83648;06/01/2019;1200;0;;24.6;;
83648;07/01/2019;0000;;32.3;;;
83648;07/01/2019;1200;0;;25.6;;
83648;08/01/2019;0000;;32.5;;;
83648;08/01/2019;1200;0;;25.4;;
83648;09/01/2019;0000;;32.5;;;
83648;09/01/2019;1200;0;;25.6;;
83648;10/01/2019;0000;;30.5;;;
83648;10/01/2019;1200;3.6;;24.4;;
83648;11/01/2019;0000;;31.7;;;
83648;11/01/2019;1200;3.8;;24.8;;
83648;12/01/2019;0000;;31.9;;;
83648;12/01/2019;1200;0;;24.6;;
83648;13/01/2019;0000;;32.5;;;
83648;13/01/2019;1200;0.2;;24.6;;
83648;14/01/2019;0000;;31.5;;;
83648;14/01/2019;1200;0.6;;25.4;;
83648;15/01/2019;0000;;33.9;;;
83648;15/01/2019;1200;0;;24.8;;
83648;16/01/2019;0000;;34.9;;;
83648;16/01/2019;1200;0;;26.4;;
83648;17/01/2019;0000;;35.6;;;
83648;17/01/2019;1200;0;;25.8;;
83648;18/01/2019;0000;;34.3;;;
83648;18/01/2019;1200;0;;25.8;;
83648;19/01/2019;0000;;34.5;;;
83648;19/01/2019;1200;0;;25.6;;
83648;20/01/2019;0000;;31.3;;;
83648;20/01/2019;1200;0;;26;;
83648;21/01/2019;0000;;34.3;;;
83648;21/01/2019;1200;0;;25.8;;
83648;22/01/2019;0000;;33.9;;;
83648;22/01/2019;1200;0;;25.8;;
83648;23/01/2019;0000;;34.3;;;
83648;23/01/2019;1200;0;;25;;
83648;24/01/2019;0000;;31.3;;;
83648;24/01/2019;1200;0;;25.6;;
83648;25/01/2019;0000;;33.3;;;
83648;25/01/2019;1200;0;;25.4;;
83648;26/01/2019;0000;;32.9;;;
83648;26/01/2019;1200;0;;25.8;;
83648;27/01/2019;0000;;32.7;;;
83648;27/01/2019;1200;0;;25.8;;
83648;28/01/2019;0000;;32.9;;;
83648;28/01/2019;1200;0;;26.4;;
83648;29/01/2019;0000;;34.3;;;
83648;29/01/2019;1200;0;;26;;
83648;30/01/2019;0000;;34.3;;;
83648;30/01/2019;1200;0;;25.8;;
83648;31/01/2019;0000;;34.5;;;
83648;31/01/2019;1200;0;;25.3;;
83648;01/02/2019;0000;;34.7;;;
83648;01/02/2019;1200;0;;25.8;;
83648;02/02/2019;0000;;34;;;
83648;02/02/2019;1200;0;;25.3;;
83648;03/02/2019;0000;;36;;;
83648;03/02/2019;1200;0;;25.6;;
83648;04/02/2019;0000;;33.5;;;
83648;04/02/2019;1200;0;;25.3;;
83648;05/02/2019;0000;;30.3;;;
83648;05/02/2019;1200;0;;23.2;;
83648;06/02/2019;0000;;31.5;;;
83648;06/02/2019;1200;5.4;;23;;
83648;07/02/2019;0000;;31.7;;;
83648;07/02/2019;1200;8.6;;22.6;;
83648;08/02/2019;0000;;34;;;
83648;08/02/2019;1200;73;;22.6;;
83648;09/02/2019;0000;;33.5;;;
83648;09/02/2019;1200;0.5;;25.4;;
83648;10/02/2019;0000;;34.1;;;
83648;10/02/2019;1200;0;;25.3;;
83648;11/02/2019;0000;;34.7;;;
83648;11/02/2019;1200;0;;26.6;;
83648;12/02/2019;0000;;35.9;;;
83648;12/02/2019;1200;0;;25.1;;
83648;13/02/2019;0000;;32.7;;;
83648;13/02/2019;1200;0;;23.6;;
83648;14/02/2019;0000;;28.2;;;
83648;14/02/2019;1200;15.6;;23.3;;
83648;15/02/2019;0000;;31.7;;;
83648;15/02/2019;1200;0;;24.4;;
83648;16/02/2019;0000;;33.4;;;
83648;16/02/2019;1200;0;;26.3;;
83648;17/02/2019;0000;;32;;;
83648;17/02/2019;1200;3.2;;25;;
83648;18/02/2019;0000;;35.6;;;
83648;18/02/2019;1200;0;;26.6;;
83648;19/02/2019;0000;;34.5;;;
83648;19/02/2019;1200;7.2;;23.8;;
83648;20/02/2019;0000;;36;;;
83648;20/02/2019;1200;0;;25.5;;
83648;21/02/2019;0000;;32.9;;;
83648;21/02/2019;1200;27.9;;25.4;;
83648;22/02/2019;0000;;34.5;;;
83648;22/02/2019;1200;0;;25.8;;
83648;23/02/2019;0000;;36.4;;;
83648;23/02/2019;1200;0;;26.8;;
83648;24/02/2019;0000;;37;;;
83648;24/02/2019;1200;0;;26.8;;
83648;25/02/2019;0000;;37.6;;;
83648;25/02/2019;1200;0;;27.4;;
83648;26/02/2019;0000;;35.8;;;
83648;26/02/2019;1200;0;;27.3;;
83648;27/02/2019;0000;;33.9;;;
83648;27/02/2019;1200;0;;25.4;;
83648;28/02/2019;0000;;36.5;;;
83648;28/02/2019;1200;0;;26.8;;
83648;01/03/2019;0000;;35.4;;;
83648;01/03/2019;1200;0;;26.8;;
83648;02/03/2019;0000;;33;;;
83648;02/03/2019;1200;0;;26.3;;
83648;03/03/2019;0000;;34.3;;;
83648;03/03/2019;1200;0;;26.6;;
83648;04/03/2019;0000;;33.4;;;
83648;04/03/2019;1200;0;;26.2;;
83648;05/03/2019;0000;;30.5;;;
83648;05/03/2019;1200;0;;26;;
83648;06/03/2019;0000;;33;;;
83648;06/03/2019;1200;8;;25.1;;
83648;07/03/2019;0000;;33.7;;;
83648;07/03/2019;1200;0;;25.4;;
83648;08/03/2019;0000;;33.4;;;
83648;08/03/2019;1200;1.6;;25.5;;
83648;09/03/2019;0000;;33.4;;;
83648;09/03/2019;1200;2.2;;26.4;;
83648;10/03/2019;0000;;36.1;;;
83648;10/03/2019;1200;0;;26.8;;
83648;11/03/2019;0000;;33.7;;;
83648;11/03/2019;1200;0;;26.4;;
83648;12/03/2019;0000;;34.3;;;
83648;12/03/2019;1200;0;;25.8;;
83648;13/03/2019;0000;;35.6;;;
83648;13/03/2019;1200;0;;26.6;;
83648;14/03/2019;0000;;37.2;;;
83648;14/03/2019;1200;0;;27.5;;
83648;15/03/2019;0000;;34.7;;;
83648;15/03/2019;1200;0.9;;26.6;;
83648;16/03/2019;0000;;33.5;;;
83648;16/03/2019;1200;0;;26.4;;
83648;17/03/2019;0000;;34.3;;;
83648;17/03/2019;1200;0;;26.4;;
83648;18/03/2019;0000;;36.2;;;
83648;18/03/2019;1200;0;;26.4;;
83648;19/03/2019;0000;;35.8;;5.65884;
83648;19/03/2019;1200;8.4;;25.4;;
83648;20/03/2019;0000;;33;;;
83648;20/03/2019;1200;0;;26.8;;
83648;21/03/2019;0000;;30.3;;;
83648;21/03/2019;1200;4.8;;25.8;;
83648;22/03/2019;0000;;26.4;;;
83648;22/03/2019;1200;1;;21.6;;
83648;23/03/2019;0000;;29.9;;;
83648;23/03/2019;1200;10.4;;21.8;;
83648;24/03/2019;0000;;30.3;;;
83648;24/03/2019;1200;14.8;;23.6;;
83648;25/03/2019;0000;;31.7;;;
83648;25/03/2019;1200;0;;24.8;;
83648;26/03/2019;0000;;31.5;;;
83648;26/03/2019;1200;0;;24;;
83648;27/03/2019;0000;;30.5;;;
83648;27/03/2019;1200;0;;24.4;;
83648;28/03/2019;0000;;30;;;
83648;28/03/2019;1200;4;;23.4;;
83648;29/03/2019;0000;;28.7;;;
83648;29/03/2019;1200;19.2;;23.2;;
83648;30/03/2019;0000;;29;;;
83648;30/03/2019;1200;0;;22.6;;

		
	
[Fechar] <#>
	
		

