--------------------
BDMEP - INMET
--------------------
Estação           : VOTUPORANGA - SP (OMM: 83623)
Latitude  (graus) : -20.41
Longitude (graus) : -49.98
Altitude  (metros): 502.50
Estação Operante
Inicio de operação: 05/07/1976
Periodo solicitado dos dados: 01/01/2018 a 30/03/2019
Os dados listados abaixo são os que encontram-se digitados no BDMEP
Hora em UTC
--------------------
Obs.: Os dados aparecem separados por ; (ponto e vírgula) no formato txt.
      Para o formato planilha XLS, siga as instruções <http://www.inmet.gov.br/projetos/rede/pesquisa/instrucao.html>
--------------------
Estacao;Data;Hora;Precipitacao;TempMaxima;TempMinima;Velocidade do Vento Media;
83623;01/01/2018;0000;;32.2;;;
83623;01/01/2018;1200;38;;15.4;;
83623;02/01/2018;0000;;31.8;;;
83623;02/01/2018;1200;3.4;;16.4;;
83623;03/01/2018;0000;;30.8;;;
83623;03/01/2018;1200;12.6;;16.4;;
83623;04/01/2018;0000;;32.2;;;
83623;04/01/2018;1200;0;;16.2;;
83623;05/01/2018;0000;;33.2;;;
83623;05/01/2018;1200;0;;18;;
83623;06/01/2018;0000;;30.6;;;
83623;06/01/2018;1200;15;;15.4;;
83623;07/01/2018;0000;;28.4;;;
83623;07/01/2018;1200;4.2;;16;;
83623;08/01/2018;0000;;27.2;;;
83623;08/01/2018;1200;44.2;;16.2;;
83623;09/01/2018;0000;;28;;;
83623;09/01/2018;1200;52;;15.2;;
83623;10/01/2018;0000;;32;;;
83623;10/01/2018;1200;0;;16.4;;
83623;11/01/2018;0000;;32;;;
83623;11/01/2018;1200;0;;17;;
83623;12/01/2018;0000;;29.4;;;
83623;12/01/2018;1200;2.6;;14.6;;
83623;15/01/2018;0000;;32.6;;0;
83623;15/01/2018;1200;32;;;;
83623;16/01/2018;0000;;31;;;
83623;16/01/2018;1200;0;;16.4;;
83623;17/01/2018;0000;;33.6;;;
83623;17/01/2018;1200;0;;16.8;;
83623;18/01/2018;0000;;32.8;;;
83623;18/01/2018;1200;0;;19;;
83623;19/01/2018;0000;;34.6;;;
83623;19/01/2018;1200;0;;16.8;;
83623;20/01/2018;0000;;36.4;;;
83623;20/01/2018;1200;0;;17.8;;
83623;22/01/2018;0000;;36.8;;;
83623;22/01/2018;1200;0;;21;;
83623;23/01/2018;0000;;37.2;;;
83623;23/01/2018;1200;0;;19.8;;
83623;24/01/2018;0000;;36.6;;;
83623;24/01/2018;1200;0;;19.4;;
83623;25/01/2018;0000;;34.8;;;
83623;25/01/2018;1200;0;;16.8;;
83623;26/01/2018;0000;;33.6;;;
83623;26/01/2018;1200;0;;16.2;;
83623;27/01/2018;0000;;33.6;;;
83623;27/01/2018;1200;3;;16.4;;
83623;28/01/2018;0000;;33.4;;;
83623;28/01/2018;1200;0;;18.6;;
83623;29/01/2018;0000;;32.4;;;
83623;29/01/2018;1200;3.2;;18;;
83623;30/01/2018;0000;;29.4;;;
83623;30/01/2018;1200;4.4;;17.8;;
83623;31/01/2018;0000;;29.6;;;
83623;31/01/2018;1200;0;;17.4;;
83623;01/02/2018;0000;;33.8;;;
83623;01/02/2018;1200;1.4;;14.4;;
83623;02/02/2018;0000;;33.4;;;
83623;02/02/2018;1200;0;;15.2;;
83623;03/02/2018;0000;;34.4;;;
83623;03/02/2018;1200;0;;16.8;;
83623;04/02/2018;0000;;32;;;
83623;04/02/2018;1200;0;;14.6;;
83623;05/02/2018;0000;;33.4;;;
83623;05/02/2018;1200;25;;14;;
83623;06/02/2018;0000;;32.6;;;
83623;06/02/2018;1200;0;;16.6;;
83623;07/02/2018;0000;;31.8;;;
83623;07/02/2018;1200;0;;17.4;;
83623;08/02/2018;0000;;33.6;;;
83623;08/02/2018;1200;9.6;;15.6;;
83623;09/02/2018;0000;;34.6;;;
83623;09/02/2018;1200;0;;16.8;;
83623;10/02/2018;0000;;32.4;;;
83623;10/02/2018;1200;32;;16.2;;
83623;11/02/2018;0000;;33.2;;;
83623;11/02/2018;1200;0;;17;;
83623;12/02/2018;0000;;33;;;
83623;12/02/2018;1200;0;;17.8;;
83623;13/02/2018;0000;;31;;;
83623;13/02/2018;1200;0;;16.4;;
83623;14/02/2018;0000;;27;;;
83623;14/02/2018;1200;30;;14.8;;
83623;15/02/2018;0000;;33.2;;;
83623;15/02/2018;1200;0;;14.6;;
83623;16/02/2018;0000;;33.4;;;
83623;16/02/2018;1200;0;;14.6;;
83623;17/02/2018;0000;;33;;;
83623;17/02/2018;1200;0;;14.2;;
83623;18/02/2018;0000;;28.8;;;
83623;18/02/2018;1200;0.4;;15.4;;
83623;19/02/2018;0000;;30.6;;;
83623;19/02/2018;1200;13;;15.4;;
83623;20/02/2018;0000;;28.4;;;
83623;20/02/2018;1200;18;;15.4;;
83623;21/02/2018;0000;;31.4;;;
83623;21/02/2018;1200;5.8;;16.4;;
83623;22/02/2018;0000;;33;;;
83623;22/02/2018;1200;0;;16.2;;
83623;23/02/2018;0000;;34;;;
83623;23/02/2018;1200;0;;14.8;;
83623;24/02/2018;0000;;32;;;
83623;24/02/2018;1200;0;;15.4;;
83623;25/02/2018;0000;;31.6;;;
83623;25/02/2018;1200;2.4;;16.6;;
83623;26/02/2018;0000;;28.8;;;
83623;26/02/2018;1200;3.4;;16;;
83623;27/02/2018;0000;;31.8;;;
83623;27/02/2018;1200;8;;15.4;;
83623;28/02/2018;0000;;32.4;;;
83623;28/02/2018;1200;9;;16.2;;
83623;01/03/2018;0000;;34;;;
83623;01/03/2018;1200;0;;16.6;;
83623;02/03/2018;0000;;32.4;;;
83623;02/03/2018;1200;0;;17.4;;
83623;03/03/2018;0000;;34.4;;;
83623;03/03/2018;1200;0;;18;;
83623;04/03/2018;0000;;35;;;
83623;04/03/2018;1200;0;;16.6;;
83623;05/03/2018;0000;;35.2;;;
83623;05/03/2018;1200;0;;18;;
83623;06/03/2018;0000;;33.4;;;
83623;06/03/2018;1200;0;;18;;
83623;07/03/2018;0000;;33.4;;;
83623;07/03/2018;1200;1;;16.4;;
83623;08/03/2018;0000;;32.8;;;
83623;08/03/2018;1200;0;;17.2;;
83623;09/03/2018;0000;;32.6;;;
83623;09/03/2018;1200;16.2;;17.4;;
83623;10/03/2018;0000;;31.4;;;
83623;10/03/2018;1200;20.4;;16.6;;
83623;11/03/2018;0000;;32.4;;;
83623;11/03/2018;1200;11.2;;17.4;;
83623;12/03/2018;0000;;35;;;
83623;12/03/2018;1200;0;;18.2;;
83623;13/03/2018;0000;;35.4;;;
83623;13/03/2018;1200;0;;19.2;;
83623;14/03/2018;0000;;36;;;
83623;14/03/2018;1200;0;;20;;
83623;15/03/2018;0000;;34.2;;;
83623;15/03/2018;1200;0;;20;;
83623;16/03/2018;0000;;34.6;;;
83623;16/03/2018;1200;0;;19.4;;
83623;17/03/2018;0000;;35;;;
83623;17/03/2018;1200;0;;18;;
83623;18/03/2018;0000;;35.4;;;
83623;18/03/2018;1200;0;;18.2;;
83623;19/03/2018;0000;;35;;;
83623;19/03/2018;1200;0;;18.4;;
83623;20/03/2018;0000;;34.2;;;
83623;20/03/2018;1200;0;;19;;
83623;21/03/2018;0000;;35.2;;;
83623;21/03/2018;1200;0;;17.4;;
83623;22/03/2018;0000;;34.8;;;
83623;22/03/2018;1200;0;;16.8;;
83623;23/03/2018;0000;;34.8;;;
83623;23/03/2018;1200;0;;18.8;;
83623;24/03/2018;0000;;33.6;;;
83623;24/03/2018;1200;0;;19.4;;
83623;25/03/2018;0000;;32.8;;;
83623;25/03/2018;1200;0;;17.4;;
83623;26/03/2018;0000;;31.4;;;
83623;26/03/2018;1200;0.6;;16.4;;
83623;27/03/2018;0000;;31.4;;;
83623;27/03/2018;1200;12;;15.4;;
83623;28/03/2018;0000;;33;;;
83623;28/03/2018;1200;0;;16.6;;
83623;29/03/2018;0000;;33.4;;;
83623;29/03/2018;1200;0;;15.6;;
83623;30/03/2018;0000;;34;;;
83623;30/03/2018;1200;0;;16;;
83623;31/03/2018;0000;;29;;;
83623;31/03/2018;1200;0;;17.4;;
83623;01/04/2018;0000;;31.4;;;
83623;01/04/2018;1200;0;;17.2;;
83623;02/04/2018;0000;;29.6;;;
83623;02/04/2018;1200;5.4;;16.2;;
83623;03/04/2018;0000;;30.8;;;
83623;03/04/2018;1200;0;;15.6;;
83623;04/04/2018;0000;;32.2;;;
83623;04/04/2018;1200;0;;15.6;;
83623;05/04/2018;0000;;32.6;;;
83623;05/04/2018;1200;0;;14.2;;
83623;06/04/2018;0000;;33.4;;;
83623;06/04/2018;1200;0;;15.2;;
83623;07/04/2018;0000;;33.6;;;
83623;07/04/2018;1200;0;;14.8;;
83623;08/04/2018;0000;;33.2;;;
83623;08/04/2018;1200;0;;14.4;;
83623;09/04/2018;0000;;33.2;;;
83623;09/04/2018;1200;0;;16;;
83623;10/04/2018;0000;;33.2;;;
83623;10/04/2018;1200;0;;16.4;;
83623;11/04/2018;0000;;33;;;
83623;11/04/2018;1200;0;;16.4;;
83623;12/04/2018;0000;;32;;;
83623;12/04/2018;1200;0;;15.6;;
83623;13/04/2018;0000;;32.2;;;
83623;13/04/2018;1200;0;;11.6;;
83623;14/04/2018;0000;;32.4;;;
83623;14/04/2018;1200;0;;16.2;;
83623;15/04/2018;0000;;26.8;;;
83623;15/04/2018;1200;34;;14.8;;
83623;16/04/2018;0000;;28.4;;;
83623;16/04/2018;1200;0;;13;;
83623;17/04/2018;0000;;27.8;;;
83623;17/04/2018;1200;0;;17.4;;
83623;18/04/2018;0000;;30;;;
83623;18/04/2018;1200;0;;19;;
83623;19/04/2018;0000;;30;;;
83623;19/04/2018;1200;0;;20;;
83623;20/04/2018;0000;;31;;;
83623;20/04/2018;1200;0;;17.4;;
83623;21/04/2018;0000;;30.2;;;
83623;21/04/2018;1200;0;;17.8;;
83623;22/04/2018;0000;;30.8;;;
83623;22/04/2018;1200;0;;13.4;;
83623;23/04/2018;0000;;32;;;
83623;23/04/2018;1200;0;;18.6;;
83623;24/04/2018;0000;;32.2;;;
83623;24/04/2018;1200;0;;17;;
83623;25/04/2018;0000;;32.4;;;
83623;25/04/2018;1200;0;;18.8;;
83623;26/04/2018;0000;;32.8;;;
83623;26/04/2018;1200;0;;19.6;;
83623;27/04/2018;0000;;33.4;;;
83623;27/04/2018;1200;0;;20.4;;
83623;28/04/2018;0000;;32.2;;;
83623;28/04/2018;1200;0;;20.4;;
83623;29/04/2018;0000;;32.6;;;
83623;29/04/2018;1200;0;;20.4;;
83623;30/04/2018;0000;;32.8;;;
83623;30/04/2018;1200;0;;20;;
83623;01/05/2018;0000;;33.6;;;
83623;01/05/2018;1200;0;;17.8;;
83623;02/05/2018;0000;;32.4;;;
83623;02/05/2018;1200;0;;20;;
83623;03/05/2018;0000;;33.2;;;
83623;03/05/2018;1200;0;;20;;
83623;04/05/2018;0000;;34;;;
83623;04/05/2018;1200;0;;20.2;;
83623;05/05/2018;0000;;34.4;;;
83623;05/05/2018;1200;0;;20.2;;
83623;06/05/2018;0000;;33.6;;;
83623;06/05/2018;1200;0;;20.4;;
83623;07/05/2018;0000;;31.8;;;
83623;07/05/2018;1200;0;;16.4;;
83623;08/05/2018;0000;;31.4;;;
83623;08/05/2018;1200;0;;17.4;;
83623;09/05/2018;0000;;31;;;
83623;09/05/2018;1200;0;;17.8;;
83623;10/05/2018;0000;;31;;;
83623;10/05/2018;1200;0;;18.4;;
83623;11/05/2018;0000;;32;;;
83623;11/05/2018;1200;0;;18.8;;
83623;12/05/2018;0000;;30.4;;;
83623;12/05/2018;1200;0;;13.6;;
83623;13/05/2018;0000;;29.8;;;
83623;13/05/2018;1200;0;;12.8;;
83623;14/05/2018;0000;;31.4;;;
83623;14/05/2018;1200;0;;13.8;;
83623;15/05/2018;0000;;32.2;;;
83623;15/05/2018;1200;0;;18.6;;
83623;16/05/2018;0000;;30.6;;;
83623;16/05/2018;1200;0;;15.6;;
83623;17/05/2018;0000;;29.8;;;
83623;17/05/2018;1200;4.6;;15.4;;
83623;18/05/2018;0000;;32.4;;;
83623;18/05/2018;1200;0;;18.6;;
83623;19/05/2018;0000;;28.4;;;
83623;19/05/2018;1200;5;;9.6;;
83623;20/05/2018;0000;;27.4;;;
83623;20/05/2018;1200;5.4;;7.4;;
83623;21/05/2018;0000;;25.4;;;
83623;21/05/2018;1200;0;;9.2;;
83623;22/05/2018;0000;;28.6;;;
83623;22/05/2018;1200;0;;7.4;;
83623;23/05/2018;0000;;28;;;
83623;23/05/2018;1200;0;;7;;
83623;24/05/2018;0000;;30.8;;;
83623;24/05/2018;1200;0;;6.8;;
83623;25/05/2018;0000;;30;;;
83623;25/05/2018;1200;0;;10;;
83623;26/05/2018;0000;;30;;;
83623;26/05/2018;1200;0;;12;;
83623;27/05/2018;0000;;30;;;
83623;27/05/2018;1200;0;;13.6;;
83623;28/05/2018;0000;;29;;;
83623;28/05/2018;1200;0;;12.2;;
83623;29/05/2018;0000;;29.2;;;
83623;29/05/2018;1200;0;;13.4;;
83623;30/05/2018;0000;;28.8;;;
83623;30/05/2018;1200;0;;12.8;;
83623;31/05/2018;0000;;29.4;;;
83623;31/05/2018;1200;0;;12.8;;
83623;01/06/2018;0000;;30.2;;;
83623;01/06/2018;1200;0;;13.2;;
83623;02/06/2018;0000;;30.6;;;
83623;02/06/2018;1200;0;;14;;
83623;03/06/2018;0000;;30.4;;;
83623;03/06/2018;1200;0;;13;;
83623;04/06/2018;0000;;29;;;
83623;04/06/2018;1200;0;;11.6;;
83623;05/06/2018;0000;;30.4;;;
83623;05/06/2018;1200;0;;11;;
83623;06/06/2018;0000;;27.6;;;
83623;06/06/2018;1200;0;;13.2;;
83623;07/06/2018;0000;;27.8;;;
83623;07/06/2018;1200;0;;13.8;;
83623;08/06/2018;0000;;24.4;;;
83623;08/06/2018;1200;0;;9.6;;
83623;09/06/2018;0000;;27;;;
83623;09/06/2018;1200;0;;11.2;;
83623;10/06/2018;0000;;32.4;;;
83623;10/06/2018;1200;0;;14.2;;
83623;11/06/2018;0000;;31.6;;;
83623;11/06/2018;1200;0;;17.6;;
83623;12/06/2018;0000;;32;;;
83623;12/06/2018;1200;0;;17;;
83623;13/06/2018;0000;;31.6;;;
83623;13/06/2018;1200;1;;16;;
83623;14/06/2018;0000;;29.6;;;
83623;14/06/2018;1200;0;;12.4;;
83623;15/06/2018;0000;;28.6;;;
83623;15/06/2018;1200;0;;11.6;;
83623;16/06/2018;0000;;27.6;;;
83623;16/06/2018;1200;0;;10.6;;
83623;17/06/2018;0000;;28.8;;;
83623;17/06/2018;1200;0;;9.4;;
83623;18/06/2018;0000;;28;;;
83623;18/06/2018;1200;0;;11.4;;
83623;19/06/2018;0000;;29.6;;;
83623;19/06/2018;1200;0;;10.6;;
83623;20/06/2018;0000;;29.6;;;
83623;20/06/2018;1200;0;;13.8;;
83623;21/06/2018;0000;;30.8;;;
83623;21/06/2018;1200;0;;13.6;;
83623;22/06/2018;0000;;31.2;;;
83623;22/06/2018;1200;0;;13;;
83623;23/06/2018;0000;;30.6;;;
83623;23/06/2018;1200;0;;16.4;;
83623;24/06/2018;0000;;32.6;;;
83623;24/06/2018;1200;0;;17;;
83623;25/06/2018;0000;;32;;;
83623;25/06/2018;1200;0;;13.8;;
83623;26/06/2018;0000;;32.4;;;
83623;26/06/2018;1200;0;;14;;
83623;27/06/2018;0000;;32.8;;;
83623;27/06/2018;1200;0;;14.6;;
83623;28/06/2018;0000;;31.8;;;
83623;28/06/2018;1200;0;;17.4;;
83623;29/06/2018;0000;;31.6;;;
83623;29/06/2018;1200;0;;14.8;;
83623;30/06/2018;0000;;31.4;;;
83623;30/06/2018;1200;0;;14.2;;
83623;01/07/2018;0000;;31.6;;;
83623;01/07/2018;1200;0;;17.8;;
83623;02/07/2018;0000;;32.6;;;
83623;02/07/2018;1200;0;;15.2;;
83623;03/07/2018;0000;;32.4;;;
83623;03/07/2018;1200;0;;14.8;;
83623;04/07/2018;0000;;32.4;;;
83623;04/07/2018;1200;0;;12.2;;
83623;05/07/2018;0000;;32.4;;;
83623;05/07/2018;1200;0;;14.8;;
83623;06/07/2018;0000;;30.8;;;
83623;06/07/2018;1200;0;;14.2;;
83623;07/07/2018;0000;;31;;;
83623;07/07/2018;1200;0;;13.8;;
83623;08/07/2018;0000;;32.2;;;
83623;08/07/2018;1200;0;;13.4;;
83623;09/07/2018;0000;;26.2;;;
83623;09/07/2018;1200;0;;11.8;;
83623;10/07/2018;0000;;22.8;;;
83623;10/07/2018;1200;0;;8.4;;
83623;11/07/2018;0000;;24;;;
83623;11/07/2018;1200;0;;4.8;;
83623;12/07/2018;0000;;27.4;;;
83623;12/07/2018;1200;0;;4.8;;
83623;13/07/2018;0000;;31;;;
83623;13/07/2018;1200;0;;9.6;;
83623;14/07/2018;0000;;32;;;
83623;14/07/2018;1200;0;;14.6;;
83623;15/07/2018;0000;;33.4;;;
83623;15/07/2018;1200;0;;15.6;;
83623;16/07/2018;0000;;33;;;
83623;16/07/2018;1200;0;;14.2;;
83623;17/07/2018;0000;;31.4;;;
83623;17/07/2018;1200;0;;14.2;;
83623;18/07/2018;0000;;31.8;;;
83623;18/07/2018;1200;0;;14.6;;
83623;19/07/2018;0000;;32;;;
83623;19/07/2018;1200;0;;14.6;;
83623;20/07/2018;0000;;32.2;;;
83623;20/07/2018;1200;0;;14.8;;
83623;21/07/2018;0000;;31.6;;;
83623;21/07/2018;1200;0;;12.4;;
83623;22/07/2018;0000;;31.8;;;
83623;22/07/2018;1200;0;;11.8;;
83623;23/07/2018;0000;;31.8;;;
83623;23/07/2018;1200;0;;15.2;;
83623;24/07/2018;0000;;30.4;;;
83623;24/07/2018;1200;0;;16;;
83623;25/07/2018;0000;;30.4;;;
83623;25/07/2018;1200;0;;11.2;;
83623;26/07/2018;0000;;30.8;;;
83623;26/07/2018;1200;0;;15.2;;
83623;27/07/2018;0000;;31.2;;;
83623;27/07/2018;1200;0;;14.4;;
83623;28/07/2018;0000;;31.8;;;
83623;28/07/2018;1200;0;;14.6;;
83623;29/07/2018;0000;;33.6;;;
83623;29/07/2018;1200;0;;14.8;;
83623;30/07/2018;0000;;33.4;;;
83623;30/07/2018;1200;0;;14.6;;
83623;31/07/2018;0000;;30.6;;;
83623;31/07/2018;1200;2;;13.4;;
83623;01/08/2018;0000;;28.4;;;
83623;01/08/2018;1200;0;;13;;
83623;02/08/2018;0000;;31;;;
83623;02/08/2018;1200;0;;12.6;;
83623;03/08/2018;0000;;28;;;
83623;03/08/2018;1200;0;;12.6;;
83623;04/08/2018;0000;;27.8;;;
83623;04/08/2018;1200;4;;12.8;;
83623;05/08/2018;0000;;27.6;;0;
83623;05/08/2018;1200;0;;14.4;;
83623;06/08/2018;0000;;21;;;
83623;06/08/2018;1200;0;;12.6;;
83623;07/08/2018;0000;;26.6;;;
83623;07/08/2018;1200;8.8;;11.8;;
83623;08/08/2018;0000;;31.8;;;
83623;08/08/2018;1200;0;;12.8;;
83623;09/08/2018;0000;;29.8;;;
83623;09/08/2018;1200;1.8;;13.8;;
83623;10/08/2018;0000;;27;;;
83623;10/08/2018;1200;0;;5.6;;
83623;11/08/2018;0000;;26;;;
83623;11/08/2018;1200;0;;5.6;;
83623;12/08/2018;0000;;29.4;;;
83623;12/08/2018;1200;0;;8.6;;
83623;13/08/2018;0000;;31;;;
83623;13/08/2018;1200;0;;6.8;;
83623;14/08/2018;0000;;33.8;;;
83623;14/08/2018;1200;0;;8.8;;
83623;15/08/2018;0000;;33.6;;;
83623;15/08/2018;1200;0;;11.2;;
83623;16/08/2018;0000;;24;;;
83623;16/08/2018;1200;0;;10.2;;
83623;17/08/2018;0000;;30.6;;;
83623;17/08/2018;1200;0;;11.6;;
83623;18/08/2018;0000;;32;;;
83623;18/08/2018;1200;0;;11.6;;
83623;19/08/2018;0000;;33;;;
83623;19/08/2018;1200;0;;16;;
83623;20/08/2018;0000;;33.8;;;
83623;20/08/2018;1200;0;;16.4;;
83623;21/08/2018;0000;;33.2;;;
83623;21/08/2018;1200;0;;17.4;;
83623;22/08/2018;0000;;31.4;;;
83623;22/08/2018;1200;0;;14;;
83623;23/08/2018;0000;;34.2;;;
83623;23/08/2018;1200;0;;15.4;;
83623;24/08/2018;0000;;32.6;;;
83623;24/08/2018;1200;0;;18.2;;
83623;25/08/2018;0000;;30.4;;;
83623;25/08/2018;1200;2.4;;15.8;;
83623;26/08/2018;0000;;27.8;;;
83623;26/08/2018;1200;0;;10.6;;
83623;27/08/2018;0000;;31.2;;;
83623;27/08/2018;1200;0;;8.6;;
83623;28/08/2018;0000;;33.2;;;
83623;28/08/2018;1200;0;;13;;
83623;29/08/2018;0000;;33.2;;;
83623;29/08/2018;1200;0;;15.8;;
83623;30/08/2018;0000;;33.8;;;
83623;30/08/2018;1200;0;;16.6;;
83623;31/08/2018;0000;;35;;;
83623;31/08/2018;1200;0;;17.8;;
83623;01/09/2018;0000;;36.8;;;
83623;01/09/2018;1200;0;;20.2;;
83623;02/09/2018;0000;;36.8;;;
83623;02/09/2018;1200;0;;17.4;;
83623;03/09/2018;0000;;24;;;
83623;03/09/2018;1200;3;;10.6;;
83623;04/09/2018;0000;;23.8;;;
83623;04/09/2018;1200;0;;7.8;;
83623;05/09/2018;0000;;27.4;;;
83623;05/09/2018;1200;0;;13.8;;
83623;06/09/2018;0000;;31;;;
83623;06/09/2018;1200;0;;8.4;;
83623;07/09/2018;0000;;35.6;;;
83623;07/09/2018;1200;0;;12.4;;
83623;08/09/2018;0000;;36.4;;;
83623;08/09/2018;1200;0;;14;;
83623;09/09/2018;0000;;35.8;;;
83623;09/09/2018;1200;0;;17.6;;
83623;10/09/2018;0000;;36.2;;;
83623;10/09/2018;1200;0;;14.6;;
83623;11/09/2018;0000;;36.2;;;
83623;11/09/2018;1200;0;;12.8;;
83623;12/09/2018;0000;;36.2;;;
83623;12/09/2018;1200;0;;12.6;;
83623;13/09/2018;0000;;37.6;;;
83623;13/09/2018;1200;0;;14.2;;
83623;14/09/2018;0000;;29.2;;;
83623;14/09/2018;1200;0;;14;;
83623;15/09/2018;0000;;26;;;
83623;15/09/2018;1200;14;;15.2;;
83623;16/09/2018;0000;;30.2;;;
83623;16/09/2018;1200;0;;12.6;;
83623;17/09/2018;0000;;23.2;;;
83623;17/09/2018;1200;30.4;;16.2;;
83623;18/09/2018;0000;;26.2;;;
83623;18/09/2018;1200;14.2;;16;;
83623;19/09/2018;0000;;33.2;;;
83623;19/09/2018;1200;3.2;;17.4;;
83623;20/09/2018;0000;;31;;;
83623;20/09/2018;1200;0;;14.2;;
83623;21/09/2018;0000;;32.6;;;
83623;21/09/2018;1200;1.8;;14;;
83623;22/09/2018;0000;;35.8;;;
83623;22/09/2018;1200;0;;18.4;;
83623;23/09/2018;0000;;36.8;;;
83623;23/09/2018;1200;0;;17;;
83623;24/09/2018;0000;;39;;;
83623;24/09/2018;1200;0;;16.2;;
83623;25/09/2018;0000;;38;;;
83623;25/09/2018;1200;0;;18;;
83623;26/09/2018;0000;;37.4;;;
83623;26/09/2018;1200;0;;19.2;;
83623;27/09/2018;0000;;32.6;;;
83623;27/09/2018;1200;0;;19.4;;
83623;28/09/2018;0000;;34.8;;;
83623;28/09/2018;1200;0;;17.8;;
83623;29/09/2018;0000;;32;;;
83623;29/09/2018;1200;0;;17.4;;
83623;30/09/2018;0000;;28.2;;;
83623;30/09/2018;1200;0;;17.6;;
83623;01/10/2018;0000;;31.8;;;
83623;01/10/2018;1200;5.4;;16.8;;
83623;02/10/2018;0000;;34.6;;;
83623;02/10/2018;1200;0;;18.4;;
83623;03/10/2018;0000;;36.8;;;
83623;03/10/2018;1200;0;;19.6;;
83623;04/10/2018;0000;;36.8;;;
83623;04/10/2018;1200;0;;19.2;;
83623;05/10/2018;0000;;35.6;;;
83623;05/10/2018;1200;0;;16.6;;
83623;06/10/2018;0000;;33.8;;;
83623;06/10/2018;1200;0;;17.8;;
83623;07/10/2018;0000;;33;;;
83623;07/10/2018;1200;0;;17.8;;
83623;08/10/2018;0000;;32;;;
83623;08/10/2018;1200;2.8;;18.6;;
83623;09/10/2018;0000;;33;;;
83623;09/10/2018;1200;25;;17.2;;
83623;10/10/2018;0000;;30;;;
83623;10/10/2018;1200;16.2;;17.2;;
83623;11/10/2018;0000;;31;;;
83623;11/10/2018;1200;2;;18.4;;
83623;12/10/2018;0000;;35.2;;;
83623;12/10/2018;1200;0;;17;;
83623;13/10/2018;0000;;35;;;
83623;13/10/2018;1200;0;;19;;
83623;14/10/2018;0000;;32.2;;;
83623;14/10/2018;1200;7.4;;19.2;;
83623;15/10/2018;0000;;33;;;
83623;15/10/2018;1200;10;;19;;
83623;16/10/2018;0000;;35.4;;;
83623;16/10/2018;1200;0;;21;;
83623;17/10/2018;0000;;33.4;;;
83623;17/10/2018;1200;1.8;;19.8;;
83623;18/10/2018;0000;;35.6;;;
83623;18/10/2018;1200;0;;19.2;;
83623;19/10/2018;0000;;33;;;
83623;19/10/2018;1200;1;;16.8;;
83623;20/10/2018;0000;;31.4;;;
83623;20/10/2018;1200;0;;14.4;;
83623;21/10/2018;0000;;32.2;;;
83623;21/10/2018;1200;0;;11.8;;
83623;22/10/2018;0000;;33.8;;;
83623;22/10/2018;1200;0;;15.2;;
83623;23/10/2018;0000;;34;;;
83623;23/10/2018;1200;0;;18.2;;
83623;24/10/2018;0000;;30.4;;;
83623;24/10/2018;1200;17.2;;17.2;;
83623;25/10/2018;0000;;28;;;
83623;25/10/2018;1200;4.5;;18.4;;
83623;26/10/2018;0000;;31.4;;;
83623;26/10/2018;1200;7;;18.4;;
83623;27/10/2018;0000;;28;;;
83623;27/10/2018;1200;19;;17.6;;
83623;28/10/2018;0000;;31;;;
83623;28/10/2018;1200;1;;15.8;;
83623;29/10/2018;0000;;31.8;;;
83623;29/10/2018;1200;0;;14;;
83623;30/10/2018;0000;;36.4;;;
83623;30/10/2018;1200;0;;16.8;;
83623;31/10/2018;0000;;36.4;;;
83623;31/10/2018;1200;0;;20.4;;
83623;01/11/2018;0000;;34.4;;;
83623;01/11/2018;1200;1;;17.4;;
83623;02/11/2018;0000;;32.4;;;
83623;02/11/2018;1200;0;;18;;
83623;03/11/2018;0000;;34.8;;;
83623;03/11/2018;1200;0;;18.4;;
83623;04/11/2018;0000;;34.2;;;
83623;04/11/2018;1200;19.2;;16;;
83623;05/11/2018;0000;;31.6;;;
83623;05/11/2018;1200;0;;16.2;;
83623;06/11/2018;0000;;31.4;;;
83623;06/11/2018;1200;0;;15.2;;
83623;07/11/2018;0000;;26.8;;;
83623;07/11/2018;1200;0;;15.4;;
83623;08/11/2018;0000;;22.4;;;
83623;08/11/2018;1200;41;;14.4;;
83623;09/11/2018;0000;;22.2;;;
83623;09/11/2018;1200;9;;14.4;;
83623;10/11/2018;0000;;29.4;;;
83623;10/11/2018;1200;19;;16;;
83623;12/11/2018;0000;;34.6;;;
83623;12/11/2018;1200;0;;;;
83623;13/11/2018;0000;;35.2;;;
83623;13/11/2018;1200;0;;20;;
83623;14/11/2018;0000;;31;;0;
83623;14/11/2018;1200;0;;19.2;;
83623;15/11/2018;0000;;34.4;;;
83623;15/11/2018;1200;0;;18;;
83623;16/11/2018;0000;;35.4;;;
83623;16/11/2018;1200;0;;19.2;;
83623;17/11/2018;0000;;32.2;;;
83623;17/11/2018;1200;2;;18;;
83623;18/11/2018;1200;0;;;;
83623;19/11/2018;0000;;29.2;;0;
83623;19/11/2018;1200;27;;;;
83623;20/11/2018;0000;;27.2;;;
83623;20/11/2018;1200;1.6;;14.2;;
83623;21/11/2018;0000;;30;;;
83623;21/11/2018;1200;0;;14.4;;
83623;22/11/2018;0000;;32.2;;;
83623;22/11/2018;1200;0;;17.8;;
83623;23/11/2018;0000;;28.2;;;
83623;23/11/2018;1200;19;;15.4;;
83623;24/11/2018;0000;;27.4;;;
83623;24/11/2018;1200;38;;16.8;;
83623;25/11/2018;1200;1.6;;;;
83623;26/11/2018;0000;;31;;;
83623;26/11/2018;1200;0;;20.6;;
83623;27/11/2018;0000;;32.2;;;
83623;27/11/2018;1200;1;;15.4;;
83623;28/11/2018;0000;;33.3;;;
83623;28/11/2018;1200;0;;18.2;;
83623;29/11/2018;0000;;34.2;;;
83623;29/11/2018;1200;0;;19;;
83623;30/11/2018;0000;;31.8;;;
83623;30/11/2018;1200;0;;18.4;;
83623;01/12/2018;0000;;30.4;;;
83623;01/12/2018;1200;29.2;;17.6;;
83623;02/12/2018;0000;;29;;;
83623;02/12/2018;1200;43.4;;18.2;;
83623;03/12/2018;0000;;31;;;
83623;03/12/2018;1200;0;;16.6;;
83623;04/12/2018;0000;;34;;;
83623;04/12/2018;1200;0;;18.2;;
83623;05/12/2018;0000;;35;;;
83623;05/12/2018;1200;0;;19;;
83623;06/12/2018;0000;;36.2;;;
83623;06/12/2018;1200;0;;18.2;;
83623;07/12/2018;0000;;34;;;
83623;07/12/2018;1200;0;;17.6;;
83623;08/12/2018;0000;;31.2;;;
83623;08/12/2018;1200;0;;14.6;;
83623;09/12/2018;0000;;33.4;;;
83623;09/12/2018;1200;0;;12;;
83623;10/12/2018;0000;;32.6;;;
83623;10/12/2018;1200;0;;18;;
83623;11/12/2018;0000;;34.4;;;
83623;11/12/2018;1200;0;;18.6;;
83623;12/12/2018;0000;;35.8;;;
83623;12/12/2018;1200;0;;21;;
83623;13/12/2018;0000;;34.6;;;
83623;13/12/2018;1200;0;;17;;
83623;14/12/2018;0000;;36;;;
83623;14/12/2018;1200;0;;19.2;;
83623;15/12/2018;0000;;35.6;;;
83623;15/12/2018;1200;0;;18.8;;
83623;16/12/2018;0000;;36.8;;;
83623;16/12/2018;1200;0;;17.8;;
83623;17/12/2018;0000;;36.8;;;
83623;17/12/2018;1200;0;;19.6;;
83623;18/12/2018;0000;;35.8;;;
83623;18/12/2018;1200;0;;20.8;;
83623;19/12/2018;0000;;30.4;;3.08664;
83623;19/12/2018;1200;2.4;;17.4;;
83623;20/12/2018;0000;;37.6;;;
83623;20/12/2018;1200;0;;17.6;;
83623;21/12/2018;0000;;37.2;;;
83623;21/12/2018;1200;0;;20.2;;
83623;22/12/2018;0000;;37;;;
83623;22/12/2018;1200;3;;17.4;;
83623;23/12/2018;0000;;31.4;;;
83623;23/12/2018;1200;6.4;;16.4;;
83623;24/12/2018;0000;;32.4;;;
83623;24/12/2018;1200;0;;16.2;;
83623;25/12/2018;0000;;30.8;;;
83623;25/12/2018;1200;7.4;;17.4;;
83623;26/12/2018;0000;;31;;;
83623;26/12/2018;1200;0;;17.8;;
83623;27/12/2018;0000;;31.4;;;
83623;27/12/2018;1200;7.6;;18;;
83623;28/12/2018;0000;;32.6;;;
83623;28/12/2018;1200;0;;17.8;;
83623;29/12/2018;0000;;30.8;;;
83623;29/12/2018;1200;0;;19;;
83623;31/12/2018;0000;;33.4;;;
83623;31/12/2018;1200;0;;20.2;;
83623;01/01/2019;0000;;33.6;;;
83623;01/01/2019;1200;49;;15.8;;
83623;02/01/2019;0000;;34.2;;;
83623;02/01/2019;1200;6.2;;19.4;;
83623;03/01/2019;0000;;34.8;;;
83623;03/01/2019;1200;5.4;;19.4;;
83623;04/01/2019;0000;;32.6;;;
83623;04/01/2019;1200;0;;19.8;;
83623;05/01/2019;0000;;30.2;;;
83623;05/01/2019;1200;0;;17.6;;
83623;07/01/2019;0000;;33.4;;;
83623;07/01/2019;1200;0;;20.2;;
83623;08/01/2019;0000;;35.2;;;
83623;08/01/2019;1200;0;;18.4;;
83623;09/01/2019;0000;;35.2;;;
83623;09/01/2019;1200;0;;19.4;;
83623;10/01/2019;0000;;35.4;;;
83623;10/01/2019;1200;0;;19.8;;
83623;11/01/2019;0000;;33.8;;;
83623;11/01/2019;1200;0;;19.8;;
83623;12/01/2019;0000;;34.6;;;
83623;12/01/2019;1200;0;;17.8;;
83623;14/01/2019;0000;;36.6;;;
83623;14/01/2019;1200;0;;23.8;;
83623;15/01/2019;0000;;36.6;;;
83623;15/01/2019;1200;0;;18.4;;
83623;16/01/2019;0000;;36.6;;;
83623;16/01/2019;1200;0;;19.8;;
83623;17/01/2019;0000;;37.4;;;
83623;17/01/2019;1200;0;;17.8;;
83623;18/01/2019;0000;;34.8;;;
83623;18/01/2019;1200;17.6;;16.8;;
83623;19/01/2019;0000;;34.4;;;
83623;19/01/2019;1200;12;;15.8;;
83623;21/01/2019;0000;;36.4;;;
83623;21/01/2019;1200;0;;22.2;;
83623;22/01/2019;0000;;38.2;;;
83623;22/01/2019;1200;0;;19.2;;
83623;23/01/2019;0000;;38;;;
83623;23/01/2019;1200;0;;20;;
83623;24/01/2019;0000;;36.4;;;
83623;24/01/2019;1200;0;;16.2;;
83623;25/01/2019;0000;;36.4;;;
83623;25/01/2019;1200;38;;19.2;;
83623;26/01/2019;0000;;35.4;;;
83623;26/01/2019;1200;0;;17;;
83623;28/01/2019;0000;;35;;;
83623;28/01/2019;1200;5.2;;21;;
83623;29/01/2019;0000;;36;;;
83623;29/01/2019;1200;0;;19.4;;
83623;30/01/2019;0000;;37.4;;;
83623;30/01/2019;1200;0;;18.6;;
83623;31/01/2019;0000;;37;;;
83623;31/01/2019;1200;0;;18.8;;
83623;01/02/2019;0000;;38;;;
83623;01/02/2019;1200;0;;17.8;;
83623;02/02/2019;0000;;38.4;;;
83623;02/02/2019;1200;0;;18.8;;
83623;03/02/2019;0000;;36;;;
83623;03/02/2019;1200;17;;19.4;;
83623;04/02/2019;0000;;32.8;;;
83623;04/02/2019;1200;0;;16.8;;
83623;05/02/2019;0000;;30.8;;;
83623;05/02/2019;1200;0;;15.4;;
83623;06/02/2019;0000;;32;;;
83623;06/02/2019;1200;0;;17.8;;
83623;07/02/2019;0000;;34.8;;;
83623;07/02/2019;1200;1.4;;15.8;;
83623;08/02/2019;0000;;36.2;;;
83623;08/02/2019;1200;0;;18.2;;
83623;09/02/2019;0000;;36.4;;;
83623;09/02/2019;1200;0;;18.8;;
83623;10/02/2019;0000;;36.6;;;
83623;10/02/2019;1200;0;;20.2;;
83623;11/02/2019;0000;;33.4;;;
83623;11/02/2019;1200;0;;17.2;;
83623;12/02/2019;0000;;33.2;;;
83623;12/02/2019;1200;0;;17.4;;
83623;13/02/2019;0000;;32;;;
83623;13/02/2019;1200;6;;17.2;;
83623;14/02/2019;0000;;32;;;
83623;14/02/2019;1200;2;;16.4;;
83623;15/02/2019;0000;;30.2;;;
83623;15/02/2019;1200;30.4;;16.2;;
83623;16/02/2019;0000;;28.2;;;
83623;16/02/2019;1200;30;;17;;
83623;17/02/2019;0000;;30.8;;;
83623;17/02/2019;1200;0;;16.4;;
83623;18/02/2019;0000;;30.8;;;
83623;18/02/2019;1200;0;;17.2;;
83623;19/02/2019;0000;;32;;;
83623;19/02/2019;1200;3;;16;;
83623;20/02/2019;0000;;28.8;;;
83623;20/02/2019;1200;1;;15.6;;
83623;21/02/2019;0000;;32.2;;;
83623;21/02/2019;1200;4.8;;17.2;;
83623;22/02/2019;0000;;32.6;;;
83623;22/02/2019;1200;14;;16.2;;
83623;23/02/2019;0000;;33.6;;;
83623;23/02/2019;1200;0;;17.6;;
83623;24/02/2019;0000;;35;;1.02888;
83623;24/02/2019;1200;0;;19.4;;
83623;25/02/2019;0000;;35.2;;;
83623;25/02/2019;1200;0;;17.6;;
83623;26/02/2019;0000;;30.4;;;
83623;26/02/2019;1200;14;;14.8;;
83623;27/02/2019;0000;;30.6;;;
83623;27/02/2019;1200;48;;15.2;;
83623;28/02/2019;0000;;27;;;
83623;28/02/2019;1200;24;;16;;
83623;01/03/2019;0000;;29.2;;;
83623;01/03/2019;1200;1;;17.2;;
83623;02/03/2019;0000;;25.8;;;
83623;02/03/2019;1200;23;;17;;
83623;03/03/2019;0000;;30.6;;;
83623;03/03/2019;1200;7;;17.2;;
83623;04/03/2019;0000;;30.8;;;
83623;04/03/2019;1200;9;;16.4;;
83623;05/03/2019;0000;;30.4;;;
83623;05/03/2019;1200;3.8;;17.2;;
83623;06/03/2019;0000;;33;;;
83623;06/03/2019;1200;0;;17.6;;
83623;07/03/2019;0000;;33;;;
83623;07/03/2019;1200;0;;17.4;;
83623;08/03/2019;0000;;34.8;;;
83623;08/03/2019;1200;0;;17.4;;
83623;09/03/2019;0000;;34.6;;;
83623;09/03/2019;1200;0;;19.2;;
83623;10/03/2019;0000;;35.2;;;
83623;10/03/2019;1200;0;;17;;
83623;11/03/2019;0000;;32.6;;;
83623;11/03/2019;1200;1.2;;16.8;;
83623;12/03/2019;0000;;32.6;;;
83623;12/03/2019;1200;0;;16.4;;
83623;13/03/2019;0000;;32.2;;;
83623;13/03/2019;1200;4.7;;17.2;;
83623;14/03/2019;0000;;32.6;;;
83623;14/03/2019;1200;0;;18.4;;
83623;15/03/2019;0000;;31.6;;;
83623;15/03/2019;1200;0;;17.2;;
83623;16/03/2019;0000;;32.2;;;
83623;16/03/2019;1200;26.6;;17.4;;
83623;17/03/2019;0000;;33.2;;;
83623;17/03/2019;1200;0;;17.6;;
83623;18/03/2019;0000;;32;;;
83623;18/03/2019;1200;0;;17.4;;
83623;19/03/2019;0000;;33;;;
83623;19/03/2019;1200;29;;17.4;;
83623;20/03/2019;0000;;32.6;;;
83623;20/03/2019;1200;0;;16.8;;
83623;21/03/2019;0000;;30.6;;;
83623;21/03/2019;1200;7.2;;16.6;;
83623;22/03/2019;0000;;28.8;;;
83623;22/03/2019;1200;5.4;;12.8;;
83623;23/03/2019;0000;;31.4;;;
83623;23/03/2019;1200;0;;14.4;;
83623;24/03/2019;0000;;32.6;;;
83623;24/03/2019;1200;0;;15.8;;
83623;25/03/2019;0000;;33;;;
83623;25/03/2019;1200;0;;16.8;;
83623;26/03/2019;0000;;33.6;;;
83623;26/03/2019;1200;0;;18;;
83623;27/03/2019;0000;;33.6;;;
83623;27/03/2019;1200;0;;16.8;;
83623;28/03/2019;0000;;34;;;
83623;28/03/2019;1200;0;;16;;
83623;29/03/2019;0000;;33;;;
83623;29/03/2019;1200;0;;15.2;;
83623;30/03/2019;0000;;33.2;;;
83623;30/03/2019;1200;0;;14;;

		
	
[Fechar] <#>
	
		

